,pso
0,300
1,300
2,300
3,300
4,300
5,300
6,300
7,300
8,300
9,300
10,300
11,300
12,300
13,300
14,300
15,300
16,300
17,300
18,300
19,300
20,300
21,300
22,300
23,300
24,300
25,300
26,300
27,300
28,300
29,300
30,300
31,300
32,300
33,300
34,300
35,300
36,300
37,300
38,300
39,300
40,300
41,300
42,300
43,300
44,300
45,300
46,300
47,300
48,300
49,300
50,300
51,300
52,300
53,300
54,300
55,300
56,300
57,300
58,300
59,300
60,300
61,300
62,300
63,300
64,300
65,300
66,300
67,300
68,300
69,300
70,300
71,300
72,300
73,300
74,300
75,300
76,300
77,300
78,300
79,300
80,300
81,300
82,300
83,300
84,300
85,300
86,300
87,300
88,300
89,300
90,300
91,300
92,300
93,300
94,300
95,300
96,300
97,300
98,300
99,300
100,300
101,300
102,300
103,300
104,300
105,300
106,300
107,300
108,300
109,300
110,300
111,300
112,300
113,300
114,300
115,300
116,300
117,300
118,300
119,300
120,300
121,300
122,300
123,300
124,300
125,300
126,300
127,300
128,300
129,300
130,300
131,300
132,300
133,300
134,300
135,300
136,300
137,300
138,300
139,300
140,300
141,300
142,300
143,300
144,300
145,300
146,300
147,300
148,300
149,300
150,300
151,300
152,300
153,300
154,300
155,300
156,300
157,300
158,300
159,300
160,300
161,300
162,300
163,300
164,300
165,300
166,300
167,300
168,300
169,300
170,300
171,300
172,300
173,300
174,300
175,300
176,300
177,300
178,300
179,300
180,300
181,300
182,300
183,300
184,300
185,300
186,300
187,300
188,300
189,300
190,300
191,300
192,300
193,300
194,300
195,300
196,300
197,300
198,300
199,300
200,300
201,300
202,300
203,300
204,300
205,300
206,300
207,300
208,300
209,300
210,300
211,300
212,300
213,300
214,300
215,300
216,300
217,300
218,300
219,300
220,300
221,300
222,300
223,300
224,300
225,300
226,300
227,300
228,300
229,300
230,300
231,300
232,300
233,300
234,300
235,300
236,300
237,300
238,300
239,300
240,300
241,300
242,300
243,300
244,300
245,300
246,300
247,300
248,300
249,300
250,300
251,300
252,300
253,300
254,300
255,300
256,300
257,300
258,300
259,300
260,300
261,300
262,300
263,300
264,300
265,300
266,300
267,300
268,300
269,300
270,300
271,300
272,300
273,300
274,300
275,300
276,300
277,300
278,300
279,300
280,300
281,300
282,300
283,300
284,300
285,300
286,300
287,300
288,300
289,300
290,300
291,300
292,300
293,300
294,300
295,300
296,300
297,300
298,300
299,300
300,300
301,300
302,300
303,300
304,300
305,300
306,300
307,300
308,300
309,300
310,300
311,300
312,300
313,300
314,300
315,300
316,300
317,300
318,300
319,300
320,300
321,300
322,300
323,300
324,300
325,300
326,300
327,300
328,300
329,300
330,300
331,300
332,300
333,300
334,300
335,300
336,300
337,300
338,300
339,300
340,300
341,300
342,300
343,300
344,300
345,300
346,300
347,300
348,300
349,300
350,300
351,300
352,300
353,300
354,300
355,300
356,300
357,300
358,300
359,300
360,300
361,300
362,300
363,300
364,300
365,300
366,300
367,300
368,300
369,300
370,300
371,300
372,300
373,300
374,300
375,300
376,300
377,300
378,300
379,300
380,300
381,300
382,300
383,300
384,300
385,300
386,300
387,300
388,300
389,300
390,300
391,300
392,300
393,300
394,300
395,300
396,300
397,300
398,300
399,300
400,300
401,300
402,300
403,300
404,300
405,300
406,300
407,300
408,300
409,300
410,300
411,300
412,300
413,300
414,300
415,300
416,300
417,300
418,300
419,300
420,300
421,300
422,300
423,300
424,300
425,300
426,300
427,300
428,300
429,300
430,300
431,300
432,300
433,300
434,300
435,300
436,300
437,300
438,300
439,300
440,300
441,300
442,300
443,300
444,300
445,300
446,300
447,300
448,300
449,300
450,300
451,300
452,300
453,300
454,300
455,300
456,300
457,300
458,300
459,300
460,300
461,300
462,300
463,300
464,300
465,300
466,300
467,300
468,300
469,300
470,300
471,300
472,300
473,300
474,300
475,300
476,300
477,300
478,300
479,300
480,300
481,300
482,300
483,300
484,300
485,300
486,300
487,300
488,300
489,300
490,300
491,300
492,300
493,300
494,300
495,300
496,300
497,300
498,300
499,300
500,300
501,300
502,300
503,300
504,300
505,300
506,300
507,300
508,300
509,300
510,300
511,300
512,300
513,300
514,300
515,300
516,300
517,300
518,300
519,300
520,300
521,300
522,300
523,300
524,300
525,300
526,300
527,300
528,300
529,300
530,300
531,300
532,300
533,300
534,300
535,300
536,300
537,300
538,300
539,300
540,300
541,300
542,300
543,300
544,300
545,300
546,300
547,300
548,300
549,300
550,300
551,300
552,300
553,300
554,300
555,300
556,300
557,300
558,300
559,300
560,300
561,300
562,300
563,300
564,300
565,300
566,300
567,300
568,300
569,300
570,300
571,300
572,300
573,300
574,300
575,300
576,300
577,300
578,300
579,300
580,300
581,300
582,300
583,300
584,300
585,300
586,300
587,300
588,300
589,300
590,300
591,300
592,300
593,300
594,300
595,300
596,300
597,300
598,300
599,300
600,300
601,300
602,300
603,300
604,300
605,300
606,300
607,300
608,300
609,300
610,300
611,300
612,300
613,300
614,300
615,300
616,300
617,300
618,300
619,300
620,300
621,300
622,300
623,300
624,300
625,300
626,300
627,300
628,300
629,300
630,300
631,300
632,300
633,300
634,300
635,300
636,300
637,300
638,300
639,300
640,300
641,300
642,300
643,300
644,300
645,300
646,300
647,300
648,300
649,300
650,300
651,300
652,300
653,300
654,300
655,300
656,300
657,300
658,300
659,300
660,300
661,300
662,300
663,300
664,300
665,300
666,300
667,300
668,300
669,300
670,300
671,300
672,300
673,300
674,300
675,300
676,300
677,300
678,300
679,300
680,300
681,300
682,300
683,300
684,300
685,300
686,300
687,300
688,300
689,300
690,300
691,300
692,300
693,300
694,300
695,300
696,300
697,300
698,300
699,300
700,300
701,300
702,300
703,300
704,300
705,300
706,300
707,300
708,300
709,300
710,300
711,300
712,300
713,300
714,300
715,300
716,300
717,300
718,300
719,300
720,300
721,300
722,300
723,300
724,300
725,300
726,300
727,300
728,300
729,300
730,300
731,300
732,300
733,300
734,300
735,300
736,300
737,300
738,300
739,300
740,300
741,300
742,300
743,300
744,300
745,300
746,300
747,300
748,300
749,300
750,300
751,300
752,300
753,300
754,300
755,300
756,300
757,300
758,300
759,300
760,300
761,300
762,300
763,300
764,300
765,300
766,300
767,300
768,300
769,300
770,300
771,300
772,300
773,300
774,300
775,300
776,300
777,300
778,300
779,300
780,300
781,300
782,300
783,300
784,300
785,300
786,300
787,300
788,300
789,300
790,300
791,300
792,300
793,300
794,300
795,300
796,300
797,300
798,300
799,300
800,300
801,300
802,300
803,300
804,300
805,300
806,300
807,300
808,300
809,300
810,300
811,300
812,300
813,300
814,300
815,300
816,300
817,300
818,300
819,300
820,300
821,300
822,300
823,300
824,300
825,300
826,300
827,300
828,300
829,300
830,300
831,300
832,300
833,300
834,300
835,300
836,300
837,300
838,300
839,300
840,300
841,300
842,300
843,300
844,300
845,300
846,300
847,300
848,300
849,300
850,300
851,300
852,300
853,300
854,300
855,300
856,300
857,300
858,300
859,300
860,300
861,300
862,300
863,300
864,300
865,300
866,300
867,300
868,300
869,300
870,300
871,300
872,300
873,300
874,300
875,300
876,300
877,300
878,300
879,300
880,300
881,300
882,300
883,300
884,300
885,300
886,300
887,300
888,300
889,300
890,300
891,300
892,300
893,300
894,300
895,300
896,300
897,300
898,300
899,300
900,300
901,300
902,300
903,300
904,300
905,300
906,300
907,300
908,300
909,300
910,300
911,300
912,300
913,300
914,300
915,300
916,300
917,300
918,300
919,300
920,300
921,300
922,300
923,300
924,300
925,300
926,300
927,300
928,300
929,300
930,300
931,300
932,300
933,300
934,300
935,300
936,300
937,300
938,300
939,300
940,300
941,300
942,300
943,300
944,300
945,300
946,300
947,300
948,300
949,300
950,300
951,300
952,300
953,300
954,300
955,300
956,300
957,300
958,300
959,300
960,300
961,300
962,300
963,300
964,300
965,300
966,300
967,300
968,300
969,300
970,300
971,300
972,300
973,300
974,300
975,300
976,300
977,300
978,300
979,300
980,300
981,300
982,300
983,300
984,300
985,300
986,300
987,300
988,300
989,300
990,300
991,300
992,300
993,300
994,300
995,300
996,300
997,300
998,300
999,300
1000,300
1001,300
1002,300
1003,300
1004,300
1005,300
1006,300
1007,300
1008,300
1009,300
1010,300
1011,300
1012,300
1013,300
1014,300
1015,300
1016,300
1017,300
1018,300
1019,300
1020,300
1021,300
1022,300
1023,300
1024,300
1025,300
1026,300
1027,300
1028,300
1029,300
1030,300
1031,300
1032,300
1033,300
1034,300
1035,300
1036,300
1037,300
1038,300
1039,300
1040,300
1041,300
1042,300
1043,300
1044,300
1045,300
1046,300
1047,300
1048,300
1049,300
1050,300
1051,300
1052,300
1053,300
1054,300
1055,300
1056,300
1057,300
1058,300
1059,300
1060,300
1061,300
1062,300
1063,300
1064,300
1065,300
1066,300
1067,300
1068,300
1069,300
1070,300
1071,300
1072,300
1073,300
1074,300
1075,300
1076,300
1077,300
1078,300
1079,300
1080,300
1081,300
1082,300
1083,300
1084,300
1085,300
1086,300
1087,300
1088,300
1089,300
1090,300
1091,300
1092,300
1093,300
1094,300
1095,300
1096,300
1097,300
1098,300
1099,300
1100,300
1101,300
1102,300
1103,300
1104,300
1105,300
1106,300
1107,300
1108,300
1109,300
1110,300
1111,300
1112,300
1113,300
1114,300
1115,300
1116,300
1117,300
1118,300
1119,300
1120,300
1121,300
1122,300
1123,300
1124,300
1125,300
1126,300
1127,300
1128,300
1129,300
1130,300
1131,300
1132,300
1133,300
1134,300
1135,300
1136,300
1137,300
1138,300
1139,300
1140,300
1141,300
1142,300
1143,300
1144,300
1145,300
1146,300
1147,300
1148,300
1149,300
1150,300
1151,300
1152,300
1153,300
1154,300
1155,300
1156,300
1157,300
1158,300
1159,300
1160,300
1161,300
1162,300
1163,300
1164,300
1165,300
1166,300
1167,300
1168,300
1169,300
1170,300
1171,300
1172,300
1173,300
1174,300
1175,300
1176,300
1177,300
1178,300
1179,300
1180,300
1181,300
1182,300
1183,300
1184,300
1185,300
1186,300
1187,300
1188,300
1189,300
1190,300
1191,300
1192,300
1193,300
1194,300
1195,300
1196,300
1197,300
1198,300
1199,300
1200,300
1201,300
1202,300
1203,300
1204,300
1205,300
1206,300
1207,300
1208,300
1209,300
1210,300
1211,300
1212,300
1213,300
1214,300
1215,300
1216,300
1217,300
1218,300
1219,300
1220,300
1221,300
1222,300
1223,300
1224,300
1225,300
1226,300
1227,300
1228,300
1229,300
1230,300
1231,300
1232,300
1233,300
1234,300
1235,300
1236,300
1237,300
1238,300
1239,300
1240,300
1241,300
1242,300
1243,300
1244,300
1245,300
1246,300
1247,300
1248,300
1249,300
1250,300
1251,300
1252,300
1253,300
1254,300
1255,300
1256,300
1257,300
1258,300
1259,300
1260,300
1261,300
1262,300
1263,300
1264,300
1265,300
1266,300
1267,300
1268,300
1269,300
1270,300
1271,300
1272,300
1273,300
1274,300
1275,300
1276,300
1277,300
1278,300
1279,300
1280,300
1281,300
1282,300
1283,300
1284,300
1285,300
1286,300
1287,300
1288,300
1289,300
1290,300
1291,300
1292,300
1293,300
1294,300
1295,300
1296,300
1297,300
1298,300
1299,300
1300,300
1301,300
1302,300
1303,300
1304,300
1305,300
1306,300
1307,300
1308,300
1309,300
1310,300
1311,300
1312,300
1313,300
1314,300
1315,300
1316,300
1317,300
1318,300
1319,300
1320,300
1321,300
1322,300
1323,300
1324,300
1325,300
1326,300
1327,300
1328,300
1329,300
1330,300
1331,300
1332,300
1333,300
1334,300
1335,300
1336,300
1337,300
1338,300
1339,300
1340,300
1341,300
1342,300
1343,300
1344,300
1345,300
1346,300
1347,300
1348,300
1349,300
1350,300
1351,300
1352,300
1353,300
1354,300
1355,300
1356,300
1357,300
1358,300
1359,300
1360,300
1361,300
1362,300
1363,300
1364,300
1365,300
1366,300
1367,300
1368,300
1369,300
1370,300
1371,300
1372,300
1373,300
1374,300
1375,300
1376,300
1377,300
1378,300
1379,300
1380,300
1381,300
1382,300
1383,300
1384,300
1385,300
1386,300
1387,300
1388,300
1389,300
1390,300
1391,300
1392,300
1393,300
1394,300
1395,300
1396,300
1397,300
1398,300
1399,300
1400,300
1401,300
1402,300
1403,300
1404,300
1405,300
1406,300
1407,300
1408,300
1409,300
1410,300
1411,300
1412,300
1413,300
1414,300
1415,300
1416,300
1417,300
1418,300
1419,300
1420,300
1421,300
1422,300
1423,300
1424,300
1425,300
1426,300
1427,300
1428,300
1429,300
1430,300
1431,300
1432,300
1433,300
1434,300
1435,300
1436,300
1437,300
1438,300
1439,300
1440,300
1441,300
1442,300
1443,300
1444,300
1445,300
1446,300
1447,300
1448,300
1449,300
1450,300
1451,300
1452,300
1453,300
1454,300
1455,300
1456,300
1457,300
1458,300
1459,300
1460,300
1461,300
1462,300
1463,300
1464,300
1465,300
1466,300
1467,300
1468,300
1469,300
1470,300
1471,300
1472,300
1473,300
1474,300
1475,300
1476,300
1477,300
1478,300
1479,300
1480,300
1481,300
1482,300
1483,300
1484,300
1485,300
1486,300
1487,300
1488,300
1489,300
1490,300
1491,300
1492,300
1493,300
1494,300
1495,300
1496,300
1497,300
1498,300
1499,300
1500,300
1501,300
1502,300
1503,300
1504,300
1505,300
1506,300
1507,300
1508,300
1509,300
1510,300
1511,300
1512,300
1513,300
1514,300
1515,300
1516,300
1517,300
1518,300
1519,300
1520,300
1521,300
1522,300
1523,300
1524,300
1525,300
1526,300
1527,300
1528,300
1529,300
1530,300
1531,300
1532,300
1533,300
1534,300
1535,300
1536,300
1537,300
1538,300
1539,300
1540,300
1541,300
1542,300
1543,300
1544,300
1545,300
1546,300
1547,300
1548,300
1549,300
1550,300
1551,300
1552,300
1553,300
1554,300
1555,300
1556,300
1557,300
1558,300
1559,300
1560,300
1561,300
1562,300
1563,300
1564,300
1565,300
1566,300
1567,300
1568,300
1569,300
1570,300
1571,300
1572,300
1573,300
1574,300
1575,300
1576,300
1577,300
1578,300
1579,300
1580,300
1581,300
1582,300
1583,300
1584,300
1585,300
1586,300
1587,300
1588,300
1589,300
1590,300
1591,300
1592,300
1593,299
1594,299
1595,299
1596,299
1597,299
1598,299
1599,299
1600,299
1601,299
1602,299
1603,299
1604,299
1605,299
1606,299
1607,299
1608,299
1609,299
1610,299
1611,299
1612,299
1613,299
1614,299
1615,299
1616,299
1617,299
1618,299
1619,299
1620,299
1621,299
1622,299
1623,299
1624,299
1625,299
1626,298
1627,298
1628,298
1629,298
1630,298
1631,298
1632,298
1633,298
1634,298
1635,298
1636,298
1637,298
1638,298
1639,298
1640,298
1641,298
1642,298
1643,298
1644,298
1645,298
1646,298
1647,298
1648,298
1649,298
1650,298
1651,298
1652,298
1653,298
1654,298
1655,298
1656,298
1657,298
1658,298
1659,298
1660,298
1661,298
1662,298
1663,298
1664,298
1665,298
1666,298
1667,298
1668,298
1669,298
1670,298
1671,298
1672,298
1673,298
1674,298
1675,298
1676,298
1677,298
1678,298
1679,298
1680,298
1681,298
1682,298
1683,298
1684,298
1685,298
1686,298
1687,298
1688,298
1689,298
1690,298
1691,298
1692,298
1693,298
1694,298
1695,298
1696,298
1697,298
1698,298
1699,298
1700,298
1701,298
1702,298
1703,298
1704,298
1705,298
1706,298
1707,298
1708,298
1709,298
1710,298
1711,298
1712,298
1713,298
1714,298
1715,298
1716,298
1717,298
1718,298
1719,298
1720,298
1721,298
1722,298
1723,298
1724,298
1725,298
1726,298
1727,298
1728,298
1729,298
1730,298
1731,298
1732,298
1733,298
1734,298
1735,298
1736,298
1737,298
1738,298
1739,298
1740,298
1741,298
1742,298
1743,298
1744,298
1745,298
1746,298
1747,298
1748,298
1749,298
1750,298
1751,298
1752,298
1753,298
1754,298
1755,298
1756,298
1757,298
1758,298
1759,298
1760,298
1761,298
1762,298
1763,298
1764,298
1765,298
1766,298
1767,298
1768,298
1769,298
1770,298
1771,298
1772,298
1773,298
1774,298
1775,298
1776,298
1777,298
1778,298
1779,298
1780,298
1781,298
1782,298
1783,298
1784,298
1785,298
1786,298
1787,298
1788,298
1789,297
1790,297
1791,297
1792,297
1793,297
1794,297
1795,297
1796,297
1797,297
1798,297
1799,297
1800,297
1801,297
1802,297
1803,297
1804,297
1805,297
1806,297
1807,297
1808,297
1809,297
1810,297
1811,297
1812,297
1813,297
1814,297
1815,297
1816,297
1817,297
1818,297
1819,297
1820,297
1821,297
1822,297
1823,297
1824,297
1825,297
1826,297
1827,297
1828,297
1829,297
1830,297
1831,297
1832,297
1833,297
1834,297
1835,297
1836,297
1837,297
1838,297
1839,297
1840,297
1841,297
1842,297
1843,297
1844,297
1845,297
1846,297
1847,297
1848,297
1849,297
1850,297
1851,297
1852,297
1853,297
1854,297
1855,297
1856,297
1857,297
1858,297
1859,297
1860,297
1861,297
1862,297
1863,297
1864,297
1865,297
1866,297
1867,297
1868,297
1869,297
1870,297
1871,297
1872,297
1873,297
1874,297
1875,297
1876,297
1877,297
1878,297
1879,297
1880,297
1881,297
1882,297
1883,297
1884,297
1885,297
1886,297
1887,297
1888,297
1889,297
1890,297
1891,297
1892,297
1893,297
1894,297
1895,297
1896,297
1897,297
1898,297
1899,297
1900,297
1901,297
1902,297
1903,297
1904,297
1905,297
1906,297
1907,297
1908,297
1909,297
1910,297
1911,297
1912,297
1913,297
1914,297
1915,297
1916,297
1917,297
1918,297
1919,297
1920,296
1921,296
1922,296
1923,296
1924,296
1925,296
1926,296
1927,296
1928,296
1929,296
1930,296
1931,295
1932,295
1933,294
1934,293
1935,293
1936,293
1937,293
1938,293
1939,292
1940,291
1941,290
1942,290
1943,290
1944,290
1945,288
1946,288
1947,288
1948,287
1949,287
1950,286
1951,285
1952,284
1953,284
1954,283
1955,282
1956,282
1957,281
1958,280
1959,280
1960,279
1961,278
1962,277
1963,275
1964,271
1965,269
1966,267
1967,265
1968,264
1969,263
1970,261
1971,259
1972,256
1973,255
1974,254
1975,252
1976,251
1977,249
1978,249
1979,249
1980,249
1981,249
1982,249
1983,249
1984,249
1985,249
1986,249
1987,249
1988,249
1989,249
1990,249
1991,249
1992,249
1993,249
1994,249
1995,249
1996,249
1997,249
1998,249
1999,249
2000,249
2001,249
2002,249
2003,249
2004,249
2005,249
2006,249
2007,249
2008,249
2009,249
2010,249
2011,249
2012,249
2013,249
2014,249
2015,249
2016,249
2017,249
2018,249
2019,249
2020,249
2021,249
2022,249
2023,249
2024,249
2025,249
2026,249
2027,249
2028,249
2029,249
2030,249
2031,249
2032,249
2033,249
2034,249
2035,249
2036,249
2037,249
2038,249
2039,249
2040,249
2041,249
2042,249
2043,249
2044,249
2045,249
2046,249
2047,249
2048,249
2049,249
2050,249
2051,249
2052,249
2053,249
2054,249
2055,249
2056,249
2057,249
2058,249
2059,249
2060,249
2061,249
2062,249
2063,249
2064,249
2065,249
2066,249
2067,249
2068,249
2069,248
2070,248
2071,248
2072,248
2073,248
2074,248
2075,248
2076,248
2077,248
2078,248
2079,248
2080,248
2081,248
2082,248
2083,248
2084,248
2085,248
2086,248
2087,248
2088,248
2089,248
2090,248
2091,248
2092,248
2093,248
2094,248
2095,248
2096,248
2097,248
2098,248
2099,248
2100,248
2101,248
2102,248
2103,248
2104,248
2105,248
2106,248
2107,248
2108,248
2109,248
2110,248
2111,248
2112,248
2113,248
2114,248
2115,248
2116,248
2117,248
2118,248
2119,248
2120,248
2121,248
2122,248
2123,248
2124,248
2125,248
2126,248
2127,248
2128,248
2129,248
2130,248
2131,248
2132,248
2133,248
2134,248
2135,248
2136,248
2137,248
2138,248
2139,248
2140,248
2141,248
2142,248
2143,248
2144,248
2145,248
2146,248
2147,248
2148,248
2149,248
2150,248
2151,248
2152,248
2153,248
2154,248
2155,248
2156,248
2157,248
2158,248
2159,248
2160,248
2161,248
2162,248
2163,248
2164,248
2165,248
2166,248
2167,248
2168,248
2169,248
2170,248
2171,248
2172,248
2173,248
2174,248
2175,248
2176,248
2177,248
2178,248
2179,248
2180,248
2181,248
2182,248
2183,248
2184,248
2185,248
2186,248
2187,248
2188,248
2189,248
2190,248
2191,248
2192,248
2193,248
2194,248
2195,247
2196,247
2197,247
2198,247
2199,247
2200,247
2201,247
2202,247
2203,247
2204,247
2205,247
2206,247
2207,247
2208,247
2209,247
2210,247
2211,247
2212,247
2213,247
2214,247
2215,247
2216,246
2217,246
2218,246
2219,246
2220,246
2221,246
2222,246
2223,246
2224,246
2225,246
2226,246
2227,246
2228,246
2229,246
2230,246
2231,246
2232,246
2233,246
2234,246
2235,246
2236,246
2237,246
2238,246
2239,246
2240,246
2241,246
2242,246
2243,246
2244,246
2245,246
2246,246
2247,246
2248,246
2249,246
2250,246
2251,246
2252,246
2253,246
2254,246
2255,246
2256,246
2257,246
2258,246
2259,246
2260,246
2261,246
2262,246
2263,245
2264,245
2265,245
2266,245
2267,245
2268,244
2269,244
2270,244
2271,244
2272,244
2273,244
2274,244
2275,244
2276,244
2277,243
2278,243
2279,242
2280,242
2281,242
2282,241
2283,241
2284,241
2285,241
2286,241
2287,241
2288,240
2289,240
2290,240
2291,240
2292,239
2293,239
2294,238
2295,237
2296,236
2297,235
2298,235
2299,234
2300,233
2301,232
2302,231
2303,231
2304,230
2305,229
2306,229
2307,228
2308,228
2309,227
2310,226
2311,224
2312,222
2313,221
2314,220
2315,219
2316,218
2317,216
2318,215
2319,214
2320,213
2321,211
2322,210
2323,209
2324,208
2325,204
2326,202
2327,200
2328,199
2329,198
2330,196
2331,195
2332,193
2333,192
2334,191
2335,190
2336,189
2337,187
2338,186
2339,185
2340,184
2341,182
2342,182
2343,182
2344,182
2345,182
2346,182
2347,182
2348,182
2349,182
2350,182
2351,182
2352,182
2353,182
2354,182
2355,182
2356,182
2357,182
2358,182
2359,182
2360,182
2361,182
2362,182
2363,182
2364,182
2365,182
2366,182
2367,182
2368,182
2369,182
2370,182
2371,182
2372,182
2373,182
2374,182
2375,182
2376,182
2377,182
2378,182
2379,182
2380,182
2381,182
2382,182
2383,182
2384,182
2385,182
2386,182
2387,182
2388,182
2389,182
2390,182
2391,182
2392,182
2393,182
2394,182
2395,182
2396,182
2397,182
2398,182
2399,182
2400,182
2401,182
2402,182
2403,182
2404,182
2405,182
2406,182
2407,182
2408,182
2409,182
2410,182
2411,182
2412,182
2413,182
2414,182
2415,182
2416,182
2417,182
2418,182
2419,182
2420,182
2421,182
2422,182
2423,182
2424,182
2425,182
2426,182
2427,182
2428,182
2429,182
2430,182
2431,182
2432,182
2433,182
2434,182
2435,182
2436,182
2437,182
2438,182
2439,182
2440,182
2441,182
2442,182
2443,182
2444,182
2445,182
2446,182
2447,182
2448,182
2449,182
2450,182
2451,182
2452,182
2453,182
2454,182
2455,182
2456,182
2457,182
2458,182
2459,182
2460,182
2461,182
2462,182
2463,182
2464,182
2465,182
2466,182
2467,182
2468,182
2469,182
2470,182
2471,182
2472,182
2473,182
2474,182
2475,182
2476,182
2477,182
2478,182
2479,182
2480,182
2481,182
2482,182
2483,182
2484,182
2485,182
2486,182
2487,182
2488,182
2489,182
2490,182
2491,182
2492,182
2493,182
2494,182
2495,182
2496,182
2497,182
2498,182
2499,182
2500,182
2501,182
2502,182
2503,182
2504,182
2505,182
2506,182
2507,182
2508,182
2509,182
2510,182
2511,182
2512,182
2513,182
2514,182
2515,182
2516,182
2517,181
2518,181
2519,181
2520,181
2521,181
2522,181
2523,181
2524,181
2525,181
2526,181
2527,181
2528,181
2529,181
2530,181
2531,181
2532,181
2533,181
2534,181
2535,181
2536,181
2537,181
2538,181
2539,181
2540,181
2541,181
2542,181
2543,181
2544,181
2545,181
2546,181
2547,181
2548,181
2549,181
2550,181
2551,181
2552,181
2553,181
2554,181
2555,181
2556,181
2557,181
2558,181
2559,181
2560,181
2561,181
2562,181
2563,181
2564,180
2565,180
2566,180
2567,180
2568,180
2569,180
2570,180
2571,180
2572,180
2573,180
2574,180
2575,180
2576,180
2577,180
2578,180
2579,180
2580,180
2581,180
2582,180
2583,180
2584,180
2585,180
2586,180
2587,180
2588,180
2589,180
2590,179
2591,179
2592,179
2593,179
2594,179
2595,179
2596,179
2597,179
2598,179
2599,179
2600,179
2601,179
2602,179
2603,179
2604,179
2605,179
2606,179
2607,179
2608,179
2609,179
2610,179
2611,179
2612,179
2613,179
2614,179
2615,179
2616,179
2617,179
2618,179
2619,179
2620,179
2621,179
2622,179
2623,179
2624,179
2625,179
2626,179
2627,179
2628,179
2629,179
2630,179
2631,179
2632,179
2633,179
2634,179
2635,179
2636,179
2637,179
2638,179
2639,179
2640,179
2641,179
2642,179
2643,179
2644,179
2645,179
2646,179
2647,179
2648,179
2649,179
2650,179
2651,179
2652,179
2653,179
2654,179
2655,179
2656,179
2657,179
2658,179
2659,179
2660,179
2661,179
2662,179
2663,179
2664,179
2665,179
2666,179
2667,179
2668,179
2669,179
2670,179
2671,179
2672,179
2673,179
2674,179
2675,179
2676,179
2677,179
2678,179
2679,179
2680,179
2681,179
2682,179
2683,179
2684,179
2685,179
2686,179
2687,179
2688,179
2689,179
2690,179
2691,179
2692,179
2693,179
2694,179
2695,179
2696,179
2697,179
2698,179
2699,179
2700,179
2701,179
2702,179
2703,179
2704,179
2705,179
2706,178
2707,178
2708,178
2709,178
2710,178
2711,178
2712,178
2713,178
2714,178
2715,178
2716,178
2717,178
2718,178
2719,178
2720,178
2721,178
2722,178
2723,178
2724,178
2725,178
2726,178
2727,178
2728,178
2729,178
2730,178
2731,178
2732,178
2733,178
2734,178
2735,178
2736,178
2737,178
2738,178
2739,178
2740,178
2741,178
2742,178
2743,178
2744,178
2745,178
2746,178
2747,178
2748,178
2749,178
2750,178
2751,178
2752,178
2753,178
2754,178
2755,178
2756,178
2757,178
2758,178
2759,178
2760,178
2761,178
2762,178
2763,178
2764,178
2765,178
2766,178
2767,177
2768,177
2769,177
2770,177
2771,177
2772,177
2773,177
2774,177
2775,177
2776,177
2777,177
2778,177
2779,177
2780,177
2781,177
2782,176
2783,176
2784,176
2785,176
2786,176
2787,176
2788,176
2789,176
2790,176
2791,176
2792,176
2793,176
2794,176
2795,176
2796,176
2797,176
2798,175
2799,175
2800,175
2801,175
2802,175
2803,175
2804,175
2805,175
2806,175
2807,175
2808,175
2809,175
2810,175
2811,175
2812,175
2813,175
2814,175
2815,175
2816,175
2817,175
2818,175
2819,175
2820,175
2821,175
2822,175
2823,175
2824,175
2825,175
2826,175
2827,175
2828,175
2829,175
2830,175
2831,175
2832,175
2833,175
2834,175
2835,175
2836,175
2837,175
2838,175
2839,175
2840,175
2841,175
2842,175
2843,175
2844,175
2845,175
2846,175
2847,175
2848,175
2849,175
2850,175
2851,175
2852,175
2853,175
2854,175
2855,175
2856,175
2857,175
2858,175
2859,175
2860,175
2861,175
2862,175
2863,175
2864,175
2865,175
2866,175
2867,175
2868,175
2869,175
2870,175
2871,175
2872,175
2873,175
2874,175
2875,175
2876,175
2877,175
2878,175
2879,175
2880,175
2881,175
2882,175
2883,175
2884,175
2885,175
2886,175
2887,175
2888,175
2889,175
2890,175
2891,175
2892,175
2893,175
2894,175
2895,175
2896,175
2897,175
2898,174
2899,174
2900,174
2901,174
2902,174
2903,174
2904,174
2905,174
2906,174
2907,174
2908,174
2909,174
2910,174
2911,174
2912,174
2913,174
2914,174
2915,174
2916,174
2917,174
2918,174
2919,174
2920,174
2921,174
2922,174
2923,174
2924,174
2925,174
2926,174
2927,174
2928,174
2929,174
2930,174
2931,174
2932,174
2933,174
2934,174
2935,174
2936,174
2937,174
2938,174
2939,174
2940,174
2941,174
2942,174
2943,174
2944,174
2945,174
2946,174
2947,174
2948,174
2949,174
2950,174
2951,174
2952,174
2953,174
2954,174
2955,174
2956,174
2957,174
2958,174
2959,174
2960,174
2961,174
2962,174
2963,174
2964,174
2965,174
2966,174
2967,174
2968,174
2969,174
2970,174
2971,174
2972,174
2973,174
2974,174
2975,174
2976,174
2977,174
2978,174
2979,174
2980,173
2981,173
2982,173
2983,173
2984,173
2985,173
2986,173
2987,173
2988,173
2989,173
2990,173
2991,173
2992,173
2993,173
2994,173
2995,172
2996,172
2997,172
2998,172
2999,172
3000,172
3001,172
3002,172
3003,172
3004,172
3005,172
3006,172
3007,172
3008,172
3009,172
3010,172
3011,172
3012,172
3013,172
3014,172
3015,172
3016,171
3017,171
3018,171
3019,171
3020,171
3021,171
3022,171
3023,171
3024,171
3025,171
3026,171
3027,171
3028,171
3029,171
3030,171
3031,171
3032,171
3033,171
3034,171
3035,171
3036,171
3037,171
3038,171
3039,171
3040,171
3041,171
3042,171
3043,171
3044,171
3045,171
3046,171
3047,171
3048,171
3049,171
3050,171
3051,171
3052,171
3053,171
3054,171
3055,171
3056,171
3057,171
3058,171
3059,171
3060,171
3061,171
3062,171
3063,171
3064,171
3065,171
3066,171
3067,171
3068,171
3069,171
3070,171
3071,171
3072,171
3073,171
3074,171
3075,171
3076,171
3077,171
3078,171
3079,171
3080,171
3081,171
3082,171
3083,170
3084,170
3085,170
3086,170
3087,170
3088,170
3089,170
3090,170
3091,170
3092,170
3093,170
3094,170
3095,170
3096,170
3097,170
3098,170
3099,170
3100,170
3101,170
3102,170
3103,170
3104,170
3105,170
3106,170
3107,170
3108,170
3109,170
3110,170
3111,170
3112,170
3113,170
3114,170
3115,170
3116,170
3117,170
3118,170
3119,170
3120,170
3121,170
3122,170
3123,170
3124,170
3125,170
3126,170
3127,170
3128,170
3129,170
3130,170
3131,170
3132,170
3133,170
3134,170
3135,170
3136,170
3137,170
3138,170
3139,170
3140,170
3141,170
3142,170
3143,170
3144,170
3145,170
3146,170
3147,169
3148,169
3149,169
3150,169
3151,169
3152,169
3153,169
3154,169
3155,169
3156,169
3157,169
3158,169
3159,169
3160,169
3161,169
3162,169
3163,169
3164,169
3165,169
3166,169
3167,169
3168,169
3169,169
3170,169
3171,169
3172,169
3173,169
3174,169
3175,169
3176,168
3177,168
3178,168
3179,168
3180,168
3181,168
3182,168
3183,168
3184,168
3185,168
3186,167
3187,167
3188,167
3189,167
3190,167
3191,167
3192,167
3193,167
3194,167
3195,167
3196,167
3197,167
3198,167
3199,167
3200,167
3201,167
3202,167
3203,167
3204,167
3205,167
3206,167
3207,167
3208,167
3209,167
3210,167
3211,167
3212,167
3213,167
3214,167
3215,167
3216,167
3217,167
3218,167
3219,167
3220,167
3221,167
3222,167
3223,167
3224,167
3225,167
3226,167
3227,167
3228,167
3229,167
3230,167
3231,167
3232,166
3233,166
3234,166
3235,166
3236,166
3237,166
3238,166
3239,166
3240,166
3241,166
3242,166
3243,166
3244,166
3245,166
3246,166
3247,165
3248,165
3249,165
3250,165
3251,165
3252,165
3253,165
3254,165
3255,165
3256,165
3257,165
3258,165
3259,165
3260,165
3261,165
3262,165
3263,165
3264,165
3265,165
3266,165
3267,164
3268,164
3269,164
3270,164
3271,164
3272,164
3273,164
3274,164
3275,164
3276,164
3277,164
3278,164
3279,164
3280,164
3281,164
3282,164
3283,164
3284,164
3285,164
3286,164
3287,164
3288,164
3289,164
3290,164
3291,164
3292,164
3293,164
3294,164
3295,164
3296,164
3297,164
3298,164
3299,164
3300,164
3301,164
3302,164
3303,164
3304,164
3305,164
3306,164
3307,164
3308,164
3309,163
3310,163
3311,163
3312,163
3313,163
3314,163
3315,163
3316,163
3317,163
3318,163
3319,163
3320,163
3321,163
3322,163
3323,163
3324,163
3325,163
3326,163
3327,163
3328,163
3329,163
3330,163
3331,163
3332,163
3333,163
3334,163
3335,163
3336,163
3337,163
3338,163
3339,163
3340,163
3341,163
3342,163
3343,163
3344,163
3345,163
3346,163
3347,163
3348,163
3349,163
3350,163
3351,163
3352,163
3353,163
3354,163
3355,163
3356,163
3357,163
3358,163
3359,162
3360,162
3361,162
3362,162
3363,162
3364,162
3365,162
3366,162
3367,162
3368,161
3369,161
3370,161
3371,161
3372,161
3373,161
3374,161
3375,161
3376,161
3377,161
3378,161
3379,161
3380,161
3381,161
3382,161
3383,161
3384,161
3385,161
3386,161
3387,161
3388,161
3389,161
3390,161
3391,161
3392,161
3393,161
3394,161
3395,161
3396,161
3397,160
3398,160
3399,160
3400,160
3401,160
3402,160
3403,160
3404,160
3405,160
3406,160
3407,160
3408,160
3409,160
3410,160
3411,160
3412,160
3413,160
3414,160
3415,160
3416,160
3417,160
3418,160
3419,160
3420,160
3421,160
3422,160
3423,160
3424,160
3425,160
3426,160
3427,160
3428,160
3429,159
3430,159
3431,159
3432,159
3433,159
3434,159
3435,159
3436,159
3437,159
3438,159
3439,159
3440,159
3441,159
3442,159
3443,159
3444,159
3445,159
3446,159
3447,159
3448,159
3449,158
3450,158
3451,158
3452,158
3453,157
3454,157
3455,157
3456,157
3457,156
3458,156
3459,156
3460,156
3461,156
3462,156
3463,156
3464,156
3465,155
3466,155
3467,155
3468,155
3469,155
3470,155
3471,155
3472,155
3473,155
3474,155
3475,155
3476,155
3477,155
3478,155
3479,155
3480,155
3481,155
3482,155
3483,155
3484,155
3485,155
3486,155
3487,153
3488,153
3489,153
3490,153
3491,153
3492,153
3493,153
3494,153
3495,153
3496,153
3497,153
3498,153
3499,153
3500,153
3501,153
3502,153
3503,153
3504,153
3505,153
3506,153
3507,153
3508,153
3509,153
3510,153
3511,153
3512,153
3513,153
3514,153
3515,153
3516,153
3517,153
3518,153
3519,153
3520,153
3521,153
3522,153
3523,153
3524,153
3525,153
3526,153
3527,153
3528,153
3529,153
3530,153
3531,153
3532,153
3533,153
3534,153
3535,153
3536,153
3537,153
3538,153
3539,153
3540,153
3541,153
3542,153
3543,153
3544,153
3545,153
3546,153
3547,153
3548,153
3549,153
3550,152
3551,152
3552,152
3553,152
3554,152
3555,152
3556,152
3557,152
3558,152
3559,152
3560,152
3561,152
3562,152
3563,152
3564,152
3565,152
3566,152
3567,152
3568,152
3569,152
3570,152
3571,151
3572,151
3573,151
3574,150
3575,150
3576,150
3577,150
3578,150
3579,150
3580,150
3581,150
3582,150
3583,150
3584,150
3585,150
3586,150
3587,150
3588,150
3589,150
3590,150
3591,150
3592,150
3593,150
3594,149
3595,149
3596,149
3597,149
3598,149
3599,149
3600,149
3601,149
3602,149
3603,149
3604,149
3605,149
3606,149
3607,149
3608,149
3609,149
3610,149
3611,149
3612,149
3613,149
3614,149
3615,149
3616,149
3617,149
3618,149
3619,148
3620,148
3621,148
3622,148
3623,148
3624,148
3625,148
3626,148
3627,148
3628,148
3629,148
3630,148
3631,148
3632,148
3633,148
3634,148
3635,148
3636,148
3637,148
3638,148
3639,148
3640,148
3641,148
3642,148
3643,148
3644,148
3645,148
3646,148
3647,148
3648,148
3649,148
3650,148
3651,148
3652,148
3653,148
3654,148
3655,148
3656,148
3657,148
3658,148
3659,148
3660,148
3661,148
3662,148
3663,148
3664,148
3665,148
3666,148
3667,148
3668,148
3669,148
3670,148
3671,148
3672,148
3673,148
3674,147
3675,147
3676,147
3677,147
3678,147
3679,147
3680,147
3681,147
3682,147
3683,147
3684,147
3685,147
3686,147
3687,147
3688,147
3689,147
3690,147
3691,147
3692,147
3693,147
3694,147
3695,147
3696,147
3697,147
3698,147
3699,147
3700,147
3701,147
3702,147
3703,147
3704,147
3705,147
3706,146
3707,146
3708,146
3709,146
3710,146
3711,146
3712,146
3713,146
3714,146
3715,145
3716,145
3717,145
3718,145
3719,145
3720,145
3721,145
3722,145
3723,144
3724,144
3725,144
3726,144
3727,144
3728,144
3729,144
3730,144
3731,144
3732,144
3733,144
3734,144
3735,144
3736,144
3737,144
3738,144
3739,144
3740,144
3741,144
3742,144
3743,144
3744,144
3745,144
3746,144
3747,144
3748,144
3749,144
3750,144
3751,144
3752,144
3753,144
3754,144
3755,144
3756,144
3757,144
3758,144
3759,144
3760,144
3761,144
3762,144
3763,144
3764,144
3765,144
3766,144
3767,144
3768,144
3769,144
3770,144
3771,144
3772,144
3773,143
3774,143
3775,143
3776,143
3777,143
3778,143
3779,143
3780,143
3781,143
3782,143
3783,143
3784,143
3785,143
3786,143
3787,143
3788,143
3789,143
3790,142
3791,142
3792,142
3793,142
3794,142
3795,142
3796,142
3797,142
3798,142
3799,142
3800,142
3801,142
3802,142
3803,142
3804,142
3805,142
3806,142
3807,142
3808,141
3809,141
3810,141
3811,141
3812,140
3813,140
3814,140
3815,140
3816,140
3817,139
3818,139
3819,138
3820,138
3821,138
3822,138
3823,138
3824,138
3825,138
3826,138
3827,138
3828,138
3829,138
3830,138
3831,138
3832,138
3833,138
3834,138
3835,138
3836,138
3837,138
3838,138
3839,138
3840,138
3841,138
3842,138
3843,138
3844,138
3845,138
3846,138
3847,138
3848,138
3849,138
3850,138
3851,138
3852,138
3853,138
3854,138
3855,138
3856,138
3857,138
3858,138
3859,138
3860,138
3861,138
3862,138
3863,138
3864,138
3865,138
3866,138
3867,138
3868,138
3869,138
3870,138
3871,138
3872,138
3873,138
3874,138
3875,138
3876,138
3877,138
3878,138
3879,138
3880,138
3881,138
3882,138
3883,138
3884,138
3885,138
3886,138
3887,138
3888,138
3889,138
3890,138
3891,138
3892,138
3893,138
3894,138
3895,138
3896,138
3897,138
3898,138
3899,138
3900,138
3901,138
3902,138
3903,138
3904,138
3905,138
3906,138
3907,138
3908,138
3909,138
3910,138
3911,138
3912,138
3913,138
3914,138
3915,138
3916,138
3917,138
3918,138
3919,138
3920,138
3921,138
3922,138
3923,138
3924,138
3925,138
3926,138
3927,138
3928,138
3929,138
3930,138
3931,138
3932,138
3933,138
3934,138
3935,138
3936,138
3937,138
3938,138
3939,138
3940,138
3941,138
3942,138
3943,138
3944,138
3945,138
3946,138
3947,138
3948,138
3949,138
3950,138
3951,138
3952,138
3953,137
3954,137
3955,137
3956,137
3957,137
3958,137
3959,137
3960,137
3961,137
3962,137
3963,137
3964,137
3965,137
3966,137
3967,137
3968,137
3969,137
3970,137
3971,137
3972,137
3973,137
3974,137
3975,137
3976,137
3977,137
3978,137
3979,137
3980,137
3981,137
3982,137
3983,137
3984,137
3985,137
3986,137
3987,137
3988,137
3989,137
3990,137
3991,137
3992,137
3993,137
3994,137
3995,137
3996,137
3997,137
3998,137
3999,137
4000,137
4001,137
4002,137
4003,137
4004,137
4005,137
4006,137
4007,137
4008,137
4009,137
4010,137
4011,137
4012,137
4013,137
4014,137
4015,137
4016,137
4017,137
4018,137
4019,137
4020,137
4021,137
4022,137
4023,137
4024,137
4025,137
4026,137
4027,137
4028,137
4029,137
4030,137
4031,137
4032,137
4033,137
4034,137
4035,137
4036,137
4037,137
4038,137
4039,137
4040,137
4041,137
4042,137
4043,137
4044,137
4045,137
4046,137
4047,137
4048,137
4049,137
4050,137
4051,137
4052,137
4053,137
4054,137
4055,137
4056,137
4057,137
4058,137
4059,137
4060,137
4061,137
4062,137
4063,137
4064,137
4065,136
4066,136
4067,136
4068,136
4069,136
4070,136
4071,136
4072,136
4073,136
4074,136
4075,136
4076,136
4077,136
4078,136
4079,136
4080,136
4081,136
4082,136
4083,136
4084,136
4085,136
4086,136
4087,136
4088,136
4089,136
4090,136
4091,136
4092,136
4093,136
4094,136
4095,136
4096,136
4097,136
4098,136
4099,136
4100,136
4101,136
4102,136
4103,136
4104,136
4105,136
4106,136
4107,136
4108,136
4109,136
4110,136
4111,136
4112,136
4113,136
4114,136
4115,136
4116,136
4117,136
4118,136
4119,136
4120,136
4121,136
4122,136
4123,136
4124,136
4125,136
4126,136
4127,136
4128,136
4129,136
4130,136
4131,136
4132,136
4133,136
4134,136
4135,136
4136,136
4137,136
4138,136
4139,136
4140,136
4141,136
4142,136
4143,136
4144,136
4145,136
4146,136
4147,136
4148,136
4149,136
4150,136
4151,136
4152,136
4153,136
4154,136
4155,136
4156,136
4157,136
4158,136
4159,136
4160,136
4161,136
4162,136
4163,136
4164,136
4165,136
4166,136
4167,136
4168,136
4169,136
4170,136
4171,136
4172,136
4173,136
4174,136
4175,136
4176,136
4177,136
4178,136
4179,136
4180,136
4181,136
4182,136
4183,136
4184,136
4185,136
4186,136
4187,136
4188,136
4189,136
4190,136
4191,136
4192,136
4193,136
4194,136
4195,136
4196,136
4197,136
4198,136
4199,136
4200,136
4201,136
4202,136
4203,136
4204,136
4205,136
4206,136
4207,136
4208,136
4209,136
4210,136
4211,136
4212,136
4213,136
4214,136
4215,136
4216,136
4217,136
4218,136
4219,136
4220,136
4221,136
4222,136
4223,136
4224,136
4225,136
4226,136
4227,136
4228,136
4229,136
4230,136
4231,136
4232,136
4233,136
4234,136
4235,136
4236,136
4237,136
4238,136
4239,136
4240,136
4241,136
4242,136
4243,136
4244,136
4245,136
4246,136
4247,136
4248,136
4249,136
4250,136
4251,136
4252,136
4253,136
4254,136
4255,136
4256,136
4257,136
4258,135
4259,135
4260,135
4261,134
4262,134
4263,134
4264,134
4265,134
4266,134
4267,134
4268,134
4269,134
4270,134
4271,134
4272,134
4273,134
4274,134
4275,134
4276,134
4277,134
4278,134
4279,133
4280,133
4281,133
4282,133
4283,133
4284,133
4285,133
4286,133
4287,133
4288,133
4289,133
4290,133
4291,133
4292,133
4293,132
4294,132
4295,132
4296,132
4297,132
4298,132
4299,132
4300,132
4301,132
4302,132
4303,132
4304,132
4305,132
4306,132
4307,132
4308,132
4309,132
4310,132
4311,132
4312,132
4313,132
4314,132
4315,132
4316,132
4317,132
4318,132
4319,132
4320,132
4321,132
4322,132
4323,132
4324,132
4325,132
4326,132
4327,132
4328,132
4329,131
4330,131
4331,131
4332,131
4333,131
4334,131
4335,131
4336,131
4337,131
4338,131
4339,131
4340,131
4341,131
4342,131
4343,131
4344,131
4345,131
4346,131
4347,131
4348,131
4349,131
4350,131
4351,131
4352,131
4353,131
4354,131
4355,131
4356,131
4357,131
4358,131
4359,131
4360,131
4361,131
4362,131
4363,131
4364,131
4365,131
4366,131
4367,131
4368,131
4369,131
4370,131
4371,131
4372,131
4373,131
4374,131
4375,131
4376,131
4377,131
4378,131
4379,131
4380,131
4381,131
4382,131
4383,131
4384,131
4385,131
4386,131
4387,131
4388,131
4389,131
4390,131
4391,131
4392,131
4393,131
4394,131
4395,131
4396,131
4397,131
4398,131
4399,131
4400,131
4401,131
4402,131
4403,131
4404,131
4405,131
4406,131
4407,131
4408,131
4409,131
4410,131
4411,131
4412,131
4413,131
4414,131
4415,131
4416,131
4417,131
4418,131
4419,131
4420,131
4421,131
4422,131
4423,131
4424,131
4425,131
4426,131
4427,131
4428,131
4429,131
4430,131
4431,131
4432,131
4433,131
4434,131
4435,131
4436,131
4437,131
4438,131
4439,131
4440,131
4441,131
4442,131
4443,131
4444,131
4445,131
4446,131
4447,131
4448,131
4449,131
4450,131
4451,131
4452,131
4453,131
4454,131
4455,131
4456,131
4457,131
4458,131
4459,131
4460,131
4461,131
4462,131
4463,131
4464,131
4465,131
4466,131
4467,131
4468,131
4469,131
4470,131
4471,131
4472,131
4473,131
4474,131
4475,131
4476,131
4477,131
4478,131
4479,131
4480,131
4481,131
4482,131
4483,131
4484,131
4485,131
4486,131
4487,131
4488,131
4489,131
4490,131
4491,131
4492,131
4493,131
4494,131
4495,131
4496,131
4497,131
4498,131
4499,131
4500,131
4501,131
4502,131
4503,131
4504,131
4505,131
4506,131
4507,131
4508,131
4509,131
4510,131
4511,131
4512,131
4513,131
4514,130
4515,130
4516,129
4517,129
4518,129
4519,129
4520,128
4521,128
4522,128
4523,128
4524,128
4525,128
4526,128
4527,128
4528,128
4529,128
4530,128
4531,128
4532,128
4533,127
4534,127
4535,127
4536,127
4537,127
4538,127
4539,127
4540,127
4541,127
4542,127
4543,127
4544,127
4545,127
4546,127
4547,127
4548,127
4549,127
4550,127
4551,127
4552,127
4553,127
4554,127
4555,127
4556,127
4557,127
4558,127
4559,127
4560,127
4561,127
4562,127
4563,127
4564,127
4565,127
4566,127
4567,127
4568,127
4569,127
4570,127
4571,127
4572,127
4573,127
4574,127
4575,127
4576,127
4577,127
4578,127
4579,127
4580,127
4581,127
4582,127
4583,127
4584,127
4585,127
4586,127
4587,127
4588,127
4589,127
4590,127
4591,127
4592,127
4593,127
4594,127
4595,127
4596,127
4597,127
4598,127
4599,127
4600,127
4601,127
4602,127
4603,127
4604,127
4605,127
4606,127
4607,127
4608,127
4609,127
4610,127
4611,127
4612,127
4613,127
4614,127
4615,127
4616,127
4617,127
4618,127
4619,127
4620,127
4621,127
4622,127
4623,127
4624,127
4625,127
4626,127
4627,127
4628,127
4629,127
4630,127
4631,127
4632,127
4633,127
4634,127
4635,127
4636,127
4637,127
4638,127
4639,127
4640,127
4641,127
4642,127
4643,127
4644,127
4645,127
4646,127
4647,127
4648,127
4649,127
4650,127
4651,127
4652,127
4653,127
4654,127
4655,127
4656,127
4657,127
4658,127
4659,127
4660,127
4661,127
4662,127
4663,127
4664,127
4665,127
4666,127
4667,127
4668,127
4669,127
4670,127
4671,127
4672,127
4673,127
4674,127
4675,127
4676,127
4677,127
4678,127
4679,127
4680,127
4681,127
4682,127
4683,127
4684,127
4685,127
4686,127
4687,127
4688,127
4689,127
4690,127
4691,127
4692,127
4693,127
4694,127
4695,127
4696,127
4697,127
4698,127
4699,127
4700,127
4701,127
4702,127
4703,127
4704,127
4705,127
4706,127
4707,127
4708,127
4709,127
4710,127
4711,127
4712,127
4713,127
4714,127
4715,127
4716,127
4717,127
4718,127
4719,127
4720,127
4721,127
4722,127
4723,127
4724,127
4725,127
4726,127
4727,127
4728,127
4729,127
4730,127
4731,127
4732,127
4733,127
4734,127
4735,127
4736,127
4737,127
4738,127
4739,127
4740,127
4741,127
4742,127
4743,127
4744,127
4745,127
4746,127
4747,127
4748,127
4749,127
4750,127
4751,127
4752,127
4753,127
4754,127
4755,127
4756,127
4757,127
4758,127
4759,127
4760,127
4761,127
4762,127
4763,127
4764,127
4765,127
4766,127
4767,127
4768,127
4769,127
4770,127
4771,127
4772,127
4773,127
4774,127
4775,127
4776,127
4777,127
4778,127
4779,127
4780,127
4781,127
4782,127
4783,127
4784,127
4785,127
4786,127
4787,127
4788,127
4789,127
4790,127
4791,127
4792,127
4793,127
4794,127
4795,127
4796,127
4797,127
4798,127
4799,127
4800,127
4801,127
4802,127
4803,127
4804,127
4805,127
4806,127
4807,127
4808,127
4809,127
4810,127
4811,127
4812,127
4813,127
4814,127
4815,127
4816,127
4817,127
4818,127
4819,127
4820,127
4821,127
4822,127
4823,127
4824,127
4825,127
4826,127
4827,127
4828,127
4829,127
4830,127
4831,127
4832,127
4833,127
4834,127
4835,127
4836,127
4837,127
4838,127
4839,127
4840,127
4841,127
4842,127
4843,127
4844,127
4845,127
4846,127
4847,127
4848,127
4849,127
4850,127
4851,127
4852,127
4853,127
4854,127
4855,127
4856,127
4857,127
4858,127
4859,127
4860,127
4861,127
4862,127
4863,127
4864,127
4865,127
4866,127
4867,127
4868,127
4869,127
4870,127
4871,127
4872,127
4873,127
4874,127
4875,127
4876,127
4877,127
4878,127
4879,127
4880,127
4881,127
4882,127
4883,127
4884,127
4885,127
4886,127
4887,127
4888,127
4889,127
4890,127
4891,127
4892,127
4893,127
4894,127
4895,127
4896,127
4897,127
4898,127
4899,127
4900,127
4901,127
4902,127
4903,127
4904,127
4905,127
4906,127
4907,127
4908,127
4909,127
4910,127
4911,127
4912,127
4913,127
4914,127
4915,127
4916,127
4917,127
4918,127
4919,127
4920,127
4921,127
4922,127
4923,127
4924,127
4925,127
4926,127
4927,127
4928,127
4929,127
4930,127
4931,127
4932,127
4933,127
4934,127
4935,127
4936,127
4937,127
4938,127
4939,127
4940,127
4941,127
4942,127
4943,127
4944,127
4945,127
4946,127
4947,127
4948,127
4949,127
4950,127
4951,127
4952,127
4953,127
4954,127
4955,127
4956,127
4957,127
4958,127
4959,127
4960,127
4961,127
4962,127
4963,127
4964,127
4965,127
4966,127
4967,127
4968,127
4969,127
4970,127
4971,127
4972,127
4973,127
4974,127
4975,127
4976,127
4977,127
4978,127
4979,127
4980,127
4981,127
4982,127
4983,127
4984,127
4985,127
4986,127
4987,127
4988,127
4989,127
4990,127
4991,127
4992,127
4993,127
4994,127
4995,127
4996,127
4997,127
4998,127
4999,127
5000,127
5001,127
5002,127
5003,127
5004,127
5005,127
5006,127
5007,127
5008,127
5009,127
5010,127
5011,127
5012,127
5013,127
5014,127
5015,127
5016,127
5017,127
5018,127
5019,127
5020,127
5021,127
5022,127
5023,127
5024,127
5025,127
5026,127
5027,127
5028,127
5029,126
5030,126
5031,126
5032,126
5033,126
5034,126
5035,126
5036,126
5037,126
5038,126
5039,126
5040,126
5041,126
5042,126
5043,126
5044,126
5045,126
5046,126
5047,126
5048,126
5049,126
5050,126
5051,126
5052,126
5053,126
5054,126
5055,126
5056,126
5057,126
5058,126
5059,126
5060,126
5061,126
5062,126
5063,126
5064,126
5065,126
5066,126
5067,126
5068,126
5069,126
5070,126
5071,126
5072,126
5073,126
5074,126
5075,126
5076,126
5077,126
5078,126
5079,126
5080,126
5081,126
5082,126
5083,126
5084,126
5085,126
5086,126
5087,126
5088,126
5089,126
5090,126
5091,126
5092,126
5093,126
5094,126
5095,126
5096,126
5097,126
5098,126
5099,126
5100,126
5101,126
5102,126
5103,126
5104,126
5105,126
5106,126
5107,126
5108,126
5109,126
5110,126
5111,126
5112,126
5113,126
5114,126
5115,126
5116,126
5117,126
5118,126
5119,126
5120,126
5121,126
5122,126
5123,126
5124,126
5125,126
5126,126
5127,126
5128,126
5129,126
5130,126
5131,126
5132,126
5133,126
5134,126
5135,126
5136,126
5137,126
5138,126
5139,126
5140,126
5141,126
5142,126
5143,126
5144,126
5145,126
5146,126
5147,126
5148,126
5149,126
5150,126
5151,126
5152,126
5153,126
5154,126
5155,126
5156,126
5157,126
5158,126
5159,126
5160,126
5161,126
5162,126
5163,126
5164,126
5165,126
5166,126
5167,126
5168,126
5169,126
5170,126
5171,126
5172,126
5173,126
5174,126
5175,126
5176,126
5177,126
5178,126
5179,126
5180,126
5181,126
5182,126
5183,126
5184,126
5185,126
5186,126
5187,126
5188,126
5189,126
5190,126
5191,126
5192,126
5193,126
5194,126
5195,126
5196,126
5197,126
5198,126
5199,126
5200,126
5201,126
5202,126
5203,126
5204,126
5205,126
5206,126
5207,126
5208,126
5209,126
5210,126
5211,126
5212,126
5213,126
5214,126
5215,126
5216,126
5217,126
5218,126
5219,126
5220,126
5221,126
5222,126
5223,126
5224,126
5225,126
5226,126
5227,126
5228,126
5229,126
5230,126
5231,126
5232,126
5233,126
5234,126
5235,126
5236,126
5237,126
5238,126
5239,126
5240,126
5241,126
5242,126
5243,126
5244,126
5245,126
5246,126
5247,126
5248,126
5249,126
5250,126
5251,126
5252,126
5253,126
5254,126
5255,126
5256,126
5257,126
5258,126
5259,126
5260,126
5261,126
5262,126
5263,126
5264,126
5265,126
5266,126
5267,126
5268,126
5269,126
5270,126
5271,126
5272,126
5273,126
5274,126
5275,126
5276,126
5277,126
5278,126
5279,126
5280,126
5281,126
5282,126
5283,126
5284,126
5285,126
5286,126
5287,126
5288,126
5289,126
5290,126
5291,126
5292,126
5293,126
5294,126
5295,126
5296,126
5297,126
5298,126
5299,126
5300,126
5301,126
5302,126
5303,126
5304,126
5305,126
5306,126
5307,126
5308,126
5309,126
5310,126
5311,126
5312,126
5313,126
5314,126
5315,126
5316,126
5317,126
5318,126
5319,126
5320,126
5321,126
5322,126
5323,126
5324,126
5325,126
5326,126
5327,126
5328,126
5329,126
5330,126
5331,126
5332,126
5333,126
5334,126
5335,126
5336,126
5337,126
5338,126
5339,126
5340,126
5341,126
5342,126
5343,126
5344,126
5345,126
5346,126
5347,126
5348,126
5349,126
5350,126
5351,126
5352,126
5353,126
5354,126
5355,126
5356,126
5357,126
5358,126
5359,126
5360,126
5361,126
5362,126
5363,126
5364,126
5365,126
5366,126
5367,126
5368,126
5369,126
5370,126
5371,126
5372,126
5373,126
5374,126
5375,126
5376,126
5377,126
5378,126
5379,125
5380,125
5381,125
5382,125
5383,125
5384,125
5385,125
5386,125
5387,125
5388,125
5389,125
5390,125
5391,125
5392,125
5393,125
5394,125
5395,125
5396,125
5397,125
5398,125
5399,125
5400,125
5401,125
5402,125
5403,125
5404,125
5405,125
5406,124
5407,124
5408,124
5409,124
5410,124
5411,124
5412,124
5413,124
5414,122
5415,121
5416,121
5417,120
5418,119
5419,119
5420,119
5421,117
5422,117
5423,117
5424,117
5425,116
5426,114
5427,112
5428,111
5429,110
5430,108
5431,108
5432,107
5433,106
5434,104
5435,102
5436,101
5437,99
5438,96
5439,95
5440,94
5441,93
5442,92
5443,91
5444,90
5445,90
5446,90
5447,90
5448,90
5449,90
5450,90
5451,90
5452,90
5453,90
5454,90
5455,90
5456,90
5457,90
5458,90
5459,90
5460,90
5461,90
5462,90
5463,90
5464,90
5465,90
5466,90
5467,90
5468,90
5469,90
5470,90
5471,90
5472,90
5473,90
5474,90
5475,90
5476,90
5477,90
5478,90
5479,90
5480,90
5481,90
5482,90
5483,90
5484,90
5485,90
5486,90
5487,90
5488,90
5489,90
5490,90
5491,90
5492,90
5493,90
5494,90
5495,90
5496,90
5497,90
5498,90
5499,90
5500,90
5501,90
5502,90
5503,90
5504,90
5505,90
5506,90
5507,90
5508,90
5509,90
5510,90
5511,90
5512,90
5513,90
5514,90
5515,90
5516,90
5517,90
5518,90
5519,90
5520,90
5521,90
5522,90
5523,90
5524,90
5525,90
5526,90
5527,90
5528,90
5529,90
5530,90
5531,90
5532,90
5533,90
5534,90
5535,90
5536,90
5537,90
5538,90
5539,90
5540,90
5541,90
5542,90
5543,90
5544,90
5545,90
5546,90
5547,90
5548,90
5549,90
5550,90
5551,90
5552,90
5553,90
5554,90
5555,90
5556,90
5557,90
5558,90
5559,90
5560,90
5561,90
5562,90
5563,90
5564,90
5565,90
5566,90
5567,90
5568,90
5569,90
5570,90
5571,90
5572,90
5573,90
5574,90
5575,90
5576,90
5577,90
5578,90
5579,90
5580,90
5581,90
5582,90
5583,90
5584,90
5585,90
5586,90
5587,90
5588,90
5589,90
5590,90
5591,90
5592,90
5593,90
5594,90
5595,90
5596,90
5597,90
5598,90
5599,90
5600,90
5601,90
5602,90
5603,90
5604,90
5605,90
5606,90
5607,90
5608,90
5609,90
5610,90
5611,90
5612,90
5613,90
5614,90
5615,90
5616,90
5617,90
5618,90
5619,90
5620,90
5621,90
5622,90
5623,90
5624,90
5625,90
5626,90
5627,90
5628,90
5629,90
5630,90
5631,90
5632,90
5633,90
5634,90
5635,90
5636,90
5637,90
5638,90
5639,90
5640,90
5641,90
5642,90
5643,90
5644,90
5645,90
5646,90
5647,90
5648,90
5649,90
5650,90
5651,90
5652,90
5653,90
5654,90
5655,90
5656,90
5657,90
5658,90
5659,90
5660,90
5661,90
5662,90
5663,90
5664,90
5665,90
5666,90
5667,90
5668,90
5669,90
5670,90
5671,90
5672,90
5673,90
5674,90
5675,90
5676,90
5677,90
5678,90
5679,90
5680,90
5681,90
5682,90
5683,90
5684,90
5685,90
5686,90
5687,90
5688,90
5689,90
5690,90
5691,90
5692,90
5693,90
5694,90
5695,90
5696,90
5697,90
5698,90
5699,90
5700,90
5701,90
5702,90
5703,90
5704,90
5705,90
5706,90
5707,90
5708,90
5709,90
5710,90
5711,90
5712,90
5713,90
5714,90
5715,90
5716,90
5717,90
5718,90
5719,90
5720,90
5721,90
5722,90
5723,90
5724,90
5725,90
5726,90
5727,90
5728,90
5729,90
5730,90
5731,90
5732,90
5733,90
5734,90
5735,90
5736,90
5737,90
5738,90
5739,90
5740,90
5741,90
5742,90
5743,90
5744,90
5745,90
5746,90
5747,90
5748,90
5749,90
5750,90
5751,90
5752,90
5753,90
5754,90
5755,90
5756,90
5757,90
5758,90
5759,90
5760,90
5761,90
5762,90
5763,90
5764,90
5765,90
5766,90
5767,90
5768,90
5769,90
5770,90
5771,90
5772,90
5773,90
5774,90
5775,90
5776,90
5777,90
5778,90
5779,90
5780,90
5781,90
5782,90
5783,90
5784,90
5785,90
5786,90
5787,90
5788,90
5789,90
5790,90
5791,90
5792,90
5793,90
5794,90
5795,90
5796,90
5797,90
5798,90
5799,90
5800,90
5801,90
5802,90
5803,90
5804,90
5805,90
5806,90
5807,90
5808,90
5809,90
5810,90
5811,90
5812,90
5813,90
5814,90
5815,90
5816,90
5817,90
5818,90
5819,90
5820,90
5821,90
5822,90
5823,90
5824,90
5825,90
5826,90
5827,90
5828,90
5829,90
5830,90
5831,90
5832,90
5833,90
5834,90
5835,90
5836,90
5837,90
5838,90
5839,90
5840,90
5841,90
5842,90
5843,90
5844,90
5845,90
5846,90
5847,90
5848,90
5849,90
5850,90
5851,90
5852,90
5853,90
5854,90
5855,90
5856,90
5857,90
5858,90
5859,90
5860,90
5861,90
5862,90
5863,90
5864,90
5865,90
5866,90
5867,90
5868,90
5869,90
5870,90
5871,90
5872,90
5873,90
5874,90
5875,90
5876,90
5877,90
5878,90
5879,90
5880,90
5881,90
5882,90
5883,90
5884,90
5885,90
5886,90
5887,90
5888,90
5889,90
5890,90
5891,90
5892,90
5893,90
5894,90
5895,90
5896,90
5897,90
5898,90
5899,90
5900,90
5901,90
5902,90
5903,90
5904,90
5905,90
5906,90
5907,90
5908,90
5909,90
5910,90
5911,90
5912,90
5913,90
5914,90
5915,90
5916,90
5917,90
5918,90
5919,90
5920,90
5921,90
5922,90
5923,90
5924,90
5925,90
5926,90
5927,90
5928,90
5929,90
5930,90
5931,90
5932,90
5933,90
5934,90
5935,90
5936,90
5937,90
5938,90
5939,90
5940,90
5941,90
5942,90
5943,90
5944,90
5945,90
5946,90
5947,90
5948,90
5949,90
5950,90
5951,90
5952,90
5953,90
5954,90
5955,90
5956,90
5957,90
5958,90
5959,90
5960,90
5961,90
5962,90
5963,90
5964,90
5965,90
5966,90
5967,90
5968,90
5969,90
5970,90
5971,90
5972,90
5973,90
5974,90
5975,90
5976,90
5977,90
5978,90
5979,90
5980,90
5981,90
5982,90
5983,90
5984,90
5985,90
5986,90
5987,90
5988,90
5989,90
5990,90
5991,90
5992,90
5993,90
5994,90
5995,90
5996,90
5997,90
5998,90
5999,90
6000,90
6001,90
6002,89
6003,89
6004,89
6005,89
6006,89
6007,89
6008,89
6009,89
6010,89
6011,89
6012,89
6013,89
6014,89
6015,89
6016,89
6017,89
6018,89
6019,89
6020,89
6021,89
6022,89
6023,89
6024,89
6025,89
6026,89
6027,89
6028,89
6029,89
6030,89
6031,89
6032,89
6033,89
6034,89
6035,89
6036,89
6037,89
6038,89
6039,89
6040,89
6041,89
6042,89
6043,89
6044,89
6045,89
6046,89
6047,89
6048,89
6049,89
6050,89
6051,89
6052,89
6053,89
6054,89
6055,89
6056,89
6057,89
6058,89
6059,89
6060,89
6061,89
6062,89
6063,89
6064,89
6065,89
6066,88
6067,88
6068,88
6069,88
6070,88
6071,88
6072,88
6073,88
6074,88
6075,88
6076,88
6077,88
6078,88
6079,88
6080,88
6081,88
6082,88
6083,88
6084,88
6085,88
6086,88
6087,88
6088,88
6089,88
6090,88
6091,88
6092,88
6093,88
6094,88
6095,88
6096,88
6097,88
6098,88
6099,88
6100,88
6101,88
6102,88
6103,88
6104,88
6105,88
6106,88
6107,88
6108,88
6109,88
6110,88
6111,88
6112,88
6113,88
6114,88
6115,88
6116,88
6117,88
6118,88
6119,88
6120,88
6121,88
6122,88
6123,88
6124,88
6125,88
6126,88
6127,88
6128,88
6129,88
6130,88
6131,88
6132,88
6133,88
6134,88
6135,88
6136,88
6137,88
6138,88
6139,88
6140,88
6141,88
6142,88
6143,88
6144,88
6145,88
6146,88
6147,88
6148,88
6149,88
6150,88
6151,88
6152,88
6153,88
6154,88
6155,88
6156,88
6157,88
6158,88
6159,88
6160,88
6161,88
6162,88
6163,88
6164,88
6165,88
6166,88
6167,88
6168,88
6169,88
6170,88
6171,88
6172,88
6173,88
6174,88
6175,88
6176,88
6177,88
6178,88
6179,88
6180,88
6181,88
6182,88
6183,88
6184,88
6185,88
6186,88
6187,88
6188,88
6189,88
6190,88
6191,88
6192,88
6193,88
6194,88
6195,88
6196,88
6197,88
6198,88
6199,88
6200,88
6201,88
6202,88
6203,88
6204,88
6205,88
6206,88
6207,88
6208,88
6209,88
6210,88
6211,88
6212,88
6213,88
6214,88
6215,88
6216,88
6217,88
6218,88
6219,88
6220,88
6221,88
6222,88
6223,88
6224,88
6225,88
6226,88
6227,88
6228,88
6229,88
6230,88
6231,88
6232,88
6233,88
6234,88
6235,88
6236,88
6237,88
6238,88
6239,88
6240,88
6241,88
6242,88
6243,88
6244,88
6245,88
6246,88
6247,88
6248,88
6249,88
6250,88
6251,88
6252,88
6253,88
6254,88
6255,88
6256,88
6257,88
6258,88
6259,88
6260,88
6261,88
6262,88
6263,88
6264,88
6265,88
6266,88
6267,88
6268,88
6269,88
6270,88
6271,88
6272,88
6273,88
6274,88
6275,88
6276,88
6277,88
6278,88
6279,88
6280,88
6281,88
6282,88
6283,88
6284,88
6285,88
6286,88
6287,88
6288,88
6289,88
6290,88
6291,88
6292,88
6293,88
6294,88
6295,88
6296,88
6297,88
6298,88
6299,88
6300,88
6301,88
6302,88
6303,88
6304,88
6305,88
6306,88
6307,88
6308,88
6309,88
6310,88
6311,88
6312,88
6313,88
6314,88
6315,88
6316,88
6317,88
6318,88
6319,88
6320,88
6321,88
6322,88
6323,88
6324,88
6325,88
6326,88
6327,88
6328,88
6329,88
6330,88
6331,88
6332,88
6333,88
6334,88
6335,88
6336,88
6337,88
6338,88
6339,88
6340,88
6341,88
6342,88
6343,88
6344,88
6345,88
6346,88
6347,88
6348,88
6349,88
6350,88
6351,88
6352,88
6353,88
6354,88
6355,88
6356,88
6357,88
6358,88
6359,88
6360,88
6361,88
6362,88
6363,88
6364,88
6365,88
6366,88
6367,88
6368,88
6369,88
6370,88
6371,88
6372,88
6373,88
6374,88
6375,88
6376,88
6377,88
6378,88
6379,88
6380,88
6381,88
6382,88
6383,88
6384,88
6385,88
6386,88
6387,88
6388,88
6389,88
6390,88
6391,88
6392,88
6393,88
6394,88
6395,88
6396,88
6397,88
6398,88
6399,88
6400,88
6401,88
6402,88
6403,88
6404,88
6405,88
6406,88
6407,88
6408,88
6409,88
6410,88
6411,88
6412,88
6413,88
6414,88
6415,88
6416,88
6417,88
6418,88
6419,88
6420,88
6421,88
6422,88
6423,88
6424,88
6425,88
6426,88
6427,88
6428,88
6429,88
6430,88
6431,88
6432,88
6433,88
6434,88
6435,88
6436,88
6437,88
6438,88
6439,88
6440,88
6441,88
6442,88
6443,88
6444,88
6445,88
6446,88
6447,88
6448,88
6449,88
6450,88
6451,88
6452,88
6453,88
6454,88
6455,88
6456,88
6457,88
6458,88
6459,88
6460,88
6461,88
6462,88
6463,88
6464,88
6465,88
6466,88
6467,88
6468,88
6469,88
6470,88
6471,88
6472,88
6473,88
6474,88
6475,88
6476,88
6477,88
6478,88
6479,88
6480,88
6481,88
6482,88
6483,88
6484,88
6485,88
6486,88
6487,88
6488,88
6489,88
6490,88
6491,88
6492,88
6493,88
6494,88
6495,88
6496,88
6497,88
6498,88
6499,88
6500,88
6501,88
6502,88
6503,88
6504,88
6505,88
6506,88
6507,88
6508,88
6509,88
6510,88
6511,88
6512,88
6513,88
6514,88
6515,88
6516,88
6517,88
6518,88
6519,88
6520,88
6521,88
6522,88
6523,88
6524,88
6525,88
6526,88
6527,88
6528,88
6529,88
6530,88
6531,88
6532,88
6533,88
6534,88
6535,88
6536,88
6537,88
6538,88
6539,88
6540,88
6541,88
6542,88
6543,88
6544,88
6545,88
6546,88
6547,88
6548,88
6549,88
6550,88
6551,88
6552,88
6553,88
6554,88
6555,88
6556,88
6557,88
6558,88
6559,88
6560,88
6561,88
6562,88
6563,88
6564,88
6565,88
6566,88
6567,88
6568,88
6569,88
6570,88
6571,88
6572,88
6573,88
6574,88
6575,88
6576,88
6577,88
6578,88
6579,88
6580,87
6581,87
6582,87
6583,87
6584,87
6585,87
6586,87
6587,87
6588,87
6589,87
6590,87
6591,87
6592,87
6593,87
6594,87
6595,87
6596,87
6597,87
6598,87
6599,87
6600,87
6601,87
6602,87
6603,87
6604,87
6605,87
6606,87
6607,87
6608,87
6609,87
6610,87
6611,87
6612,87
6613,87
6614,87
6615,87
6616,87
6617,87
6618,87
6619,87
6620,87
6621,87
6622,87
6623,87
6624,87
6625,87
6626,87
6627,87
6628,87
6629,87
6630,87
6631,87
6632,87
6633,87
6634,87
6635,87
6636,87
6637,87
6638,87
6639,87
6640,87
6641,87
6642,87
6643,87
6644,87
6645,87
6646,87
6647,87
6648,87
6649,87
6650,87
6651,87
6652,87
6653,87
6654,87
6655,87
6656,87
6657,87
6658,87
6659,87
6660,87
6661,87
6662,87
6663,87
6664,87
6665,87
6666,87
6667,87
6668,87
6669,87
6670,87
6671,87
6672,87
6673,87
6674,87
6675,87
6676,87
6677,87
6678,87
6679,87
6680,87
6681,87
6682,87
6683,87
6684,87
6685,87
6686,87
6687,87
6688,87
6689,87
6690,87
6691,87
6692,87
6693,87
6694,87
6695,87
6696,87
6697,87
6698,87
6699,87
6700,87
6701,87
6702,87
6703,87
6704,87
6705,87
6706,87
6707,87
6708,87
6709,87
6710,87
6711,87
6712,87
6713,87
6714,87
6715,87
6716,87
6717,87
6718,87
6719,87
6720,87
6721,87
6722,87
6723,87
6724,87
6725,87
6726,87
6727,87
6728,87
6729,87
6730,87
6731,87
6732,87
6733,87
6734,87
6735,87
6736,87
6737,87
6738,87
6739,87
6740,87
6741,87
6742,87
6743,87
6744,87
6745,87
6746,87
6747,87
6748,87
6749,87
6750,87
6751,87
6752,87
6753,87
6754,87
6755,87
6756,87
6757,87
6758,87
6759,87
6760,87
6761,87
6762,87
6763,87
6764,87
6765,87
6766,87
6767,87
6768,87
6769,87
6770,87
6771,87
6772,87
6773,87
6774,87
6775,87
6776,87
6777,87
6778,87
6779,87
6780,87
6781,87
6782,87
6783,87
6784,87
6785,87
6786,87
6787,87
6788,87
6789,87
6790,87
6791,87
6792,87
6793,87
6794,87
6795,87
6796,87
6797,87
6798,87
6799,87
6800,87
6801,87
6802,87
6803,87
6804,87
6805,87
6806,87
6807,87
6808,87
6809,87
6810,87
6811,87
6812,87
6813,87
6814,87
6815,87
6816,87
6817,87
6818,87
6819,87
6820,87
6821,87
6822,87
6823,87
6824,87
6825,87
6826,87
6827,87
6828,87
6829,87
6830,87
6831,87
6832,87
6833,87
6834,87
6835,87
6836,87
6837,87
6838,87
6839,87
6840,87
6841,87
6842,87
6843,87
6844,87
6845,87
6846,87
6847,87
6848,87
6849,87
6850,87
6851,87
6852,87
6853,87
6854,87
6855,87
6856,87
6857,87
6858,87
6859,87
6860,87
6861,87
6862,87
6863,87
6864,87
6865,87
6866,87
6867,87
6868,87
6869,87
6870,87
6871,87
6872,87
6873,87
6874,87
6875,87
6876,87
6877,87
6878,87
6879,87
6880,87
6881,87
6882,87
6883,87
6884,87
6885,87
6886,87
6887,87
6888,87
6889,87
6890,87
6891,87
6892,87
6893,87
6894,87
6895,87
6896,87
6897,87
6898,87
6899,87
6900,87
6901,87
6902,87
6903,87
6904,87
6905,87
6906,87
6907,87
6908,87
6909,87
6910,87
6911,87
6912,87
6913,87
6914,87
6915,87
6916,87
6917,87
6918,87
6919,87
6920,87
6921,87
6922,87
6923,87
6924,87
6925,87
6926,87
6927,87
6928,87
6929,87
6930,87
6931,87
6932,87
6933,87
6934,87
6935,87
6936,87
6937,87
6938,87
6939,87
6940,87
6941,87
6942,87
6943,87
6944,87
6945,87
6946,87
6947,87
6948,87
6949,87
6950,87
6951,87
6952,87
6953,87
6954,87
6955,87
6956,87
6957,87
6958,87
6959,87
6960,87
6961,87
6962,87
6963,87
6964,87
6965,87
6966,87
6967,87
6968,87
6969,87
6970,87
6971,87
6972,87
6973,87
6974,87
6975,87
6976,87
6977,87
6978,87
6979,87
6980,87
6981,87
6982,87
6983,87
6984,87
6985,87
6986,87
6987,87
6988,87
6989,87
6990,87
6991,87
6992,87
6993,87
6994,87
6995,87
6996,87
6997,87
6998,87
6999,87
7000,87
7001,87
7002,87
7003,87
7004,87
7005,87
7006,87
7007,87
7008,87
7009,87
7010,87
7011,87
7012,87
7013,87
7014,87
7015,87
7016,87
7017,87
7018,87
7019,87
7020,87
7021,87
7022,87
7023,87
7024,87
7025,87
7026,87
7027,87
7028,87
7029,87
7030,87
7031,87
7032,87
7033,87
7034,87
7035,87
7036,87
7037,87
7038,87
7039,87
7040,87
7041,87
7042,87
7043,87
7044,87
7045,87
7046,87
7047,87
7048,87
7049,87
7050,87
7051,87
7052,87
7053,87
7054,87
7055,87
7056,87
7057,87
7058,87
7059,87
7060,87
7061,87
7062,87
7063,87
7064,87
7065,87
7066,87
7067,87
7068,87
7069,87
7070,87
7071,87
7072,87
7073,87
7074,87
7075,87
7076,87
7077,87
7078,87
7079,87
7080,87
7081,87
7082,87
7083,87
7084,87
7085,87
7086,87
7087,87
7088,87
7089,87
7090,87
7091,87
7092,87
7093,87
7094,87
7095,87
7096,87
7097,87
7098,87
7099,87
7100,87
7101,87
7102,87
7103,87
7104,87
7105,87
7106,87
7107,87
7108,87
7109,87
7110,87
7111,87
7112,87
7113,87
7114,87
7115,87
7116,87
7117,87
7118,87
7119,87
7120,87
7121,87
7122,87
7123,87
7124,87
7125,87
7126,87
7127,87
7128,87
7129,87
7130,87
7131,87
7132,87
7133,87
7134,87
7135,87
7136,87
7137,87
7138,87
7139,87
7140,87
7141,87
7142,87
7143,87
7144,87
7145,87
7146,87
7147,87
7148,87
7149,87
7150,87
7151,87
7152,87
7153,87
7154,87
7155,87
7156,87
7157,87
7158,87
7159,87
7160,87
7161,87
7162,87
7163,87
7164,87
7165,87
7166,87
7167,87
7168,87
7169,87
7170,87
7171,87
7172,87
7173,87
7174,87
7175,87
7176,87
7177,87
7178,87
7179,87
7180,87
7181,87
7182,87
7183,87
7184,87
7185,87
7186,87
7187,87
7188,87
7189,87
7190,87
7191,87
7192,87
7193,87
7194,87
7195,87
7196,87
7197,87
7198,87
7199,87
7200,87
7201,87
7202,87
7203,87
7204,87
7205,87
7206,87
7207,87
7208,87
7209,87
7210,87
7211,87
7212,87
7213,87
7214,87
7215,87
7216,87
7217,87
7218,87
7219,87
7220,87
7221,87
7222,87
7223,87
7224,87
7225,87
7226,87
7227,87
7228,87
7229,87
7230,87
7231,87
7232,87
7233,87
7234,87
7235,87
7236,87
7237,87
7238,87
7239,87
7240,87
7241,87
7242,87
7243,87
7244,87
7245,87
7246,87
7247,87
7248,87
7249,87
7250,87
7251,87
7252,87
7253,87
7254,87
7255,87
7256,87
7257,87
7258,87
7259,87
7260,87
7261,87
7262,87
7263,87
7264,87
7265,87
7266,87
7267,87
7268,87
7269,87
7270,87
7271,87
7272,87
7273,87
7274,87
7275,87
7276,87
7277,87
7278,87
7279,87
7280,87
7281,87
7282,87
7283,87
7284,87
7285,87
7286,87
7287,87
7288,87
7289,87
7290,87
7291,87
7292,87
7293,87
7294,87
7295,87
7296,87
7297,87
7298,87
7299,87
7300,87
7301,87
7302,87
7303,87
7304,87
7305,87
7306,87
7307,87
7308,87
7309,87
7310,87
7311,87
7312,87
7313,87
7314,87
7315,87
7316,87
7317,87
7318,87
7319,87
7320,87
7321,87
7322,87
7323,87
7324,87
7325,87
7326,87
7327,87
7328,87
7329,87
7330,87
7331,87
7332,87
7333,87
7334,87
7335,87
7336,87
7337,87
7338,87
7339,87
7340,87
7341,87
7342,87
7343,87
7344,87
7345,87
7346,87
7347,87
7348,87
7349,87
7350,87
7351,87
7352,87
7353,87
7354,87
7355,87
7356,87
7357,87
7358,87
7359,87
7360,87
7361,87
7362,87
7363,87
7364,87
7365,87
7366,87
7367,87
7368,87
7369,87
7370,87
7371,87
7372,87
7373,87
7374,87
7375,87
7376,87
7377,87
7378,87
7379,87
7380,87
7381,87
7382,87
7383,87
7384,87
7385,87
7386,87
7387,87
7388,87
7389,87
7390,87
7391,87
7392,87
7393,87
7394,87
7395,87
7396,87
7397,87
7398,87
7399,87
7400,87
7401,87
7402,87
7403,87
7404,87
7405,87
7406,87
7407,87
7408,87
7409,87
7410,87
7411,87
7412,87
7413,87
7414,87
7415,87
7416,87
7417,87
7418,87
7419,87
7420,87
7421,87
7422,87
7423,87
7424,87
7425,87
7426,87
7427,87
7428,87
7429,87
7430,87
7431,87
7432,87
7433,87
7434,87
7435,87
7436,87
7437,87
7438,87
7439,87
7440,87
7441,87
7442,87
7443,87
7444,87
7445,87
7446,87
7447,87
7448,87
7449,87
7450,87
7451,87
7452,87
7453,87
7454,87
7455,87
7456,87
7457,87
7458,87
7459,87
7460,87
7461,87
7462,87
7463,87
7464,87
7465,87
7466,87
7467,87
7468,87
7469,87
7470,87
7471,87
7472,87
7473,87
7474,87
7475,87
7476,87
7477,87
7478,87
7479,87
7480,87
7481,87
7482,87
7483,87
7484,87
7485,87
7486,87
7487,87
7488,87
7489,87
7490,87
7491,87
7492,87
7493,87
7494,87
7495,87
7496,87
7497,87
7498,87
7499,87
7500,87
7501,87
7502,87
7503,87
7504,87
7505,87
7506,87
7507,87
7508,87
7509,87
7510,87
7511,87
7512,87
7513,87
7514,87
7515,87
7516,87
7517,87
7518,87
7519,87
7520,87
7521,87
7522,87
7523,87
7524,87
7525,87
7526,87
7527,87
7528,87
7529,87
7530,87
7531,87
7532,87
7533,87
7534,87
7535,87
7536,87
7537,87
7538,87
7539,87
7540,87
7541,87
7542,87
7543,87
7544,87
7545,87
7546,87
7547,87
7548,87
7549,87
7550,87
7551,87
7552,87
7553,87
7554,87
7555,87
7556,87
7557,87
7558,87
7559,87
7560,87
7561,87
7562,87
7563,87
7564,87
7565,87
7566,87
7567,87
7568,87
7569,87
7570,87
7571,87
7572,87
7573,87
7574,87
7575,87
7576,87
7577,87
7578,87
7579,87
7580,87
7581,87
7582,87
7583,87
7584,87
7585,87
7586,87
7587,87
7588,87
7589,87
7590,87
7591,87
7592,87
7593,87
7594,87
7595,87
7596,87
7597,87
7598,87
7599,87
7600,87
7601,87
7602,87
7603,87
7604,87
7605,87
7606,87
7607,87
7608,87
7609,87
7610,87
7611,87
7612,87
7613,87
7614,87
7615,87
7616,87
7617,87
7618,87
7619,87
7620,87
7621,87
7622,87
7623,87
7624,87
7625,87
7626,87
7627,87
7628,87
7629,87
7630,87
7631,87
7632,87
7633,87
7634,87
7635,87
7636,87
7637,87
7638,87
7639,87
7640,87
7641,87
7642,87
7643,87
7644,87
7645,87
7646,87
7647,87
7648,87
7649,87
7650,87
7651,87
7652,87
7653,87
7654,87
7655,87
7656,87
7657,87
7658,87
7659,87
7660,87
7661,87
7662,87
7663,87
7664,87
7665,87
7666,87
7667,87
7668,87
7669,87
7670,87
7671,87
7672,87
7673,87
7674,87
7675,87
7676,87
7677,87
7678,87
7679,87
7680,87
7681,87
7682,87
7683,87
7684,87
7685,87
7686,87
7687,87
7688,87
7689,87
7690,87
7691,87
7692,87
7693,87
7694,87
7695,87
7696,87
7697,87
7698,87
7699,87
7700,87
7701,87
7702,87
7703,87
7704,87
7705,87
7706,87
7707,87
7708,87
7709,87
7710,87
7711,87
7712,87
7713,87
7714,87
7715,87
7716,87
7717,87
7718,87
7719,87
7720,87
7721,87
7722,87
7723,87
7724,87
7725,87
7726,87
7727,87
7728,87
7729,87
7730,87
7731,87
7732,87
7733,87
7734,87
7735,87
7736,87
7737,87
7738,87
7739,87
7740,87
7741,87
7742,87
7743,87
7744,87
7745,87
7746,87
7747,87
7748,87
7749,87
7750,87
7751,87
7752,87
7753,87
7754,87
7755,87
7756,87
7757,87
7758,87
7759,87
7760,87
7761,87
7762,87
7763,87
7764,87
7765,87
7766,87
7767,87
7768,87
7769,87
7770,87
7771,87
7772,87
7773,87
7774,87
7775,87
7776,87
7777,87
7778,87
7779,87
7780,87
7781,87
7782,87
7783,87
7784,87
7785,87
7786,87
7787,87
7788,87
7789,87
7790,87
7791,87
7792,87
7793,87
7794,87
7795,87
7796,87
7797,87
7798,87
7799,87
7800,87
7801,87
7802,87
7803,87
7804,87
7805,87
7806,87
7807,87
7808,87
7809,87
7810,87
7811,87
7812,87
7813,87
7814,87
7815,87
7816,87
7817,87
7818,87
7819,87
7820,87
7821,87
7822,87
7823,87
7824,87
7825,87
7826,87
7827,87
7828,87
7829,87
7830,87
7831,87
7832,87
7833,87
7834,87
7835,87
7836,87
7837,87
7838,87
7839,87
7840,87
7841,87
7842,87
7843,87
7844,87
7845,87
7846,87
7847,87
7848,87
7849,87
7850,87
7851,87
7852,87
7853,87
7854,87
7855,87
7856,87
7857,87
7858,87
7859,87
7860,87
7861,87
7862,87
7863,87
7864,87
7865,87
7866,87
7867,87
7868,87
7869,87
7870,87
7871,87
7872,87
7873,87
7874,87
7875,87
7876,87
7877,87
7878,87
7879,87
7880,87
7881,87
7882,87
7883,87
7884,87
7885,87
7886,87
7887,87
7888,87
7889,87
7890,87
7891,87
7892,87
7893,87
7894,87
7895,87
7896,87
7897,87
7898,87
7899,87
7900,87
7901,87
7902,87
7903,87
7904,87
7905,87
7906,87
7907,87
7908,87
7909,87
7910,87
7911,87
7912,87
7913,87
7914,87
7915,87
7916,87
7917,87
7918,87
7919,87
7920,87
7921,87
7922,87
7923,87
7924,87
7925,87
7926,87
7927,87
7928,87
7929,87
7930,87
7931,87
7932,87
7933,87
7934,87
7935,87
7936,87
7937,87
7938,87
7939,87
7940,87
7941,87
7942,87
7943,87
7944,87
7945,87
7946,87
7947,87
7948,87
7949,87
7950,87
7951,87
7952,87
7953,87
7954,87
7955,87
7956,87
7957,87
7958,87
7959,87
7960,87
7961,87
7962,87
7963,87
7964,87
7965,87
7966,87
7967,87
7968,87
7969,87
7970,87
7971,87
7972,87
7973,87
7974,87
7975,87
7976,87
7977,87
7978,87
7979,87
7980,87
7981,87
7982,87
7983,87
7984,87
7985,87
7986,87
7987,87
7988,87
7989,87
7990,87
7991,87
7992,87
7993,87
7994,87
7995,87
7996,87
7997,87
7998,87
7999,87
8000,87
8001,87
8002,87
8003,87
8004,87
8005,87
8006,87
8007,87
8008,87
8009,87
8010,87
8011,87
8012,87
8013,87
8014,87
8015,87
8016,87
8017,87
8018,87
8019,87
8020,87
8021,87
8022,87
8023,87
8024,87
8025,87
8026,87
8027,87
8028,87
8029,87
8030,87
8031,87
8032,87
8033,87
8034,87
8035,87
8036,87
8037,87
8038,87
8039,87
8040,87
8041,87
8042,87
8043,87
8044,87
8045,87
8046,87
8047,87
8048,87
8049,87
8050,87
8051,87
8052,87
8053,87
8054,87
8055,87
8056,87
8057,87
8058,87
8059,87
8060,87
8061,87
8062,87
8063,87
8064,87
8065,87
8066,87
8067,87
8068,87
8069,87
8070,87
8071,87
8072,87
8073,87
8074,87
8075,87
8076,87
8077,87
8078,87
8079,87
8080,87
8081,87
8082,87
8083,87
8084,87
8085,87
8086,87
8087,87
8088,87
8089,87
8090,87
8091,87
8092,87
8093,87
8094,87
8095,87
8096,87
8097,87
8098,87
8099,87
8100,87
8101,87
8102,87
8103,87
8104,87
8105,87
8106,86
8107,86
8108,86
8109,86
8110,86
8111,86
8112,86
8113,86
8114,86
8115,86
8116,86
8117,86
8118,86
8119,86
8120,86
8121,86
8122,86
8123,86
8124,86
8125,86
8126,86
8127,86
8128,86
8129,86
8130,86
8131,86
8132,86
8133,86
8134,86
8135,86
8136,86
8137,86
8138,86
8139,86
8140,86
8141,86
8142,86
8143,86
8144,86
8145,86
8146,86
8147,86
8148,86
8149,86
8150,86
8151,86
8152,86
8153,86
8154,86
8155,86
8156,86
8157,86
8158,86
8159,86
8160,86
8161,86
8162,86
8163,86
8164,86
8165,86
8166,86
8167,86
8168,86
8169,86
8170,86
8171,86
8172,86
8173,86
8174,86
8175,86
8176,86
8177,86
8178,86
8179,86
8180,86
8181,86
8182,86
8183,86
8184,86
8185,86
8186,86
8187,86
8188,86
8189,86
8190,86
8191,86
8192,86
8193,86
8194,86
8195,86
8196,86
8197,86
8198,86
8199,86
8200,86
8201,86
8202,86
8203,86
8204,86
8205,86
8206,86
8207,86
8208,86
8209,86
8210,86
8211,86
8212,86
8213,86
8214,86
8215,86
8216,86
8217,86
8218,86
8219,86
8220,86
8221,86
8222,86
8223,86
8224,86
8225,86
8226,86
8227,86
8228,86
8229,86
8230,86
8231,86
8232,86
8233,86
8234,86
8235,86
8236,86
8237,86
8238,86
8239,86
8240,86
8241,86
8242,86
8243,86
8244,86
8245,86
8246,86
8247,86
8248,86
8249,86
8250,86
8251,86
8252,86
8253,86
8254,86
8255,86
8256,86
8257,86
8258,86
8259,86
8260,86
8261,86
8262,86
8263,86
8264,86
8265,86
8266,86
8267,86
8268,86
8269,86
8270,86
8271,86
8272,86
8273,86
8274,86
8275,86
8276,86
8277,86
8278,86
8279,86
8280,86
8281,86
8282,86
8283,86
8284,86
8285,86
8286,86
8287,86
8288,86
8289,86
8290,86
8291,86
8292,86
8293,86
8294,86
8295,86
8296,86
8297,86
8298,86
8299,86
8300,86
8301,86
8302,86
8303,86
8304,86
8305,86
8306,86
8307,86
8308,86
8309,86
8310,86
8311,86
8312,86
8313,86
8314,86
8315,86
8316,86
8317,86
8318,86
8319,86
8320,86
8321,86
8322,86
8323,86
8324,86
8325,86
8326,86
8327,86
8328,86
8329,86
8330,86
8331,86
8332,86
8333,86
8334,86
8335,86
8336,86
8337,86
8338,86
8339,86
8340,86
8341,86
8342,86
8343,86
8344,86
8345,86
8346,86
8347,86
8348,86
8349,86
8350,86
8351,86
8352,86
8353,86
8354,86
8355,86
8356,86
8357,86
8358,86
8359,86
8360,86
8361,86
8362,86
8363,86
8364,86
8365,86
8366,86
8367,86
8368,86
8369,86
8370,86
8371,86
8372,86
8373,86
8374,86
8375,86
8376,86
8377,86
8378,86
8379,86
8380,86
8381,86
8382,86
8383,86
8384,86
8385,86
8386,86
8387,86
8388,86
8389,86
8390,86
8391,86
8392,86
8393,86
8394,86
8395,86
8396,86
8397,86
8398,86
8399,86
8400,86
8401,86
8402,86
8403,86
8404,86
8405,86
8406,86
8407,86
8408,86
8409,86
8410,86
8411,86
8412,86
8413,86
8414,86
8415,86
8416,86
8417,86
8418,86
8419,86
8420,86
8421,86
8422,86
8423,86
8424,86
8425,86
8426,86
8427,86
8428,86
8429,86
8430,86
8431,86
8432,86
8433,86
8434,86
8435,86
8436,86
8437,86
8438,86
8439,86
8440,86
8441,86
8442,86
8443,86
8444,86
8445,86
8446,86
8447,86
8448,86
8449,86
8450,86
8451,86
8452,86
8453,86
8454,86
8455,86
8456,86
8457,86
8458,86
8459,86
8460,86
8461,86
8462,86
8463,86
8464,86
8465,86
8466,86
8467,86
8468,86
8469,86
8470,86
8471,86
8472,86
8473,86
8474,86
8475,86
8476,86
8477,86
8478,86
8479,86
8480,86
8481,86
8482,86
8483,86
8484,86
8485,86
8486,86
8487,86
8488,86
8489,86
8490,86
8491,86
8492,86
8493,86
8494,86
8495,86
8496,86
8497,86
8498,86
8499,86
8500,86
8501,86
8502,86
8503,86
8504,86
8505,86
8506,86
8507,86
8508,86
8509,86
8510,86
8511,86
8512,86
8513,86
8514,86
8515,86
8516,86
8517,86
8518,86
8519,86
8520,86
8521,86
8522,86
8523,86
8524,86
8525,86
8526,86
8527,86
8528,86
8529,86
8530,86
8531,86
8532,86
8533,86
8534,86
8535,86
8536,86
8537,86
8538,86
8539,86
8540,86
8541,86
8542,86
8543,86
8544,86
8545,86
8546,86
8547,86
8548,86
8549,86
8550,86
8551,86
8552,86
8553,86
8554,86
8555,86
8556,86
8557,86
8558,86
8559,86
8560,86
8561,86
8562,86
8563,86
8564,86
8565,86
8566,86
8567,86
8568,86
8569,86
8570,86
8571,86
8572,86
8573,86
8574,86
8575,86
8576,86
8577,86
8578,86
8579,86
8580,86
8581,86
8582,86
8583,86
8584,86
8585,86
8586,86
8587,86
8588,86
8589,86
8590,86
8591,86
8592,86
8593,86
8594,86
8595,86
8596,86
8597,86
8598,86
8599,86
8600,86
8601,86
8602,86
8603,86
8604,86
8605,86
8606,86
8607,86
8608,86
8609,86
8610,86
8611,86
8612,86
8613,86
8614,86
8615,86
8616,86
8617,86
8618,86
8619,86
8620,86
8621,86
8622,86
8623,86
8624,86
8625,86
8626,86
8627,86
8628,86
8629,86
8630,86
8631,86
8632,86
8633,86
8634,86
8635,86
8636,86
8637,86
8638,86
8639,86
8640,86
8641,86
8642,86
8643,86
8644,86
8645,86
8646,86
8647,86
8648,86
8649,86
8650,86
8651,86
8652,86
8653,86
8654,86
8655,86
8656,86
8657,86
8658,86
8659,86
8660,86
8661,86
8662,86
8663,86
8664,86
8665,86
8666,86
8667,86
8668,86
8669,86
8670,86
8671,86
8672,86
8673,86
8674,86
8675,86
8676,86
8677,86
8678,86
8679,86
8680,86
8681,86
8682,86
8683,86
8684,86
8685,86
8686,86
8687,86
8688,86
8689,86
8690,86
8691,86
8692,86
8693,86
8694,86
8695,86
8696,86
8697,86
8698,86
8699,86
8700,86
8701,86
8702,86
8703,86
8704,86
8705,86
8706,86
8707,86
8708,86
8709,86
8710,86
8711,86
8712,86
8713,86
8714,86
8715,86
8716,86
8717,86
8718,86
8719,86
8720,86
8721,86
8722,86
8723,86
8724,86
8725,86
8726,86
8727,86
8728,86
8729,86
8730,86
8731,86
8732,86
8733,86
8734,86
8735,86
8736,86
8737,86
8738,86
8739,86
8740,86
8741,86
8742,86
8743,86
8744,86
8745,86
8746,86
8747,86
8748,86
8749,86
8750,86
8751,86
8752,86
8753,86
8754,86
8755,86
8756,86
8757,86
8758,86
8759,86
8760,86
8761,86
8762,86
8763,86
8764,86
8765,86
8766,86
8767,86
8768,86
8769,86
8770,86
8771,86
8772,86
8773,86
8774,86
8775,86
8776,86
8777,86
8778,86
8779,86
8780,86
8781,86
8782,86
8783,86
8784,86
8785,86
8786,86
8787,86
8788,86
8789,86
8790,86
8791,86
8792,86
8793,86
8794,86
8795,86
8796,86
8797,86
8798,86
8799,86
8800,86
8801,86
8802,86
8803,86
8804,86
8805,86
8806,86
8807,86
8808,86
8809,86
8810,86
8811,86
8812,86
8813,86
8814,86
8815,86
8816,86
8817,86
8818,86
8819,86
8820,86
8821,86
8822,86
8823,86
8824,86
8825,86
8826,86
8827,86
8828,86
8829,86
8830,86
8831,86
8832,86
8833,86
8834,86
8835,86
8836,86
8837,86
8838,86
8839,86
8840,86
8841,86
8842,86
8843,86
8844,86
8845,86
8846,86
8847,86
8848,86
8849,86
8850,86
8851,86
8852,86
8853,86
8854,86
8855,86
8856,86
8857,86
8858,86
8859,86
8860,86
8861,86
8862,86
8863,86
8864,86
8865,86
8866,86
8867,86
8868,86
8869,86
8870,86
8871,86
8872,86
8873,86
8874,86
8875,86
8876,86
8877,86
8878,86
8879,86
8880,86
8881,86
8882,86
8883,86
8884,86
8885,86
8886,86
8887,86
8888,86
8889,86
8890,86
8891,86
8892,86
8893,86
8894,86
8895,86
8896,86
8897,86
8898,86
8899,86
8900,86
8901,86
8902,86
8903,86
8904,86
8905,86
8906,86
8907,86
8908,86
8909,86
8910,86
8911,86
8912,86
8913,86
8914,86
8915,86
8916,86
8917,86
8918,86
8919,86
8920,86
8921,86
8922,86
8923,86
8924,86
8925,86
8926,86
8927,86
8928,86
8929,86
8930,86
8931,86
8932,86
8933,86
8934,86
8935,86
8936,86
8937,86
8938,86
8939,86
8940,86
8941,86
8942,86
8943,86
8944,86
8945,86
8946,86
8947,86
8948,86
8949,86
8950,86
8951,86
8952,86
8953,86
8954,86
8955,86
8956,86
8957,86
8958,86
8959,86
8960,86
8961,86
8962,86
8963,86
8964,86
8965,86
8966,86
8967,86
8968,86
8969,86
8970,86
8971,86
8972,86
8973,86
8974,86
8975,86
8976,86
8977,86
8978,86
8979,86
8980,86
8981,86
8982,86
8983,86
8984,86
8985,86
8986,86
8987,86
8988,86
8989,86
8990,86
8991,86
8992,86
8993,86
8994,86
8995,86
8996,86
8997,86
8998,86
8999,86
9000,86
9001,86
9002,86
9003,86
9004,86
9005,86
9006,86
9007,86
9008,86
9009,86
9010,86
9011,86
9012,86
9013,86
9014,86
9015,86
9016,86
9017,86
9018,86
9019,86
9020,86
9021,86
9022,86
9023,86
9024,86
9025,86
9026,86
9027,86
9028,86
9029,86
9030,86
9031,86
9032,86
9033,86
9034,86
9035,86
9036,86
9037,86
9038,86
9039,86
9040,86
9041,86
9042,86
9043,86
9044,86
9045,86
9046,86
9047,86
9048,86
9049,86
9050,86
9051,86
9052,86
9053,86
9054,86
9055,86
9056,86
9057,86
9058,86
9059,86
9060,86
9061,86
9062,86
9063,86
9064,86
9065,86
9066,86
9067,86
9068,86
9069,86
9070,86
9071,86
9072,86
9073,86
9074,86
9075,86
9076,86
9077,86
9078,86
9079,86
9080,86
9081,86
9082,86
9083,86
9084,86
9085,86
9086,86
9087,86
9088,86
9089,86
9090,86
9091,86
9092,86
9093,86
9094,86
9095,86
9096,86
9097,86
9098,86
9099,86
9100,86
9101,86
9102,86
9103,86
9104,86
9105,86
9106,86
9107,86
9108,86
9109,86
9110,86
9111,86
9112,86
9113,86
9114,86
9115,86
9116,86
9117,86
9118,86
9119,86
9120,86
9121,86
9122,86
9123,86
9124,86
9125,86
9126,86
9127,86
9128,86
9129,86
9130,86
9131,86
9132,86
9133,86
9134,86
9135,86
9136,86
9137,86
9138,86
9139,86
9140,86
9141,86
9142,86
9143,86
9144,86
9145,86
9146,86
9147,86
9148,86
9149,86
9150,86
9151,86
9152,86
9153,86
9154,86
9155,86
9156,86
9157,86
9158,86
9159,86
9160,86
9161,86
9162,86
9163,86
9164,86
9165,86
9166,86
9167,86
9168,86
9169,86
9170,86
9171,86
9172,86
9173,86
9174,86
9175,86
9176,86
9177,86
9178,86
9179,86
9180,86
9181,86
9182,86
9183,86
9184,86
9185,86
9186,86
9187,86
9188,86
9189,86
9190,86
9191,86
9192,86
9193,86
9194,86
9195,86
9196,86
9197,86
9198,86
9199,86
9200,86
9201,86
9202,86
9203,86
9204,86
9205,86
9206,86
9207,86
9208,86
9209,86
9210,86
9211,86
9212,86
9213,86
9214,86
9215,86
9216,86
9217,86
9218,86
9219,86
9220,86
9221,86
9222,86
9223,86
9224,86
9225,86
9226,86
9227,86
9228,86
9229,86
9230,86
9231,86
9232,86
9233,86
9234,86
9235,86
9236,86
9237,86
9238,86
9239,86
9240,86
9241,86
9242,86
9243,86
9244,86
9245,86
9246,86
9247,86
9248,86
9249,86
9250,86
9251,86
9252,86
9253,86
9254,86
9255,86
9256,86
9257,86
9258,86
9259,86
9260,86
9261,86
9262,86
9263,86
9264,86
9265,86
9266,86
9267,86
9268,86
9269,86
9270,86
9271,86
9272,86
9273,86
9274,86
9275,86
9276,86
9277,86
9278,86
9279,86
9280,86
9281,86
9282,86
9283,86
9284,86
9285,86
9286,86
9287,86
9288,86
9289,86
9290,86
9291,86
9292,86
9293,86
9294,86
9295,86
9296,86
9297,86
9298,86
9299,86
9300,86
9301,86
9302,86
9303,86
9304,86
9305,86
9306,86
9307,86
9308,86
9309,86
9310,86
9311,86
9312,86
9313,86
9314,86
9315,86
9316,86
9317,86
9318,86
9319,86
9320,86
9321,86
9322,86
9323,86
9324,86
9325,86
9326,86
9327,86
9328,86
9329,86
9330,86
9331,86
9332,86
9333,86
9334,86
9335,86
9336,86
9337,86
9338,86
9339,86
9340,86
9341,86
9342,86
9343,86
9344,86
9345,86
9346,86
9347,86
9348,86
9349,86
9350,86
9351,86
9352,86
9353,86
9354,86
9355,86
9356,86
9357,86
9358,86
9359,86
9360,86
9361,86
9362,86
9363,86
9364,86
9365,86
9366,86
9367,86
9368,86
9369,86
9370,86
9371,86
9372,86
9373,86
9374,86
9375,86
9376,86
9377,86
9378,86
9379,86
9380,86
9381,86
9382,86
9383,86
9384,86
9385,86
9386,86
9387,86
9388,86
9389,86
9390,86
9391,86
9392,86
9393,86
9394,86
9395,86
9396,86
9397,86
9398,86
9399,86
9400,86
9401,86
9402,86
9403,86
9404,86
9405,86
9406,86
9407,86
9408,86
9409,86
9410,86
9411,86
9412,86
9413,86
9414,86
9415,86
9416,86
9417,86
9418,86
9419,86
9420,86
9421,86
9422,86
9423,86
9424,86
9425,86
9426,86
9427,86
9428,86
9429,86
9430,86
9431,86
9432,86
9433,86
9434,86
9435,86
9436,86
9437,86
9438,86
9439,86
9440,86
9441,86
9442,86
9443,86
9444,86
9445,86
9446,86
9447,86
9448,86
9449,86
9450,86
9451,86
9452,86
9453,86
9454,86
9455,86
9456,86
9457,86
9458,86
9459,86
9460,86
9461,86
9462,86
9463,86
9464,86
9465,86
9466,86
9467,86
9468,86
9469,86
9470,86
9471,86
9472,86
9473,86
9474,86
9475,86
9476,86
9477,86
9478,86
9479,86
9480,86
9481,86
9482,86
9483,86
9484,86
9485,86
9486,86
9487,86
9488,86
9489,86
9490,86
9491,86
9492,86
9493,86
9494,86
9495,86
9496,86
9497,86
9498,86
9499,86
9500,86
9501,86
9502,86
9503,86
9504,86
9505,86
9506,86
9507,86
9508,86
9509,86
9510,86
9511,86
9512,86
9513,86
9514,86
9515,86
9516,86
9517,86
9518,86
9519,86
9520,86
9521,86
9522,86
9523,86
9524,86
9525,86
9526,86
9527,86
9528,86
9529,86
9530,86
9531,86
9532,86
9533,86
9534,86
9535,86
9536,86
9537,86
9538,86
9539,86
9540,86
9541,86
9542,86
9543,86
9544,86
9545,86
9546,86
9547,86
9548,86
9549,86
9550,86
9551,86
9552,86
9553,86
9554,86
9555,86
9556,86
9557,86
9558,86
9559,86
9560,86
9561,86
9562,86
9563,86
9564,86
9565,86
9566,86
9567,86
9568,86
9569,86
9570,86
9571,86
9572,86
9573,86
9574,86
9575,86
9576,86
9577,86
9578,86
9579,86
9580,86
9581,86
9582,86
9583,86
9584,86
9585,86
9586,86
9587,86
9588,86
9589,86
9590,86
9591,86
9592,86
9593,86
9594,86
9595,86
9596,86
9597,86
9598,86
9599,86
9600,86
9601,86
9602,86
9603,86
9604,86
9605,86
9606,86
9607,86
9608,86
9609,86
9610,86
9611,86
9612,86
9613,86
9614,86
9615,86
9616,86
9617,86
9618,86
9619,86
9620,86
9621,86
9622,86
9623,86
9624,86
9625,86
9626,86
9627,86
9628,86
9629,86
9630,86
9631,86
9632,86
9633,86
9634,86
9635,86
9636,86
9637,86
9638,86
9639,86
9640,86
9641,86
9642,86
9643,86
9644,86
9645,86
9646,86
9647,86
9648,86
9649,86
9650,86
9651,86
9652,86
9653,86
9654,86
9655,86
9656,86
9657,86
9658,86
9659,86
9660,86
9661,86
9662,86
9663,86
9664,86
9665,86
9666,86
9667,86
9668,86
9669,86
9670,86
9671,86
9672,86
9673,86
9674,86
9675,86
9676,86
9677,86
9678,86
9679,86
9680,86
9681,86
9682,86
9683,86
9684,86
9685,86
9686,86
9687,86
9688,86
9689,86
9690,86
9691,86
9692,86
9693,86
9694,86
9695,86
9696,86
9697,86
9698,86
9699,86
9700,86
9701,86
9702,86
9703,86
9704,86
9705,86
9706,86
9707,86
9708,86
9709,86
9710,86
9711,86
9712,86
9713,86
9714,86
9715,86
9716,86
9717,86
9718,86
9719,86
9720,86
9721,86
9722,86
9723,86
9724,86
9725,86
9726,86
9727,86
9728,86
9729,86
9730,86
9731,86
9732,86
9733,86
9734,86
9735,86
9736,86
9737,86
9738,86
9739,86
9740,86
9741,86
9742,86
9743,86
9744,86
9745,86
9746,86
9747,86
9748,86
9749,86
9750,86
9751,86
9752,86
9753,86
9754,86
9755,86
9756,86
9757,86
9758,86
9759,86
9760,86
9761,86
9762,86
9763,86
9764,86
9765,86
9766,86
9767,86
9768,86
9769,86
9770,86
9771,86
9772,86
9773,86
9774,86
9775,86
9776,86
9777,86
9778,86
9779,86
9780,86
9781,86
9782,86
9783,86
9784,86
9785,86
9786,86
9787,86
9788,86
9789,86
9790,86
9791,86
9792,86
9793,86
9794,86
9795,86
9796,86
9797,86
9798,86
9799,86
9800,86
9801,86
9802,86
9803,86
9804,86
9805,86
9806,86
9807,86
9808,86
9809,86
9810,86
9811,86
9812,86
9813,86
9814,86
9815,86
9816,86
9817,86
9818,86
9819,86
9820,86
9821,86
9822,86
9823,86
9824,86
9825,86
9826,86
9827,86
9828,86
9829,86
9830,86
9831,86
9832,86
9833,86
9834,86
9835,86
9836,86
9837,86
9838,86
9839,86
9840,86
9841,86
9842,86
9843,86
9844,86
9845,86
9846,86
9847,86
9848,86
9849,86
9850,86
9851,86
9852,86
9853,86
9854,86
9855,86
9856,86
9857,86
9858,86
9859,86
9860,86
9861,86
9862,86
9863,86
9864,86
9865,86
9866,86
9867,86
9868,86
9869,86
9870,86
9871,86
9872,86
9873,86
9874,86
9875,86
9876,86
9877,86
9878,86
9879,86
9880,86
9881,86
9882,86
9883,86
9884,86
9885,86
9886,86
9887,86
9888,86
9889,86
9890,86
9891,86
9892,86
9893,86
9894,86
9895,86
9896,86
9897,86
9898,86
9899,86
9900,86
9901,86
9902,86
9903,86
9904,86
9905,86
9906,86
9907,86
9908,86
9909,86
9910,86
9911,86
9912,86
9913,86
9914,86
9915,86
9916,86
9917,86
9918,86
9919,86
9920,86
9921,86
9922,86
9923,86
9924,86
9925,86
9926,86
9927,86
9928,86
9929,86
9930,86
9931,86
9932,86
9933,86
9934,86
9935,86
9936,86
9937,86
9938,86
9939,86
9940,86
9941,86
9942,86
9943,86
9944,86
9945,86
9946,86
9947,86
9948,86
9949,86
9950,86
9951,86
9952,86
9953,86
9954,86
9955,86
9956,86
9957,86
9958,86
9959,86
9960,86
9961,86
9962,86
9963,86
9964,86
9965,86
9966,86
9967,86
9968,86
9969,86
9970,86
9971,86
9972,86
9973,86
9974,86
9975,86
9976,86
9977,86
9978,86
9979,86
9980,86
9981,86
9982,86
9983,86
9984,86
9985,86
9986,86
9987,86
9988,86
9989,86
9990,86
9991,86
9992,86
9993,86
9994,86
9995,86
9996,86
9997,86
9998,86
9999,86
