,pso
0,300
1,300
2,300
3,300
4,300
5,300
6,300
7,300
8,300
9,300
10,300
11,300
12,300
13,300
14,300
15,300
16,300
17,300
18,300
19,300
20,300
21,300
22,300
23,300
24,300
25,300
26,300
27,300
28,300
29,300
30,300
31,300
32,300
33,300
34,300
35,300
36,300
37,300
38,300
39,300
40,300
41,300
42,300
43,300
44,300
45,300
46,300
47,300
48,300
49,300
50,300
51,300
52,300
53,300
54,300
55,300
56,300
57,300
58,300
59,300
60,300
61,300
62,300
63,300
64,300
65,300
66,300
67,300
68,300
69,300
70,300
71,300
72,300
73,300
74,300
75,300
76,300
77,300
78,300
79,300
80,300
81,300
82,300
83,300
84,300
85,300
86,300
87,300
88,300
89,300
90,300
91,300
92,300
93,300
94,300
95,300
96,300
97,300
98,300
99,300
100,300
101,300
102,300
103,300
104,300
105,300
106,300
107,300
108,300
109,300
110,300
111,300
112,300
113,300
114,300
115,300
116,300
117,300
118,300
119,300
120,300
121,300
122,300
123,300
124,300
125,300
126,300
127,300
128,300
129,300
130,300
131,300
132,300
133,300
134,300
135,300
136,300
137,300
138,300
139,300
140,300
141,300
142,300
143,300
144,300
145,300
146,300
147,300
148,300
149,300
150,300
151,300
152,300
153,300
154,300
155,300
156,300
157,300
158,300
159,300
160,300
161,300
162,300
163,300
164,300
165,300
166,300
167,300
168,300
169,300
170,300
171,300
172,300
173,300
174,300
175,300
176,300
177,300
178,300
179,300
180,300
181,300
182,300
183,300
184,300
185,300
186,300
187,300
188,300
189,300
190,300
191,300
192,300
193,300
194,300
195,300
196,300
197,300
198,300
199,300
200,300
201,300
202,300
203,300
204,300
205,300
206,300
207,300
208,300
209,300
210,300
211,300
212,300
213,300
214,300
215,300
216,300
217,300
218,300
219,300
220,300
221,300
222,300
223,300
224,300
225,300
226,300
227,300
228,300
229,300
230,300
231,300
232,300
233,300
234,300
235,300
236,300
237,300
238,300
239,300
240,300
241,300
242,300
243,300
244,300
245,300
246,300
247,300
248,300
249,300
250,300
251,300
252,300
253,300
254,300
255,300
256,300
257,300
258,300
259,300
260,300
261,300
262,300
263,300
264,300
265,300
266,300
267,300
268,300
269,300
270,300
271,300
272,300
273,300
274,300
275,300
276,300
277,300
278,300
279,300
280,300
281,300
282,300
283,300
284,300
285,300
286,300
287,300
288,300
289,300
290,300
291,300
292,300
293,300
294,300
295,300
296,300
297,300
298,300
299,300
300,300
301,300
302,300
303,300
304,300
305,300
306,300
307,300
308,300
309,300
310,300
311,300
312,300
313,300
314,300
315,300
316,300
317,300
318,300
319,300
320,300
321,300
322,300
323,300
324,300
325,300
326,300
327,300
328,300
329,300
330,300
331,300
332,300
333,300
334,300
335,300
336,300
337,300
338,300
339,300
340,300
341,300
342,300
343,300
344,300
345,300
346,300
347,300
348,300
349,300
350,300
351,300
352,300
353,300
354,300
355,300
356,300
357,300
358,300
359,300
360,300
361,300
362,300
363,300
364,300
365,300
366,300
367,300
368,300
369,300
370,300
371,300
372,300
373,300
374,300
375,300
376,300
377,300
378,300
379,300
380,300
381,300
382,300
383,300
384,300
385,300
386,300
387,300
388,300
389,300
390,300
391,300
392,300
393,300
394,300
395,300
396,300
397,300
398,300
399,300
400,300
401,300
402,300
403,300
404,300
405,300
406,300
407,300
408,300
409,300
410,300
411,300
412,300
413,300
414,300
415,300
416,300
417,300
418,300
419,300
420,300
421,300
422,300
423,300
424,300
425,300
426,300
427,300
428,300
429,300
430,300
431,300
432,300
433,300
434,300
435,300
436,300
437,300
438,300
439,300
440,300
441,300
442,300
443,300
444,300
445,300
446,300
447,300
448,300
449,300
450,300
451,300
452,300
453,300
454,300
455,300
456,300
457,300
458,300
459,300
460,300
461,300
462,300
463,300
464,300
465,300
466,300
467,300
468,300
469,300
470,300
471,300
472,300
473,300
474,300
475,300
476,300
477,300
478,300
479,300
480,300
481,300
482,300
483,300
484,300
485,300
486,300
487,300
488,300
489,300
490,300
491,300
492,300
493,300
494,300
495,300
496,300
497,300
498,300
499,300
500,300
501,300
502,300
503,300
504,300
505,300
506,300
507,300
508,300
509,300
510,300
511,300
512,300
513,300
514,300
515,300
516,300
517,300
518,300
519,300
520,300
521,300
522,300
523,300
524,300
525,300
526,300
527,300
528,300
529,300
530,300
531,300
532,300
533,300
534,300
535,300
536,300
537,300
538,300
539,300
540,300
541,300
542,300
543,300
544,300
545,300
546,300
547,300
548,300
549,300
550,300
551,300
552,300
553,300
554,300
555,300
556,300
557,300
558,300
559,300
560,300
561,300
562,300
563,300
564,300
565,300
566,300
567,300
568,300
569,300
570,300
571,300
572,300
573,300
574,300
575,300
576,300
577,300
578,300
579,300
580,300
581,300
582,300
583,300
584,300
585,300
586,300
587,300
588,300
589,300
590,300
591,300
592,300
593,300
594,300
595,300
596,300
597,300
598,300
599,300
600,300
601,300
602,300
603,300
604,300
605,300
606,300
607,300
608,300
609,300
610,300
611,300
612,300
613,300
614,300
615,300
616,300
617,300
618,300
619,300
620,300
621,300
622,300
623,300
624,300
625,300
626,300
627,300
628,300
629,300
630,300
631,300
632,300
633,300
634,300
635,300
636,300
637,300
638,300
639,300
640,300
641,300
642,300
643,300
644,300
645,300
646,300
647,300
648,300
649,300
650,300
651,300
652,300
653,300
654,300
655,300
656,300
657,300
658,300
659,300
660,300
661,300
662,300
663,300
664,300
665,300
666,300
667,300
668,300
669,300
670,300
671,300
672,300
673,300
674,300
675,300
676,300
677,300
678,300
679,300
680,300
681,300
682,300
683,300
684,300
685,300
686,300
687,300
688,300
689,300
690,300
691,300
692,300
693,300
694,300
695,300
696,300
697,300
698,300
699,300
700,300
701,300
702,300
703,300
704,300
705,300
706,300
707,300
708,300
709,300
710,300
711,300
712,300
713,300
714,300
715,300
716,300
717,300
718,300
719,300
720,300
721,300
722,300
723,300
724,300
725,300
726,300
727,300
728,300
729,300
730,300
731,300
732,300
733,300
734,300
735,300
736,300
737,300
738,300
739,300
740,300
741,300
742,300
743,300
744,300
745,300
746,300
747,300
748,300
749,300
750,300
751,300
752,300
753,300
754,300
755,300
756,300
757,300
758,300
759,300
760,300
761,300
762,300
763,300
764,300
765,300
766,300
767,300
768,300
769,300
770,300
771,300
772,300
773,300
774,300
775,300
776,300
777,300
778,300
779,300
780,300
781,300
782,300
783,300
784,300
785,300
786,300
787,300
788,300
789,300
790,300
791,300
792,300
793,300
794,300
795,300
796,300
797,300
798,300
799,300
800,300
801,300
802,300
803,300
804,300
805,300
806,300
807,300
808,300
809,300
810,300
811,300
812,300
813,300
814,300
815,300
816,300
817,300
818,300
819,300
820,300
821,300
822,300
823,300
824,300
825,300
826,300
827,300
828,300
829,300
830,300
831,300
832,300
833,300
834,300
835,300
836,300
837,300
838,300
839,300
840,300
841,300
842,300
843,300
844,300
845,300
846,300
847,300
848,300
849,300
850,300
851,300
852,300
853,300
854,300
855,300
856,300
857,300
858,300
859,300
860,300
861,300
862,300
863,300
864,300
865,300
866,300
867,300
868,300
869,300
870,300
871,300
872,300
873,300
874,300
875,300
876,300
877,300
878,300
879,300
880,300
881,300
882,300
883,300
884,300
885,300
886,300
887,300
888,300
889,300
890,300
891,300
892,300
893,300
894,300
895,300
896,300
897,300
898,300
899,300
900,300
901,300
902,300
903,300
904,300
905,300
906,300
907,300
908,300
909,300
910,300
911,300
912,300
913,300
914,300
915,300
916,300
917,300
918,300
919,300
920,300
921,300
922,300
923,300
924,300
925,300
926,300
927,300
928,300
929,300
930,300
931,300
932,300
933,300
934,300
935,300
936,300
937,300
938,300
939,300
940,300
941,300
942,300
943,300
944,300
945,300
946,300
947,300
948,300
949,300
950,300
951,300
952,300
953,300
954,300
955,300
956,300
957,300
958,300
959,300
960,300
961,300
962,300
963,300
964,300
965,300
966,300
967,300
968,300
969,300
970,300
971,300
972,300
973,300
974,300
975,300
976,300
977,300
978,300
979,300
980,300
981,300
982,300
983,300
984,300
985,300
986,300
987,300
988,300
989,300
990,300
991,300
992,300
993,300
994,300
995,300
996,300
997,300
998,300
999,300
1000,300
1001,300
1002,300
1003,300
1004,300
1005,300
1006,300
1007,300
1008,300
1009,300
1010,300
1011,300
1012,300
1013,300
1014,300
1015,300
1016,300
1017,300
1018,300
1019,300
1020,300
1021,300
1022,300
1023,300
1024,300
1025,300
1026,300
1027,300
1028,300
1029,300
1030,300
1031,300
1032,300
1033,300
1034,300
1035,300
1036,300
1037,300
1038,300
1039,300
1040,300
1041,300
1042,300
1043,300
1044,300
1045,300
1046,300
1047,300
1048,300
1049,300
1050,300
1051,300
1052,300
1053,300
1054,300
1055,300
1056,300
1057,300
1058,300
1059,300
1060,300
1061,300
1062,300
1063,300
1064,300
1065,300
1066,300
1067,300
1068,300
1069,300
1070,300
1071,300
1072,300
1073,300
1074,300
1075,300
1076,300
1077,300
1078,300
1079,300
1080,300
1081,300
1082,300
1083,300
1084,300
1085,300
1086,300
1087,300
1088,300
1089,300
1090,300
1091,300
1092,300
1093,300
1094,300
1095,300
1096,300
1097,300
1098,300
1099,300
1100,300
1101,300
1102,300
1103,300
1104,300
1105,300
1106,300
1107,300
1108,300
1109,300
1110,300
1111,300
1112,300
1113,300
1114,300
1115,300
1116,300
1117,300
1118,300
1119,300
1120,300
1121,300
1122,300
1123,300
1124,300
1125,300
1126,300
1127,300
1128,300
1129,300
1130,300
1131,300
1132,300
1133,300
1134,300
1135,300
1136,300
1137,300
1138,300
1139,300
1140,300
1141,300
1142,300
1143,300
1144,300
1145,300
1146,300
1147,300
1148,300
1149,300
1150,300
1151,300
1152,300
1153,300
1154,300
1155,300
1156,300
1157,300
1158,300
1159,300
1160,300
1161,300
1162,300
1163,300
1164,300
1165,300
1166,300
1167,300
1168,300
1169,300
1170,300
1171,300
1172,300
1173,300
1174,300
1175,300
1176,300
1177,300
1178,300
1179,300
1180,300
1181,300
1182,300
1183,300
1184,300
1185,300
1186,300
1187,300
1188,300
1189,300
1190,300
1191,300
1192,300
1193,300
1194,300
1195,300
1196,300
1197,300
1198,300
1199,300
1200,300
1201,300
1202,300
1203,300
1204,300
1205,300
1206,300
1207,300
1208,300
1209,300
1210,300
1211,300
1212,300
1213,300
1214,300
1215,300
1216,300
1217,300
1218,300
1219,300
1220,300
1221,300
1222,300
1223,300
1224,300
1225,300
1226,300
1227,300
1228,300
1229,300
1230,300
1231,300
1232,300
1233,300
1234,300
1235,300
1236,300
1237,300
1238,300
1239,300
1240,300
1241,300
1242,300
1243,300
1244,300
1245,300
1246,300
1247,300
1248,300
1249,300
1250,300
1251,300
1252,300
1253,300
1254,300
1255,300
1256,300
1257,300
1258,300
1259,300
1260,300
1261,300
1262,300
1263,300
1264,300
1265,300
1266,300
1267,300
1268,300
1269,300
1270,300
1271,300
1272,300
1273,300
1274,300
1275,300
1276,300
1277,300
1278,300
1279,300
1280,300
1281,300
1282,300
1283,300
1284,300
1285,300
1286,300
1287,300
1288,300
1289,300
1290,300
1291,300
1292,300
1293,300
1294,300
1295,300
1296,300
1297,300
1298,300
1299,300
1300,300
1301,300
1302,300
1303,300
1304,300
1305,300
1306,300
1307,300
1308,300
1309,300
1310,300
1311,300
1312,300
1313,300
1314,300
1315,300
1316,300
1317,300
1318,300
1319,300
1320,300
1321,300
1322,300
1323,300
1324,300
1325,300
1326,300
1327,300
1328,300
1329,300
1330,300
1331,300
1332,300
1333,300
1334,300
1335,300
1336,300
1337,300
1338,300
1339,300
1340,300
1341,300
1342,300
1343,300
1344,300
1345,300
1346,300
1347,300
1348,300
1349,300
1350,300
1351,300
1352,300
1353,300
1354,300
1355,300
1356,300
1357,300
1358,300
1359,300
1360,300
1361,300
1362,300
1363,300
1364,300
1365,300
1366,300
1367,300
1368,300
1369,300
1370,300
1371,300
1372,300
1373,300
1374,300
1375,300
1376,300
1377,300
1378,300
1379,300
1380,300
1381,300
1382,300
1383,300
1384,300
1385,300
1386,300
1387,300
1388,300
1389,300
1390,300
1391,300
1392,300
1393,300
1394,300
1395,300
1396,300
1397,300
1398,300
1399,300
1400,300
1401,300
1402,300
1403,300
1404,300
1405,300
1406,300
1407,300
1408,300
1409,300
1410,300
1411,300
1412,300
1413,300
1414,300
1415,300
1416,300
1417,300
1418,300
1419,300
1420,300
1421,300
1422,300
1423,300
1424,300
1425,300
1426,300
1427,300
1428,300
1429,300
1430,300
1431,300
1432,300
1433,300
1434,300
1435,300
1436,300
1437,300
1438,300
1439,300
1440,300
1441,300
1442,300
1443,300
1444,300
1445,300
1446,300
1447,300
1448,300
1449,300
1450,300
1451,300
1452,300
1453,300
1454,300
1455,300
1456,300
1457,300
1458,300
1459,300
1460,300
1461,300
1462,300
1463,300
1464,300
1465,300
1466,300
1467,300
1468,300
1469,300
1470,300
1471,300
1472,300
1473,300
1474,300
1475,300
1476,300
1477,300
1478,300
1479,300
1480,300
1481,300
1482,300
1483,300
1484,300
1485,300
1486,300
1487,300
1488,300
1489,300
1490,300
1491,300
1492,300
1493,300
1494,300
1495,300
1496,300
1497,300
1498,300
1499,300
1500,300
1501,300
1502,300
1503,300
1504,300
1505,300
1506,300
1507,300
1508,300
1509,300
1510,300
1511,300
1512,300
1513,300
1514,300
1515,300
1516,300
1517,300
1518,300
1519,300
1520,300
1521,300
1522,300
1523,300
1524,300
1525,300
1526,300
1527,300
1528,300
1529,300
1530,300
1531,300
1532,300
1533,300
1534,300
1535,300
1536,300
1537,300
1538,300
1539,300
1540,300
1541,300
1542,300
1543,300
1544,300
1545,300
1546,300
1547,300
1548,300
1549,300
1550,300
1551,300
1552,300
1553,300
1554,300
1555,300
1556,300
1557,300
1558,300
1559,300
1560,300
1561,300
1562,300
1563,300
1564,300
1565,300
1566,300
1567,300
1568,300
1569,300
1570,300
1571,300
1572,300
1573,300
1574,300
1575,300
1576,300
1577,300
1578,300
1579,300
1580,300
1581,300
1582,300
1583,300
1584,300
1585,300
1586,300
1587,300
1588,300
1589,300
1590,300
1591,300
1592,300
1593,300
1594,300
1595,300
1596,300
1597,300
1598,300
1599,300
1600,300
1601,300
1602,300
1603,300
1604,300
1605,300
1606,300
1607,300
1608,300
1609,300
1610,300
1611,300
1612,300
1613,300
1614,300
1615,300
1616,300
1617,300
1618,300
1619,300
1620,300
1621,300
1622,300
1623,300
1624,300
1625,300
1626,300
1627,300
1628,300
1629,300
1630,300
1631,300
1632,300
1633,300
1634,300
1635,300
1636,300
1637,300
1638,300
1639,300
1640,300
1641,300
1642,300
1643,300
1644,300
1645,300
1646,300
1647,300
1648,300
1649,300
1650,300
1651,300
1652,300
1653,300
1654,300
1655,300
1656,300
1657,300
1658,300
1659,300
1660,300
1661,300
1662,300
1663,300
1664,300
1665,300
1666,300
1667,300
1668,300
1669,300
1670,300
1671,300
1672,300
1673,300
1674,300
1675,300
1676,300
1677,300
1678,300
1679,300
1680,300
1681,300
1682,300
1683,300
1684,300
1685,300
1686,300
1687,300
1688,300
1689,300
1690,300
1691,300
1692,300
1693,300
1694,300
1695,300
1696,300
1697,300
1698,300
1699,300
1700,300
1701,300
1702,300
1703,300
1704,300
1705,300
1706,300
1707,300
1708,300
1709,300
1710,300
1711,300
1712,300
1713,300
1714,300
1715,300
1716,300
1717,300
1718,300
1719,300
1720,300
1721,300
1722,300
1723,300
1724,300
1725,300
1726,300
1727,300
1728,300
1729,300
1730,300
1731,300
1732,300
1733,300
1734,300
1735,300
1736,300
1737,300
1738,300
1739,300
1740,300
1741,300
1742,300
1743,300
1744,300
1745,300
1746,300
1747,300
1748,300
1749,300
1750,300
1751,300
1752,300
1753,300
1754,300
1755,300
1756,300
1757,300
1758,300
1759,300
1760,300
1761,300
1762,300
1763,300
1764,300
1765,300
1766,300
1767,300
1768,299
1769,299
1770,299
1771,299
1772,299
1773,299
1774,299
1775,299
1776,299
1777,299
1778,299
1779,299
1780,299
1781,299
1782,299
1783,299
1784,299
1785,299
1786,299
1787,299
1788,299
1789,299
1790,299
1791,299
1792,299
1793,299
1794,299
1795,299
1796,299
1797,299
1798,299
1799,299
1800,299
1801,299
1802,299
1803,299
1804,299
1805,299
1806,299
1807,299
1808,299
1809,299
1810,299
1811,299
1812,299
1813,299
1814,299
1815,299
1816,299
1817,299
1818,299
1819,299
1820,299
1821,299
1822,299
1823,299
1824,299
1825,299
1826,299
1827,299
1828,299
1829,299
1830,299
1831,299
1832,299
1833,299
1834,299
1835,299
1836,299
1837,299
1838,299
1839,299
1840,299
1841,299
1842,299
1843,299
1844,299
1845,299
1846,299
1847,299
1848,299
1849,299
1850,299
1851,299
1852,299
1853,299
1854,299
1855,299
1856,299
1857,299
1858,299
1859,299
1860,299
1861,299
1862,299
1863,299
1864,299
1865,299
1866,299
1867,299
1868,299
1869,299
1870,299
1871,299
1872,299
1873,299
1874,299
1875,299
1876,299
1877,299
1878,299
1879,299
1880,299
1881,299
1882,299
1883,299
1884,299
1885,299
1886,299
1887,299
1888,299
1889,299
1890,299
1891,299
1892,299
1893,299
1894,299
1895,299
1896,299
1897,299
1898,299
1899,299
1900,299
1901,299
1902,299
1903,299
1904,299
1905,299
1906,299
1907,299
1908,299
1909,299
1910,299
1911,299
1912,299
1913,299
1914,299
1915,299
1916,299
1917,299
1918,299
1919,299
1920,299
1921,299
1922,299
1923,299
1924,299
1925,299
1926,299
1927,299
1928,299
1929,299
1930,299
1931,299
1932,299
1933,299
1934,299
1935,299
1936,299
1937,299
1938,299
1939,299
1940,299
1941,299
1942,299
1943,299
1944,299
1945,299
1946,299
1947,299
1948,299
1949,299
1950,299
1951,299
1952,299
1953,299
1954,299
1955,299
1956,299
1957,299
1958,299
1959,299
1960,299
1961,299
1962,299
1963,299
1964,299
1965,299
1966,299
1967,299
1968,299
1969,299
1970,299
1971,299
1972,299
1973,299
1974,299
1975,299
1976,299
1977,299
1978,299
1979,299
1980,299
1981,299
1982,299
1983,299
1984,299
1985,299
1986,299
1987,299
1988,299
1989,299
1990,299
1991,299
1992,299
1993,299
1994,299
1995,299
1996,299
1997,299
1998,299
1999,299
2000,299
2001,299
2002,299
2003,299
2004,299
2005,299
2006,299
2007,299
2008,299
2009,299
2010,299
2011,299
2012,299
2013,299
2014,299
2015,299
2016,299
2017,299
2018,299
2019,299
2020,299
2021,299
2022,299
2023,299
2024,299
2025,299
2026,299
2027,299
2028,299
2029,299
2030,299
2031,299
2032,299
2033,299
2034,299
2035,299
2036,299
2037,299
2038,299
2039,299
2040,299
2041,299
2042,299
2043,299
2044,299
2045,299
2046,299
2047,299
2048,299
2049,299
2050,299
2051,299
2052,299
2053,299
2054,299
2055,299
2056,299
2057,299
2058,299
2059,299
2060,299
2061,299
2062,299
2063,299
2064,299
2065,299
2066,299
2067,299
2068,299
2069,299
2070,299
2071,299
2072,299
2073,299
2074,299
2075,299
2076,299
2077,299
2078,299
2079,299
2080,299
2081,299
2082,299
2083,299
2084,298
2085,298
2086,298
2087,298
2088,298
2089,298
2090,298
2091,297
2092,297
2093,296
2094,296
2095,296
2096,295
2097,294
2098,294
2099,293
2100,292
2101,292
2102,291
2103,290
2104,290
2105,288
2106,287
2107,286
2108,286
2109,286
2110,286
2111,285
2112,285
2113,284
2114,284
2115,283
2116,282
2117,280
2118,280
2119,278
2120,277
2121,276
2122,274
2123,273
2124,270
2125,269
2126,268
2127,267
2128,266
2129,265
2130,264
2131,264
2132,263
2133,262
2134,261
2135,260
2136,259
2137,258
2138,256
2139,254
2140,252
2141,250
2142,249
2143,247
2144,246
2145,245
2146,243
2147,242
2148,242
2149,242
2150,242
2151,242
2152,242
2153,242
2154,242
2155,242
2156,242
2157,242
2158,242
2159,242
2160,242
2161,242
2162,242
2163,242
2164,242
2165,242
2166,242
2167,242
2168,242
2169,242
2170,242
2171,242
2172,242
2173,242
2174,242
2175,242
2176,242
2177,242
2178,242
2179,242
2180,242
2181,242
2182,242
2183,242
2184,242
2185,242
2186,242
2187,242
2188,242
2189,242
2190,242
2191,242
2192,242
2193,242
2194,242
2195,242
2196,242
2197,242
2198,242
2199,242
2200,242
2201,242
2202,242
2203,242
2204,242
2205,242
2206,242
2207,242
2208,242
2209,242
2210,242
2211,242
2212,242
2213,242
2214,242
2215,242
2216,242
2217,242
2218,242
2219,242
2220,242
2221,242
2222,242
2223,242
2224,242
2225,242
2226,242
2227,242
2228,242
2229,242
2230,242
2231,241
2232,241
2233,241
2234,241
2235,241
2236,241
2237,241
2238,241
2239,241
2240,241
2241,241
2242,241
2243,241
2244,241
2245,241
2246,241
2247,241
2248,241
2249,241
2250,241
2251,241
2252,241
2253,241
2254,241
2255,241
2256,241
2257,241
2258,241
2259,241
2260,241
2261,241
2262,241
2263,241
2264,241
2265,241
2266,241
2267,241
2268,241
2269,241
2270,241
2271,241
2272,241
2273,241
2274,241
2275,241
2276,241
2277,241
2278,241
2279,241
2280,241
2281,241
2282,241
2283,241
2284,241
2285,241
2286,241
2287,241
2288,241
2289,241
2290,241
2291,241
2292,241
2293,241
2294,241
2295,241
2296,241
2297,241
2298,241
2299,241
2300,241
2301,241
2302,241
2303,241
2304,241
2305,241
2306,241
2307,241
2308,241
2309,241
2310,241
2311,241
2312,241
2313,241
2314,241
2315,241
2316,241
2317,241
2318,241
2319,241
2320,241
2321,241
2322,241
2323,241
2324,240
2325,240
2326,240
2327,240
2328,240
2329,240
2330,240
2331,240
2332,240
2333,240
2334,240
2335,240
2336,240
2337,240
2338,240
2339,240
2340,240
2341,240
2342,240
2343,240
2344,240
2345,240
2346,240
2347,240
2348,240
2349,240
2350,240
2351,240
2352,240
2353,240
2354,240
2355,240
2356,240
2357,240
2358,240
2359,240
2360,240
2361,240
2362,240
2363,240
2364,240
2365,240
2366,240
2367,240
2368,239
2369,239
2370,239
2371,239
2372,239
2373,239
2374,239
2375,239
2376,239
2377,239
2378,239
2379,239
2380,239
2381,239
2382,239
2383,239
2384,239
2385,239
2386,239
2387,239
2388,239
2389,239
2390,239
2391,239
2392,239
2393,239
2394,239
2395,239
2396,239
2397,239
2398,239
2399,239
2400,239
2401,239
2402,239
2403,239
2404,239
2405,239
2406,239
2407,239
2408,239
2409,239
2410,239
2411,239
2412,239
2413,239
2414,239
2415,239
2416,239
2417,239
2418,239
2419,239
2420,239
2421,239
2422,239
2423,239
2424,239
2425,239
2426,239
2427,239
2428,239
2429,239
2430,239
2431,239
2432,239
2433,239
2434,239
2435,239
2436,239
2437,239
2438,239
2439,238
2440,238
2441,238
2442,237
2443,237
2444,237
2445,237
2446,237
2447,237
2448,237
2449,237
2450,237
2451,237
2452,237
2453,237
2454,237
2455,237
2456,237
2457,237
2458,237
2459,237
2460,237
2461,237
2462,237
2463,237
2464,237
2465,237
2466,237
2467,237
2468,237
2469,237
2470,237
2471,237
2472,237
2473,237
2474,237
2475,237
2476,237
2477,237
2478,237
2479,237
2480,237
2481,237
2482,237
2483,237
2484,237
2485,237
2486,237
2487,237
2488,237
2489,237
2490,237
2491,237
2492,237
2493,237
2494,237
2495,237
2496,237
2497,237
2498,237
2499,237
2500,237
2501,237
2502,237
2503,237
2504,237
2505,237
2506,237
2507,237
2508,237
2509,237
2510,237
2511,237
2512,237
2513,237
2514,237
2515,237
2516,237
2517,237
2518,237
2519,237
2520,237
2521,237
2522,237
2523,236
2524,236
2525,236
2526,236
2527,236
2528,236
2529,236
2530,236
2531,236
2532,236
2533,236
2534,236
2535,236
2536,236
2537,236
2538,236
2539,236
2540,236
2541,236
2542,236
2543,236
2544,236
2545,236
2546,236
2547,236
2548,236
2549,236
2550,236
2551,236
2552,236
2553,236
2554,236
2555,236
2556,236
2557,236
2558,236
2559,236
2560,236
2561,236
2562,236
2563,236
2564,236
2565,236
2566,236
2567,236
2568,236
2569,236
2570,236
2571,236
2572,236
2573,236
2574,236
2575,236
2576,236
2577,236
2578,236
2579,236
2580,236
2581,236
2582,235
2583,235
2584,235
2585,235
2586,235
2587,235
2588,235
2589,234
2590,234
2591,234
2592,234
2593,234
2594,234
2595,234
2596,234
2597,233
2598,233
2599,233
2600,233
2601,233
2602,233
2603,233
2604,233
2605,232
2606,232
2607,232
2608,232
2609,232
2610,232
2611,232
2612,232
2613,231
2614,230
2615,230
2616,230
2617,230
2618,230
2619,229
2620,228
2621,228
2622,228
2623,228
2624,228
2625,228
2626,227
2627,226
2628,226
2629,225
2630,225
2631,225
2632,224
2633,223
2634,223
2635,223
2636,223
2637,222
2638,222
2639,221
2640,221
2641,220
2642,219
2643,219
2644,219
2645,218
2646,218
2647,217
2648,217
2649,216
2650,216
2651,215
2652,214
2653,212
2654,212
2655,211
2656,210
2657,208
2658,207
2659,207
2660,206
2661,205
2662,203
2663,200
2664,199
2665,198
2666,197
2667,194
2668,193
2669,190
2670,189
2671,187
2672,183
2673,182
2674,181
2675,179
2676,178
2677,177
2678,176
2679,175
2680,174
2681,173
2682,172
2683,170
2684,169
2685,167
2686,166
2687,165
2688,164
2689,164
2690,164
2691,164
2692,164
2693,164
2694,164
2695,164
2696,164
2697,164
2698,164
2699,164
2700,164
2701,164
2702,164
2703,164
2704,164
2705,164
2706,164
2707,164
2708,164
2709,164
2710,164
2711,164
2712,164
2713,164
2714,164
2715,164
2716,164
2717,164
2718,164
2719,164
2720,164
2721,164
2722,164
2723,164
2724,164
2725,164
2726,164
2727,164
2728,164
2729,164
2730,164
2731,164
2732,164
2733,164
2734,164
2735,164
2736,164
2737,164
2738,164
2739,164
2740,164
2741,164
2742,164
2743,164
2744,164
2745,164
2746,164
2747,164
2748,164
2749,164
2750,164
2751,164
2752,164
2753,164
2754,164
2755,164
2756,164
2757,164
2758,164
2759,164
2760,164
2761,164
2762,164
2763,164
2764,164
2765,164
2766,164
2767,164
2768,164
2769,164
2770,164
2771,164
2772,164
2773,164
2774,164
2775,164
2776,164
2777,164
2778,164
2779,164
2780,164
2781,164
2782,164
2783,164
2784,164
2785,164
2786,164
2787,164
2788,164
2789,164
2790,164
2791,164
2792,164
2793,164
2794,164
2795,164
2796,164
2797,164
2798,164
2799,164
2800,164
2801,164
2802,164
2803,164
2804,164
2805,164
2806,164
2807,164
2808,164
2809,164
2810,164
2811,164
2812,164
2813,164
2814,164
2815,163
2816,163
2817,163
2818,163
2819,163
2820,163
2821,163
2822,163
2823,163
2824,163
2825,163
2826,163
2827,163
2828,163
2829,163
2830,163
2831,163
2832,163
2833,163
2834,163
2835,163
2836,163
2837,163
2838,163
2839,163
2840,163
2841,163
2842,163
2843,163
2844,163
2845,163
2846,163
2847,163
2848,163
2849,163
2850,163
2851,163
2852,163
2853,163
2854,163
2855,163
2856,163
2857,163
2858,163
2859,163
2860,163
2861,163
2862,163
2863,163
2864,163
2865,163
2866,163
2867,163
2868,163
2869,163
2870,163
2871,163
2872,163
2873,163
2874,163
2875,162
2876,162
2877,162
2878,162
2879,162
2880,162
2881,162
2882,162
2883,162
2884,162
2885,162
2886,162
2887,162
2888,162
2889,162
2890,162
2891,162
2892,162
2893,162
2894,162
2895,162
2896,162
2897,162
2898,162
2899,162
2900,162
2901,162
2902,162
2903,162
2904,162
2905,162
2906,162
2907,162
2908,162
2909,162
2910,162
2911,162
2912,162
2913,162
2914,162
2915,162
2916,162
2917,162
2918,162
2919,162
2920,162
2921,162
2922,162
2923,162
2924,162
2925,162
2926,162
2927,162
2928,162
2929,162
2930,162
2931,162
2932,162
2933,162
2934,162
2935,162
2936,162
2937,162
2938,162
2939,161
2940,161
2941,161
2942,161
2943,161
2944,161
2945,161
2946,160
2947,160
2948,160
2949,160
2950,160
2951,160
2952,160
2953,160
2954,160
2955,160
2956,160
2957,160
2958,160
2959,160
2960,160
2961,160
2962,160
2963,160
2964,160
2965,160
2966,160
2967,160
2968,160
2969,160
2970,160
2971,160
2972,160
2973,160
2974,160
2975,160
2976,160
2977,160
2978,160
2979,160
2980,160
2981,160
2982,160
2983,160
2984,160
2985,160
2986,160
2987,160
2988,160
2989,160
2990,160
2991,160
2992,160
2993,160
2994,160
2995,160
2996,160
2997,160
2998,160
2999,160
3000,160
3001,160
3002,160
3003,160
3004,160
3005,160
3006,160
3007,160
3008,160
3009,160
3010,160
3011,160
3012,160
3013,160
3014,160
3015,160
3016,160
3017,160
3018,160
3019,160
3020,160
3021,160
3022,160
3023,160
3024,160
3025,160
3026,160
3027,160
3028,160
3029,160
3030,160
3031,160
3032,160
3033,160
3034,160
3035,160
3036,160
3037,160
3038,160
3039,160
3040,160
3041,160
3042,160
3043,160
3044,160
3045,160
3046,160
3047,160
3048,160
3049,160
3050,160
3051,160
3052,160
3053,160
3054,160
3055,160
3056,160
3057,160
3058,160
3059,160
3060,160
3061,160
3062,160
3063,160
3064,160
3065,160
3066,160
3067,160
3068,160
3069,160
3070,160
3071,160
3072,160
3073,160
3074,160
3075,160
3076,160
3077,160
3078,160
3079,160
3080,160
3081,160
3082,160
3083,160
3084,160
3085,160
3086,160
3087,160
3088,160
3089,160
3090,160
3091,160
3092,160
3093,160
3094,160
3095,160
3096,160
3097,160
3098,160
3099,160
3100,160
3101,160
3102,160
3103,160
3104,160
3105,160
3106,160
3107,160
3108,160
3109,160
3110,160
3111,160
3112,160
3113,160
3114,160
3115,160
3116,160
3117,160
3118,160
3119,160
3120,160
3121,160
3122,160
3123,160
3124,160
3125,160
3126,160
3127,160
3128,160
3129,160
3130,160
3131,160
3132,160
3133,160
3134,160
3135,160
3136,160
3137,160
3138,160
3139,160
3140,160
3141,160
3142,160
3143,160
3144,160
3145,160
3146,160
3147,160
3148,160
3149,160
3150,160
3151,160
3152,160
3153,160
3154,160
3155,160
3156,160
3157,160
3158,160
3159,160
3160,160
3161,160
3162,160
3163,160
3164,160
3165,160
3166,160
3167,160
3168,160
3169,160
3170,160
3171,160
3172,160
3173,160
3174,160
3175,160
3176,160
3177,160
3178,160
3179,160
3180,160
3181,160
3182,160
3183,160
3184,160
3185,160
3186,160
3187,160
3188,160
3189,160
3190,160
3191,160
3192,160
3193,160
3194,160
3195,160
3196,160
3197,160
3198,160
3199,160
3200,160
3201,160
3202,160
3203,160
3204,160
3205,160
3206,160
3207,160
3208,160
3209,160
3210,160
3211,160
3212,160
3213,160
3214,160
3215,160
3216,160
3217,160
3218,160
3219,160
3220,160
3221,160
3222,160
3223,160
3224,160
3225,160
3226,160
3227,160
3228,160
3229,160
3230,160
3231,160
3232,160
3233,160
3234,160
3235,160
3236,160
3237,160
3238,160
3239,160
3240,160
3241,160
3242,160
3243,160
3244,160
3245,160
3246,160
3247,160
3248,160
3249,160
3250,160
3251,160
3252,160
3253,160
3254,160
3255,160
3256,160
3257,160
3258,160
3259,160
3260,160
3261,160
3262,160
3263,160
3264,160
3265,160
3266,160
3267,160
3268,160
3269,160
3270,160
3271,160
3272,160
3273,160
3274,160
3275,160
3276,159
3277,159
3278,159
3279,159
3280,159
3281,159
3282,159
3283,159
3284,159
3285,159
3286,159
3287,159
3288,159
3289,159
3290,159
3291,159
3292,159
3293,159
3294,159
3295,159
3296,159
3297,159
3298,159
3299,159
3300,159
3301,159
3302,159
3303,159
3304,159
3305,159
3306,159
3307,159
3308,159
3309,159
3310,159
3311,159
3312,159
3313,159
3314,159
3315,159
3316,159
3317,159
3318,159
3319,159
3320,159
3321,159
3322,159
3323,159
3324,159
3325,159
3326,159
3327,159
3328,159
3329,159
3330,159
3331,159
3332,159
3333,159
3334,159
3335,159
3336,159
3337,159
3338,159
3339,159
3340,159
3341,159
3342,159
3343,159
3344,159
3345,159
3346,159
3347,159
3348,159
3349,159
3350,159
3351,159
3352,159
3353,159
3354,159
3355,159
3356,159
3357,159
3358,159
3359,159
3360,159
3361,159
3362,159
3363,159
3364,159
3365,159
3366,159
3367,159
3368,159
3369,159
3370,159
3371,159
3372,159
3373,158
3374,158
3375,158
3376,158
3377,158
3378,158
3379,158
3380,158
3381,158
3382,158
3383,158
3384,158
3385,158
3386,158
3387,158
3388,158
3389,158
3390,158
3391,158
3392,158
3393,158
3394,158
3395,158
3396,158
3397,158
3398,158
3399,158
3400,158
3401,158
3402,158
3403,158
3404,158
3405,158
3406,158
3407,158
3408,158
3409,158
3410,158
3411,158
3412,158
3413,158
3414,158
3415,158
3416,158
3417,158
3418,158
3419,158
3420,158
3421,158
3422,158
3423,158
3424,158
3425,158
3426,158
3427,158
3428,158
3429,157
3430,157
3431,157
3432,157
3433,157
3434,157
3435,157
3436,157
3437,156
3438,156
3439,156
3440,156
3441,156
3442,156
3443,156
3444,156
3445,156
3446,156
3447,156
3448,156
3449,156
3450,156
3451,156
3452,156
3453,156
3454,156
3455,155
3456,155
3457,155
3458,155
3459,155
3460,155
3461,155
3462,155
3463,155
3464,155
3465,155
3466,155
3467,154
3468,154
3469,154
3470,154
3471,153
3472,153
3473,153
3474,153
3475,153
3476,153
3477,153
3478,153
3479,153
3480,153
3481,153
3482,153
3483,152
3484,152
3485,152
3486,152
3487,152
3488,152
3489,152
3490,152
3491,152
3492,152
3493,152
3494,152
3495,152
3496,152
3497,152
3498,152
3499,152
3500,152
3501,152
3502,152
3503,152
3504,152
3505,152
3506,151
3507,151
3508,151
3509,151
3510,151
3511,151
3512,151
3513,151
3514,151
3515,151
3516,151
3517,151
3518,151
3519,151
3520,151
3521,151
3522,151
3523,151
3524,151
3525,151
3526,151
3527,151
3528,151
3529,151
3530,151
3531,151
3532,151
3533,151
3534,151
3535,151
3536,151
3537,151
3538,151
3539,151
3540,151
3541,151
3542,151
3543,151
3544,151
3545,150
3546,150
3547,150
3548,150
3549,150
3550,150
3551,150
3552,150
3553,150
3554,150
3555,150
3556,150
3557,150
3558,150
3559,150
3560,150
3561,150
3562,150
3563,150
3564,150
3565,150
3566,150
3567,150
3568,150
3569,150
3570,150
3571,150
3572,150
3573,150
3574,150
3575,150
3576,150
3577,150
3578,150
3579,150
3580,150
3581,150
3582,150
3583,150
3584,150
3585,149
3586,148
3587,148
3588,148
3589,148
3590,148
3591,148
3592,148
3593,148
3594,148
3595,148
3596,148
3597,148
3598,148
3599,148
3600,148
3601,148
3602,148
3603,148
3604,148
3605,148
3606,148
3607,148
3608,148
3609,148
3610,148
3611,147
3612,147
3613,147
3614,147
3615,147
3616,147
3617,147
3618,147
3619,147
3620,147
3621,146
3622,146
3623,146
3624,146
3625,146
3626,146
3627,146
3628,146
3629,146
3630,145
3631,145
3632,145
3633,145
3634,145
3635,145
3636,145
3637,145
3638,145
3639,145
3640,145
3641,145
3642,145
3643,145
3644,145
3645,145
3646,145
3647,145
3648,145
3649,145
3650,145
3651,145
3652,145
3653,145
3654,145
3655,145
3656,145
3657,145
3658,145
3659,145
3660,145
3661,145
3662,145
3663,145
3664,145
3665,145
3666,145
3667,145
3668,145
3669,145
3670,145
3671,145
3672,145
3673,145
3674,145
3675,145
3676,145
3677,145
3678,145
3679,145
3680,145
3681,145
3682,145
3683,145
3684,145
3685,145
3686,145
3687,145
3688,145
3689,145
3690,145
3691,145
3692,145
3693,145
3694,145
3695,145
3696,145
3697,145
3698,145
3699,145
3700,145
3701,145
3702,145
3703,145
3704,145
3705,145
3706,145
3707,145
3708,145
3709,145
3710,145
3711,145
3712,145
3713,145
3714,145
3715,145
3716,145
3717,145
3718,145
3719,145
3720,145
3721,145
3722,145
3723,145
3724,145
3725,145
3726,145
3727,145
3728,145
3729,145
3730,145
3731,145
3732,144
3733,144
3734,144
3735,144
3736,144
3737,144
3738,144
3739,144
3740,144
3741,144
3742,144
3743,144
3744,144
3745,144
3746,144
3747,144
3748,144
3749,144
3750,144
3751,144
3752,144
3753,144
3754,144
3755,144
3756,144
3757,144
3758,144
3759,144
3760,144
3761,144
3762,144
3763,144
3764,144
3765,144
3766,144
3767,144
3768,144
3769,144
3770,144
3771,144
3772,144
3773,144
3774,144
3775,144
3776,144
3777,144
3778,144
3779,144
3780,144
3781,144
3782,144
3783,144
3784,144
3785,144
3786,144
3787,144
3788,144
3789,144
3790,144
3791,144
3792,144
3793,144
3794,144
3795,144
3796,144
3797,144
3798,144
3799,144
3800,144
3801,143
3802,143
3803,143
3804,143
3805,143
3806,143
3807,143
3808,143
3809,143
3810,143
3811,143
3812,143
3813,143
3814,143
3815,143
3816,143
3817,143
3818,143
3819,143
3820,143
3821,143
3822,143
3823,143
3824,143
3825,143
3826,143
3827,143
3828,143
3829,143
3830,143
3831,143
3832,143
3833,143
3834,143
3835,143
3836,143
3837,143
3838,143
3839,143
3840,143
3841,143
3842,142
3843,142
3844,142
3845,142
3846,142
3847,142
3848,142
3849,142
3850,142
3851,142
3852,141
3853,141
3854,141
3855,141
3856,141
3857,141
3858,141
3859,141
3860,141
3861,141
3862,141
3863,141
3864,141
3865,141
3866,141
3867,141
3868,141
3869,141
3870,141
3871,141
3872,141
3873,141
3874,141
3875,141
3876,141
3877,141
3878,141
3879,141
3880,141
3881,141
3882,141
3883,141
3884,141
3885,141
3886,141
3887,141
3888,141
3889,141
3890,141
3891,141
3892,141
3893,141
3894,141
3895,141
3896,141
3897,141
3898,141
3899,141
3900,141
3901,141
3902,141
3903,141
3904,141
3905,141
3906,141
3907,141
3908,141
3909,141
3910,141
3911,141
3912,141
3913,141
3914,141
3915,141
3916,141
3917,141
3918,141
3919,141
3920,141
3921,141
3922,141
3923,141
3924,141
3925,141
3926,141
3927,141
3928,141
3929,141
3930,141
3931,141
3932,141
3933,141
3934,141
3935,141
3936,140
3937,140
3938,140
3939,140
3940,140
3941,140
3942,140
3943,140
3944,140
3945,140
3946,140
3947,140
3948,140
3949,140
3950,140
3951,140
3952,140
3953,140
3954,139
3955,139
3956,139
3957,139
3958,139
3959,139
3960,139
3961,139
3962,139
3963,139
3964,139
3965,139
3966,139
3967,139
3968,139
3969,139
3970,139
3971,139
3972,139
3973,139
3974,139
3975,139
3976,139
3977,139
3978,139
3979,139
3980,139
3981,139
3982,139
3983,139
3984,139
3985,139
3986,139
3987,139
3988,139
3989,139
3990,139
3991,139
3992,139
3993,139
3994,139
3995,139
3996,139
3997,139
3998,139
3999,139
4000,139
4001,139
4002,139
4003,139
4004,139
4005,139
4006,139
4007,139
4008,139
4009,139
4010,139
4011,139
4012,139
4013,139
4014,139
4015,139
4016,139
4017,139
4018,139
4019,139
4020,139
4021,139
4022,139
4023,139
4024,139
4025,139
4026,139
4027,139
4028,139
4029,139
4030,139
4031,139
4032,138
4033,138
4034,137
4035,137
4036,137
4037,137
4038,137
4039,137
4040,137
4041,137
4042,137
4043,137
4044,137
4045,136
4046,136
4047,136
4048,136
4049,136
4050,136
4051,136
4052,136
4053,136
4054,136
4055,136
4056,136
4057,136
4058,136
4059,136
4060,136
4061,136
4062,136
4063,136
4064,136
4065,136
4066,135
4067,135
4068,135
4069,135
4070,135
4071,135
4072,135
4073,135
4074,135
4075,135
4076,135
4077,135
4078,135
4079,135
4080,135
4081,135
4082,135
4083,135
4084,135
4085,135
4086,135
4087,135
4088,134
4089,134
4090,134
4091,134
4092,134
4093,134
4094,134
4095,134
4096,134
4097,134
4098,134
4099,134
4100,134
4101,134
4102,134
4103,134
4104,134
4105,134
4106,134
4107,134
4108,134
4109,134
4110,134
4111,134
4112,134
4113,134
4114,134
4115,134
4116,134
4117,134
4118,134
4119,134
4120,134
4121,134
4122,134
4123,134
4124,134
4125,134
4126,134
4127,134
4128,134
4129,134
4130,134
4131,134
4132,134
4133,134
4134,134
4135,134
4136,134
4137,134
4138,134
4139,134
4140,134
4141,133
4142,133
4143,133
4144,133
4145,133
4146,133
4147,132
4148,132
4149,132
4150,132
4151,132
4152,132
4153,132
4154,132
4155,132
4156,132
4157,132
4158,132
4159,132
4160,132
4161,132
4162,132
4163,132
4164,132
4165,132
4166,132
4167,132
4168,132
4169,132
4170,132
4171,132
4172,132
4173,132
4174,132
4175,132
4176,132
4177,132
4178,132
4179,132
4180,132
4181,132
4182,132
4183,132
4184,132
4185,132
4186,132
4187,132
4188,132
4189,132
4190,132
4191,132
4192,132
4193,132
4194,132
4195,132
4196,132
4197,132
4198,132
4199,132
4200,132
4201,132
4202,132
4203,132
4204,132
4205,132
4206,132
4207,132
4208,132
4209,132
4210,132
4211,132
4212,132
4213,132
4214,132
4215,132
4216,132
4217,132
4218,132
4219,132
4220,132
4221,132
4222,132
4223,132
4224,132
4225,132
4226,132
4227,132
4228,132
4229,132
4230,132
4231,132
4232,132
4233,132
4234,132
4235,132
4236,132
4237,132
4238,131
4239,131
4240,131
4241,131
4242,131
4243,131
4244,131
4245,131
4246,131
4247,131
4248,131
4249,131
4250,131
4251,131
4252,131
4253,131
4254,131
4255,131
4256,131
4257,131
4258,131
4259,131
4260,131
4261,131
4262,131
4263,131
4264,131
4265,131
4266,131
4267,131
4268,131
4269,131
4270,131
4271,131
4272,131
4273,131
4274,131
4275,131
4276,131
4277,131
4278,131
4279,131
4280,131
4281,131
4282,131
4283,131
4284,131
4285,131
4286,131
4287,131
4288,131
4289,131
4290,131
4291,131
4292,131
4293,131
4294,131
4295,131
4296,131
4297,131
4298,131
4299,131
4300,131
4301,131
4302,131
4303,131
4304,131
4305,131
4306,131
4307,131
4308,131
4309,131
4310,131
4311,131
4312,131
4313,131
4314,131
4315,131
4316,131
4317,131
4318,131
4319,131
4320,131
4321,131
4322,131
4323,131
4324,131
4325,131
4326,131
4327,131
4328,131
4329,131
4330,131
4331,131
4332,131
4333,131
4334,131
4335,131
4336,131
4337,131
4338,131
4339,131
4340,131
4341,131
4342,131
4343,131
4344,131
4345,131
4346,131
4347,131
4348,131
4349,131
4350,131
4351,131
4352,131
4353,131
4354,131
4355,131
4356,131
4357,131
4358,131
4359,131
4360,131
4361,131
4362,131
4363,131
4364,131
4365,131
4366,131
4367,131
4368,131
4369,131
4370,131
4371,131
4372,131
4373,131
4374,131
4375,131
4376,131
4377,131
4378,131
4379,131
4380,131
4381,131
4382,131
4383,131
4384,131
4385,131
4386,131
4387,131
4388,131
4389,131
4390,131
4391,131
4392,131
4393,131
4394,131
4395,131
4396,131
4397,131
4398,131
4399,131
4400,131
4401,131
4402,131
4403,131
4404,131
4405,131
4406,131
4407,131
4408,131
4409,131
4410,131
4411,131
4412,130
4413,130
4414,130
4415,130
4416,130
4417,130
4418,130
4419,130
4420,130
4421,130
4422,130
4423,130
4424,130
4425,130
4426,130
4427,130
4428,130
4429,130
4430,130
4431,130
4432,130
4433,130
4434,130
4435,130
4436,130
4437,130
4438,130
4439,130
4440,130
4441,129
4442,129
4443,129
4444,129
4445,129
4446,129
4447,129
4448,129
4449,129
4450,129
4451,129
4452,129
4453,129
4454,129
4455,129
4456,129
4457,129
4458,129
4459,129
4460,129
4461,129
4462,129
4463,129
4464,128
4465,128
4466,128
4467,128
4468,128
4469,128
4470,128
4471,128
4472,128
4473,128
4474,128
4475,128
4476,128
4477,128
4478,128
4479,128
4480,128
4481,128
4482,128
4483,128
4484,128
4485,128
4486,127
4487,127
4488,127
4489,127
4490,127
4491,127
4492,127
4493,127
4494,127
4495,127
4496,127
4497,127
4498,127
4499,127
4500,127
4501,127
4502,127
4503,127
4504,127
4505,127
4506,127
4507,127
4508,127
4509,127
4510,127
4511,127
4512,127
4513,127
4514,127
4515,127
4516,127
4517,127
4518,127
4519,127
4520,127
4521,127
4522,127
4523,127
4524,127
4525,127
4526,127
4527,127
4528,127
4529,127
4530,127
4531,127
4532,126
4533,126
4534,126
4535,126
4536,126
4537,126
4538,126
4539,125
4540,125
4541,125
4542,125
4543,125
4544,125
4545,125
4546,125
4547,125
4548,125
4549,125
4550,125
4551,125
4552,125
4553,125
4554,125
4555,125
4556,125
4557,125
4558,125
4559,125
4560,125
4561,125
4562,125
4563,125
4564,125
4565,125
4566,125
4567,125
4568,125
4569,125
4570,125
4571,125
4572,125
4573,125
4574,125
4575,125
4576,124
4577,124
4578,124
4579,124
4580,124
4581,124
4582,124
4583,124
4584,124
4585,124
4586,124
4587,124
4588,124
4589,124
4590,124
4591,124
4592,124
4593,124
4594,124
4595,124
4596,124
4597,124
4598,124
4599,124
4600,124
4601,124
4602,124
4603,124
4604,124
4605,124
4606,124
4607,123
4608,123
4609,123
4610,122
4611,122
4612,122
4613,122
4614,122
4615,122
4616,122
4617,122
4618,122
4619,122
4620,122
4621,122
4622,122
4623,122
4624,122
4625,122
4626,122
4627,122
4628,122
4629,122
4630,122
4631,122
4632,122
4633,122
4634,122
4635,122
4636,122
4637,122
4638,122
4639,122
4640,122
4641,122
4642,122
4643,122
4644,122
4645,122
4646,122
4647,122
4648,122
4649,122
4650,122
4651,122
4652,122
4653,122
4654,122
4655,122
4656,122
4657,122
4658,122
4659,122
4660,122
4661,122
4662,122
4663,122
4664,122
4665,121
4666,121
4667,121
4668,120
4669,120
4670,120
4671,120
4672,120
4673,120
4674,120
4675,119
4676,119
4677,119
4678,119
4679,119
4680,119
4681,119
4682,119
4683,119
4684,119
4685,119
4686,119
4687,119
4688,119
4689,119
4690,119
4691,119
4692,119
4693,119
4694,118
4695,118
4696,118
4697,118
4698,118
4699,118
4700,118
4701,118
4702,118
4703,118
4704,118
4705,118
4706,118
4707,118
4708,118
4709,118
4710,118
4711,118
4712,118
4713,118
4714,118
4715,118
4716,118
4717,118
4718,118
4719,118
4720,118
4721,118
4722,118
4723,118
4724,118
4725,118
4726,118
4727,118
4728,118
4729,118
4730,118
4731,118
4732,118
4733,118
4734,118
4735,118
4736,118
4737,118
4738,118
4739,118
4740,118
4741,118
4742,118
4743,118
4744,118
4745,118
4746,118
4747,118
4748,118
4749,118
4750,118
4751,118
4752,118
4753,118
4754,118
4755,118
4756,118
4757,118
4758,118
4759,118
4760,118
4761,118
4762,118
4763,118
4764,118
4765,118
4766,118
4767,117
4768,117
4769,117
4770,117
4771,117
4772,117
4773,117
4774,117
4775,117
4776,117
4777,117
4778,117
4779,117
4780,117
4781,117
4782,117
4783,117
4784,117
4785,117
4786,117
4787,117
4788,117
4789,117
4790,117
4791,117
4792,117
4793,117
4794,117
4795,117
4796,117
4797,117
4798,117
4799,116
4800,116
4801,116
4802,116
4803,116
4804,116
4805,116
4806,116
4807,116
4808,116
4809,116
4810,116
4811,116
4812,116
4813,116
4814,116
4815,116
4816,116
4817,116
4818,116
4819,116
4820,116
4821,116
4822,116
4823,116
4824,116
4825,116
4826,116
4827,116
4828,116
4829,116
4830,116
4831,116
4832,116
4833,116
4834,116
4835,116
4836,116
4837,116
4838,116
4839,116
4840,116
4841,116
4842,116
4843,116
4844,116
4845,116
4846,116
4847,116
4848,116
4849,116
4850,116
4851,116
4852,116
4853,116
4854,116
4855,116
4856,116
4857,116
4858,116
4859,116
4860,116
4861,116
4862,116
4863,116
4864,116
4865,116
4866,116
4867,116
4868,116
4869,116
4870,116
4871,116
4872,116
4873,116
4874,116
4875,116
4876,116
4877,116
4878,116
4879,116
4880,116
4881,116
4882,116
4883,116
4884,116
4885,116
4886,116
4887,116
4888,116
4889,116
4890,116
4891,116
4892,116
4893,116
4894,116
4895,116
4896,116
4897,116
4898,116
4899,116
4900,116
4901,116
4902,116
4903,116
4904,116
4905,116
4906,116
4907,116
4908,116
4909,116
4910,115
4911,115
4912,115
4913,115
4914,115
4915,115
4916,115
4917,115
4918,114
4919,114
4920,114
4921,114
4922,114
4923,114
4924,114
4925,114
4926,114
4927,114
4928,114
4929,114
4930,114
4931,114
4932,114
4933,114
4934,114
4935,114
4936,114
4937,114
4938,114
4939,114
4940,114
4941,114
4942,114
4943,114
4944,114
4945,113
4946,113
4947,113
4948,113
4949,113
4950,113
4951,113
4952,113
4953,113
4954,113
4955,113
4956,112
4957,112
4958,112
4959,112
4960,112
4961,112
4962,112
4963,112
4964,112
4965,112
4966,112
4967,112
4968,112
4969,112
4970,112
4971,112
4972,112
4973,112
4974,112
4975,112
4976,112
4977,112
4978,112
4979,112
4980,112
4981,112
4982,112
4983,112
4984,112
4985,112
4986,112
4987,112
4988,112
4989,112
4990,112
4991,112
4992,112
4993,112
4994,112
4995,112
4996,112
4997,112
4998,112
4999,112
5000,112
5001,112
5002,112
5003,112
5004,112
5005,112
5006,112
5007,112
5008,112
5009,112
5010,112
5011,112
5012,112
5013,111
5014,111
5015,111
5016,111
5017,111
5018,111
5019,111
5020,111
5021,111
5022,111
5023,111
5024,111
5025,111
5026,111
5027,111
5028,111
5029,111
5030,111
5031,111
5032,111
5033,111
5034,111
5035,111
5036,111
5037,110
5038,110
5039,110
5040,110
5041,110
5042,110
5043,110
5044,110
5045,110
5046,110
5047,110
5048,110
5049,110
5050,110
5051,110
5052,110
5053,110
5054,110
5055,110
5056,110
5057,110
5058,110
5059,110
5060,110
5061,110
5062,110
5063,110
5064,110
5065,110
5066,110
5067,110
5068,110
5069,110
5070,110
5071,110
5072,110
5073,110
5074,110
5075,110
5076,110
5077,110
5078,110
5079,110
5080,110
5081,110
5082,110
5083,110
5084,110
5085,110
5086,110
5087,110
5088,110
5089,110
5090,110
5091,110
5092,110
5093,110
5094,110
5095,110
5096,110
5097,110
5098,110
5099,110
5100,110
5101,110
5102,110
5103,110
5104,110
5105,110
5106,110
5107,110
5108,110
5109,110
5110,110
5111,110
5112,110
5113,110
5114,110
5115,110
5116,110
5117,110
5118,110
5119,110
5120,110
5121,110
5122,110
5123,110
5124,110
5125,110
5126,110
5127,110
5128,110
5129,110
5130,110
5131,110
5132,110
5133,110
5134,110
5135,110
5136,110
5137,110
5138,110
5139,110
5140,110
5141,110
5142,110
5143,110
5144,110
5145,110
5146,110
5147,110
5148,110
5149,110
5150,110
5151,110
5152,110
5153,110
5154,110
5155,110
5156,110
5157,110
5158,110
5159,110
5160,110
5161,110
5162,110
5163,110
5164,110
5165,110
5166,110
5167,110
5168,110
5169,110
5170,110
5171,110
5172,110
5173,110
5174,110
5175,110
5176,110
5177,110
5178,110
5179,110
5180,110
5181,110
5182,110
5183,110
5184,110
5185,110
5186,110
5187,110
5188,110
5189,110
5190,110
5191,110
5192,110
5193,110
5194,110
5195,110
5196,109
5197,109
5198,109
5199,109
5200,109
5201,109
5202,109
5203,109
5204,109
5205,109
5206,109
5207,109
5208,109
5209,109
5210,109
5211,108
5212,108
5213,108
5214,108
5215,108
5216,108
5217,108
5218,108
5219,108
5220,108
5221,108
5222,108
5223,108
5224,108
5225,108
5226,108
5227,108
5228,108
5229,108
5230,108
5231,108
5232,108
5233,108
5234,108
5235,108
5236,108
5237,108
5238,108
5239,108
5240,108
5241,108
5242,108
5243,108
5244,108
5245,108
5246,108
5247,108
5248,108
5249,108
5250,108
5251,108
5252,108
5253,108
5254,108
5255,108
5256,108
5257,108
5258,108
5259,108
5260,108
5261,108
5262,108
5263,108
5264,108
5265,108
5266,108
5267,108
5268,108
5269,108
5270,108
5271,108
5272,108
5273,108
5274,108
5275,108
5276,108
5277,108
5278,108
5279,108
5280,108
5281,108
5282,108
5283,108
5284,108
5285,108
5286,107
5287,107
5288,107
5289,107
5290,107
5291,106
5292,105
5293,105
5294,105
5295,105
5296,105
5297,105
5298,105
5299,105
5300,104
5301,103
5302,101
5303,101
5304,100
5305,100
5306,100
5307,100
5308,100
5309,99
5310,99
5311,98
5312,96
5313,94
5314,93
5315,91
5316,88
5317,87
5318,87
5319,86
5320,85
5321,84
5322,83
5323,82
5324,82
5325,82
5326,82
5327,82
5328,82
5329,82
5330,82
5331,82
5332,82
5333,82
5334,82
5335,82
5336,82
5337,82
5338,82
5339,82
5340,82
5341,82
5342,82
5343,82
5344,82
5345,82
5346,82
5347,82
5348,82
5349,82
5350,82
5351,82
5352,82
5353,82
5354,82
5355,82
5356,82
5357,82
5358,82
5359,82
5360,82
5361,82
5362,82
5363,81
5364,81
5365,81
5366,80
5367,80
5368,80
5369,80
5370,80
5371,80
5372,80
5373,80
5374,80
5375,80
5376,80
5377,80
5378,80
5379,80
5380,80
5381,80
5382,80
5383,80
5384,80
5385,80
5386,80
5387,80
5388,80
5389,80
5390,80
5391,80
5392,80
5393,80
5394,80
5395,80
5396,80
5397,80
5398,80
5399,80
5400,80
5401,80
5402,80
5403,80
5404,80
5405,80
5406,80
5407,80
5408,80
5409,80
5410,80
5411,80
5412,80
5413,80
5414,80
5415,80
5416,80
5417,80
5418,80
5419,80
5420,80
5421,80
5422,80
5423,80
5424,80
5425,80
5426,80
5427,80
5428,80
5429,80
5430,80
5431,80
5432,79
5433,79
5434,79
5435,79
5436,79
5437,79
5438,79
5439,79
5440,79
5441,79
5442,79
5443,79
5444,79
5445,79
5446,79
5447,79
5448,79
5449,79
5450,79
5451,79
5452,79
5453,79
5454,79
5455,79
5456,79
5457,79
5458,79
5459,79
5460,79
5461,78
5462,78
5463,78
5464,78
5465,78
5466,78
5467,78
5468,78
5469,78
5470,78
5471,78
5472,78
5473,78
5474,78
5475,78
5476,78
5477,78
5478,78
5479,78
5480,78
5481,78
5482,78
5483,78
5484,78
5485,78
5486,78
5487,78
5488,78
5489,78
5490,78
5491,78
5492,78
5493,78
5494,78
5495,78
5496,78
5497,78
5498,78
5499,78
5500,78
5501,78
5502,78
5503,78
5504,78
5505,78
5506,78
5507,78
5508,78
5509,78
5510,78
5511,78
5512,78
5513,78
5514,78
5515,78
5516,78
5517,78
5518,78
5519,78
5520,78
5521,78
5522,78
5523,78
5524,78
5525,78
5526,78
5527,78
5528,78
5529,78
5530,78
5531,78
5532,78
5533,78
5534,78
5535,78
5536,78
5537,78
5538,78
5539,78
5540,78
5541,78
5542,78
5543,78
5544,78
5545,78
5546,78
5547,78
5548,78
5549,78
5550,78
5551,78
5552,78
5553,78
5554,78
5555,78
5556,78
5557,78
5558,78
5559,78
5560,78
5561,78
5562,78
5563,78
5564,78
5565,78
5566,78
5567,78
5568,78
5569,78
5570,78
5571,78
5572,78
5573,78
5574,78
5575,78
5576,78
5577,78
5578,78
5579,78
5580,78
5581,78
5582,78
5583,78
5584,78
5585,78
5586,78
5587,78
5588,78
5589,78
5590,78
5591,78
5592,78
5593,78
5594,78
5595,78
5596,78
5597,78
5598,78
5599,78
5600,78
5601,78
5602,78
5603,78
5604,78
5605,78
5606,78
5607,78
5608,78
5609,78
5610,78
5611,78
5612,78
5613,78
5614,78
5615,78
5616,78
5617,78
5618,78
5619,78
5620,78
5621,78
5622,78
5623,78
5624,78
5625,78
5626,78
5627,78
5628,78
5629,78
5630,78
5631,78
5632,78
5633,78
5634,78
5635,78
5636,78
5637,78
5638,78
5639,78
5640,78
5641,78
5642,78
5643,78
5644,78
5645,78
5646,78
5647,78
5648,78
5649,78
5650,78
5651,78
5652,78
5653,78
5654,78
5655,78
5656,78
5657,78
5658,78
5659,78
5660,78
5661,78
5662,78
5663,78
5664,78
5665,78
5666,78
5667,78
5668,78
5669,78
5670,78
5671,78
5672,78
5673,78
5674,78
5675,78
5676,78
5677,78
5678,78
5679,78
5680,78
5681,78
5682,78
5683,78
5684,78
5685,78
5686,78
5687,78
5688,78
5689,78
5690,78
5691,78
5692,78
5693,78
5694,78
5695,78
5696,78
5697,78
5698,78
5699,78
5700,78
5701,78
5702,78
5703,78
5704,78
5705,78
5706,78
5707,78
5708,78
5709,78
5710,78
5711,78
5712,78
5713,78
5714,78
5715,78
5716,78
5717,78
5718,78
5719,78
5720,78
5721,78
5722,78
5723,78
5724,78
5725,78
5726,78
5727,78
5728,78
5729,78
5730,78
5731,78
5732,78
5733,78
5734,78
5735,78
5736,78
5737,78
5738,78
5739,78
5740,78
5741,78
5742,78
5743,78
5744,78
5745,78
5746,78
5747,78
5748,78
5749,78
5750,78
5751,78
5752,78
5753,78
5754,78
5755,78
5756,78
5757,78
5758,78
5759,78
5760,78
5761,78
5762,78
5763,78
5764,78
5765,78
5766,78
5767,78
5768,78
5769,78
5770,78
5771,78
5772,78
5773,78
5774,78
5775,78
5776,78
5777,78
5778,78
5779,78
5780,78
5781,78
5782,78
5783,78
5784,78
5785,78
5786,78
5787,78
5788,78
5789,78
5790,78
5791,78
5792,78
5793,78
5794,78
5795,78
5796,78
5797,78
5798,78
5799,78
5800,78
5801,78
5802,78
5803,78
5804,78
5805,78
5806,78
5807,78
5808,78
5809,78
5810,78
5811,78
5812,78
5813,78
5814,78
5815,78
5816,78
5817,78
5818,78
5819,78
5820,78
5821,78
5822,78
5823,78
5824,78
5825,78
5826,78
5827,78
5828,78
5829,78
5830,78
5831,78
5832,78
5833,78
5834,78
5835,78
5836,78
5837,78
5838,78
5839,78
5840,78
5841,78
5842,78
5843,78
5844,78
5845,78
5846,78
5847,78
5848,78
5849,78
5850,78
5851,78
5852,78
5853,78
5854,78
5855,78
5856,78
5857,78
5858,78
5859,78
5860,78
5861,78
5862,78
5863,78
5864,78
5865,78
5866,78
5867,78
5868,78
5869,78
5870,78
5871,78
5872,78
5873,78
5874,78
5875,78
5876,78
5877,78
5878,78
5879,78
5880,78
5881,78
5882,78
5883,78
5884,78
5885,78
5886,78
5887,78
5888,78
5889,78
5890,78
5891,78
5892,78
5893,78
5894,78
5895,78
5896,78
5897,78
5898,78
5899,78
5900,78
5901,78
5902,78
5903,78
5904,78
5905,78
5906,78
5907,78
5908,78
5909,78
5910,78
5911,78
5912,78
5913,78
5914,78
5915,78
5916,78
5917,78
5918,78
5919,78
5920,78
5921,78
5922,78
5923,78
5924,78
5925,78
5926,78
5927,78
5928,78
5929,78
5930,78
5931,78
5932,78
5933,78
5934,78
5935,78
5936,78
5937,78
5938,78
5939,78
5940,78
5941,78
5942,78
5943,78
5944,78
5945,78
5946,78
5947,78
5948,78
5949,78
5950,78
5951,78
5952,78
5953,78
5954,78
5955,78
5956,78
5957,78
5958,78
5959,78
5960,78
5961,78
5962,78
5963,78
5964,78
5965,78
5966,78
5967,78
5968,78
5969,78
5970,78
5971,78
5972,78
5973,78
5974,78
5975,78
5976,78
5977,78
5978,78
5979,78
5980,78
5981,78
5982,78
5983,78
5984,78
5985,78
5986,77
5987,77
5988,77
5989,77
5990,77
5991,77
5992,77
5993,77
5994,77
5995,77
5996,77
5997,77
5998,77
5999,77
6000,77
6001,77
6002,77
6003,77
6004,77
6005,77
6006,77
6007,77
6008,77
6009,77
6010,77
6011,77
6012,77
6013,77
6014,77
6015,77
6016,77
6017,77
6018,77
6019,77
6020,77
6021,77
6022,77
6023,77
6024,77
6025,77
6026,77
6027,77
6028,77
6029,77
6030,77
6031,77
6032,77
6033,77
6034,77
6035,77
6036,77
6037,77
6038,77
6039,77
6040,77
6041,77
6042,77
6043,77
6044,77
6045,77
6046,77
6047,76
6048,76
6049,76
6050,76
6051,76
6052,76
6053,76
6054,76
6055,76
6056,76
6057,76
6058,76
6059,76
6060,76
6061,76
6062,76
6063,76
6064,76
6065,76
6066,76
6067,76
6068,76
6069,76
6070,76
6071,76
6072,76
6073,76
6074,76
6075,76
6076,76
6077,76
6078,76
6079,76
6080,76
6081,76
6082,76
6083,76
6084,76
6085,76
6086,76
6087,76
6088,76
6089,76
6090,76
6091,76
6092,76
6093,76
6094,76
6095,76
6096,76
6097,76
6098,76
6099,76
6100,76
6101,76
6102,76
6103,76
6104,76
6105,76
6106,76
6107,76
6108,76
6109,76
6110,76
6111,76
6112,76
6113,76
6114,76
6115,76
6116,76
6117,76
6118,76
6119,76
6120,76
6121,76
6122,76
6123,76
6124,76
6125,76
6126,76
6127,76
6128,76
6129,76
6130,76
6131,76
6132,76
6133,76
6134,76
6135,76
6136,76
6137,76
6138,76
6139,75
6140,75
6141,75
6142,75
6143,75
6144,75
6145,75
6146,75
6147,75
6148,75
6149,75
6150,75
6151,75
6152,75
6153,75
6154,75
6155,75
6156,75
6157,75
6158,75
6159,75
6160,75
6161,75
6162,75
6163,75
6164,75
6165,75
6166,75
6167,75
6168,75
6169,75
6170,75
6171,75
6172,75
6173,75
6174,75
6175,75
6176,75
6177,75
6178,75
6179,75
6180,75
6181,75
6182,75
6183,75
6184,75
6185,75
6186,75
6187,75
6188,75
6189,75
6190,75
6191,75
6192,75
6193,75
6194,75
6195,75
6196,75
6197,75
6198,74
6199,74
6200,74
6201,74
6202,74
6203,74
6204,74
6205,74
6206,74
6207,74
6208,74
6209,74
6210,74
6211,74
6212,74
6213,74
6214,74
6215,74
6216,74
6217,74
6218,74
6219,74
6220,74
6221,74
6222,74
6223,74
6224,74
6225,74
6226,74
6227,74
6228,74
6229,74
6230,74
6231,74
6232,74
6233,74
6234,74
6235,74
6236,74
6237,74
6238,74
6239,74
6240,74
6241,74
6242,74
6243,74
6244,74
6245,74
6246,74
6247,74
6248,74
6249,74
6250,74
6251,74
6252,74
6253,74
6254,74
6255,74
6256,74
6257,74
6258,74
6259,74
6260,74
6261,74
6262,74
6263,74
6264,74
6265,74
6266,74
6267,74
6268,74
6269,74
6270,74
6271,74
6272,74
6273,74
6274,74
6275,74
6276,74
6277,74
6278,74
6279,74
6280,74
6281,74
6282,74
6283,74
6284,74
6285,74
6286,74
6287,74
6288,74
6289,74
6290,74
6291,74
6292,74
6293,74
6294,74
6295,74
6296,74
6297,74
6298,74
6299,74
6300,74
6301,74
6302,74
6303,74
6304,74
6305,74
6306,74
6307,74
6308,74
6309,74
6310,74
6311,74
6312,74
6313,74
6314,74
6315,74
6316,74
6317,74
6318,74
6319,74
6320,74
6321,74
6322,74
6323,74
6324,74
6325,74
6326,74
6327,74
6328,74
6329,74
6330,74
6331,74
6332,74
6333,74
6334,74
6335,74
6336,74
6337,74
6338,74
6339,74
6340,74
6341,74
6342,74
6343,74
6344,74
6345,74
6346,74
6347,74
6348,74
6349,74
6350,74
6351,74
6352,74
6353,74
6354,74
6355,74
6356,74
6357,74
6358,74
6359,74
6360,74
6361,74
6362,74
6363,74
6364,74
6365,74
6366,74
6367,74
6368,74
6369,74
6370,74
6371,74
6372,74
6373,74
6374,74
6375,74
6376,74
6377,74
6378,74
6379,74
6380,74
6381,74
6382,74
6383,74
6384,74
6385,74
6386,74
6387,74
6388,74
6389,74
6390,74
6391,74
6392,74
6393,74
6394,74
6395,74
6396,74
6397,74
6398,74
6399,74
6400,74
6401,74
6402,74
6403,74
6404,74
6405,74
6406,74
6407,74
6408,74
6409,74
6410,74
6411,74
6412,74
6413,74
6414,74
6415,74
6416,74
6417,74
6418,74
6419,74
6420,74
6421,74
6422,74
6423,74
6424,74
6425,74
6426,74
6427,74
6428,74
6429,74
6430,74
6431,74
6432,74
6433,74
6434,74
6435,74
6436,74
6437,74
6438,74
6439,74
6440,74
6441,74
6442,74
6443,74
6444,74
6445,74
6446,74
6447,74
6448,74
6449,74
6450,74
6451,74
6452,74
6453,74
6454,74
6455,74
6456,74
6457,74
6458,74
6459,74
6460,74
6461,74
6462,74
6463,74
6464,74
6465,74
6466,74
6467,74
6468,74
6469,74
6470,74
6471,74
6472,74
6473,74
6474,74
6475,74
6476,74
6477,74
6478,74
6479,74
6480,74
6481,74
6482,74
6483,74
6484,74
6485,74
6486,74
6487,74
6488,74
6489,74
6490,74
6491,74
6492,74
6493,74
6494,74
6495,74
6496,74
6497,74
6498,74
6499,74
6500,74
6501,74
6502,74
6503,74
6504,74
6505,74
6506,74
6507,74
6508,74
6509,74
6510,74
6511,74
6512,74
6513,74
6514,74
6515,74
6516,74
6517,74
6518,74
6519,74
6520,74
6521,74
6522,74
6523,74
6524,74
6525,74
6526,74
6527,74
6528,74
6529,74
6530,74
6531,74
6532,74
6533,74
6534,74
6535,74
6536,74
6537,74
6538,74
6539,74
6540,74
6541,74
6542,74
6543,74
6544,74
6545,74
6546,74
6547,74
6548,74
6549,74
6550,74
6551,74
6552,74
6553,74
6554,74
6555,74
6556,74
6557,74
6558,74
6559,74
6560,74
6561,74
6562,74
6563,74
6564,74
6565,74
6566,74
6567,74
6568,74
6569,74
6570,74
6571,74
6572,74
6573,74
6574,74
6575,74
6576,74
6577,74
6578,74
6579,74
6580,74
6581,74
6582,74
6583,74
6584,74
6585,74
6586,74
6587,74
6588,74
6589,74
6590,74
6591,74
6592,74
6593,74
6594,74
6595,74
6596,74
6597,74
6598,74
6599,74
6600,74
6601,74
6602,74
6603,74
6604,74
6605,74
6606,74
6607,74
6608,74
6609,74
6610,74
6611,74
6612,74
6613,74
6614,74
6615,74
6616,74
6617,74
6618,74
6619,74
6620,74
6621,74
6622,74
6623,74
6624,74
6625,74
6626,74
6627,74
6628,74
6629,74
6630,74
6631,74
6632,74
6633,74
6634,74
6635,74
6636,74
6637,74
6638,74
6639,74
6640,74
6641,74
6642,74
6643,74
6644,74
6645,74
6646,74
6647,74
6648,74
6649,74
6650,74
6651,74
6652,74
6653,74
6654,74
6655,74
6656,74
6657,74
6658,74
6659,74
6660,74
6661,74
6662,74
6663,74
6664,74
6665,74
6666,74
6667,74
6668,74
6669,74
6670,74
6671,74
6672,74
6673,74
6674,74
6675,74
6676,74
6677,74
6678,74
6679,74
6680,73
6681,73
6682,73
6683,73
6684,73
6685,73
6686,73
6687,73
6688,73
6689,73
6690,73
6691,73
6692,73
6693,73
6694,73
6695,73
6696,73
6697,73
6698,73
6699,73
6700,73
6701,73
6702,73
6703,73
6704,73
6705,73
6706,73
6707,73
6708,73
6709,73
6710,73
6711,73
6712,73
6713,73
6714,73
6715,73
6716,73
6717,73
6718,73
6719,73
6720,73
6721,73
6722,73
6723,73
6724,73
6725,73
6726,73
6727,73
6728,73
6729,73
6730,73
6731,73
6732,73
6733,73
6734,73
6735,73
6736,73
6737,73
6738,73
6739,73
6740,73
6741,73
6742,73
6743,73
6744,73
6745,73
6746,73
6747,73
6748,73
6749,73
6750,73
6751,73
6752,73
6753,73
6754,73
6755,73
6756,73
6757,73
6758,73
6759,73
6760,73
6761,73
6762,73
6763,73
6764,73
6765,73
6766,73
6767,73
6768,73
6769,73
6770,73
6771,73
6772,73
6773,73
6774,73
6775,73
6776,73
6777,73
6778,73
6779,73
6780,73
6781,73
6782,73
6783,73
6784,73
6785,73
6786,73
6787,73
6788,73
6789,73
6790,73
6791,73
6792,73
6793,73
6794,73
6795,73
6796,73
6797,73
6798,73
6799,73
6800,73
6801,73
6802,73
6803,73
6804,73
6805,73
6806,73
6807,73
6808,73
6809,73
6810,73
6811,73
6812,73
6813,73
6814,73
6815,73
6816,73
6817,73
6818,73
6819,73
6820,73
6821,73
6822,73
6823,73
6824,73
6825,73
6826,73
6827,73
6828,73
6829,73
6830,73
6831,73
6832,73
6833,73
6834,73
6835,73
6836,73
6837,73
6838,73
6839,73
6840,73
6841,73
6842,73
6843,73
6844,73
6845,73
6846,73
6847,73
6848,73
6849,73
6850,73
6851,73
6852,73
6853,73
6854,73
6855,73
6856,73
6857,73
6858,73
6859,73
6860,73
6861,73
6862,73
6863,73
6864,73
6865,73
6866,73
6867,73
6868,73
6869,73
6870,73
6871,73
6872,73
6873,73
6874,73
6875,73
6876,73
6877,73
6878,73
6879,73
6880,73
6881,73
6882,73
6883,73
6884,73
6885,73
6886,73
6887,73
6888,73
6889,73
6890,73
6891,73
6892,73
6893,73
6894,73
6895,73
6896,73
6897,73
6898,73
6899,73
6900,73
6901,73
6902,73
6903,73
6904,73
6905,73
6906,73
6907,73
6908,73
6909,73
6910,73
6911,73
6912,73
6913,73
6914,73
6915,73
6916,73
6917,73
6918,73
6919,73
6920,73
6921,73
6922,73
6923,73
6924,73
6925,73
6926,73
6927,73
6928,73
6929,73
6930,73
6931,73
6932,73
6933,73
6934,73
6935,73
6936,73
6937,73
6938,73
6939,73
6940,73
6941,73
6942,73
6943,73
6944,73
6945,73
6946,73
6947,73
6948,73
6949,73
6950,73
6951,73
6952,73
6953,73
6954,73
6955,73
6956,73
6957,73
6958,73
6959,73
6960,73
6961,73
6962,73
6963,73
6964,73
6965,73
6966,73
6967,73
6968,73
6969,73
6970,73
6971,73
6972,73
6973,73
6974,73
6975,73
6976,73
6977,73
6978,73
6979,73
6980,73
6981,73
6982,73
6983,73
6984,73
6985,73
6986,73
6987,73
6988,73
6989,73
6990,73
6991,73
6992,73
6993,73
6994,73
6995,73
6996,73
6997,73
6998,73
6999,73
7000,73
7001,73
7002,73
7003,73
7004,73
7005,73
7006,73
7007,73
7008,73
7009,73
7010,73
7011,73
7012,73
7013,73
7014,73
7015,73
7016,73
7017,73
7018,73
7019,73
7020,73
7021,73
7022,73
7023,73
7024,73
7025,73
7026,73
7027,73
7028,73
7029,73
7030,73
7031,73
7032,73
7033,73
7034,73
7035,73
7036,73
7037,73
7038,73
7039,73
7040,73
7041,73
7042,73
7043,73
7044,73
7045,73
7046,73
7047,73
7048,73
7049,73
7050,73
7051,73
7052,73
7053,73
7054,73
7055,73
7056,73
7057,73
7058,73
7059,73
7060,73
7061,73
7062,73
7063,73
7064,73
7065,73
7066,73
7067,73
7068,73
7069,73
7070,73
7071,73
7072,73
7073,73
7074,73
7075,73
7076,73
7077,73
7078,73
7079,73
7080,73
7081,73
7082,73
7083,73
7084,73
7085,73
7086,73
7087,73
7088,73
7089,73
7090,73
7091,73
7092,73
7093,73
7094,73
7095,73
7096,73
7097,73
7098,73
7099,73
7100,73
7101,73
7102,73
7103,73
7104,73
7105,73
7106,73
7107,73
7108,73
7109,73
7110,73
7111,73
7112,73
7113,73
7114,73
7115,73
7116,73
7117,73
7118,73
7119,73
7120,73
7121,73
7122,73
7123,73
7124,73
7125,73
7126,73
7127,73
7128,73
7129,73
7130,73
7131,73
7132,73
7133,73
7134,73
7135,73
7136,73
7137,73
7138,73
7139,73
7140,73
7141,73
7142,73
7143,73
7144,73
7145,73
7146,73
7147,73
7148,73
7149,73
7150,73
7151,73
7152,73
7153,73
7154,73
7155,73
7156,73
7157,73
7158,73
7159,73
7160,73
7161,73
7162,73
7163,73
7164,73
7165,73
7166,73
7167,73
7168,73
7169,73
7170,73
7171,73
7172,73
7173,73
7174,73
7175,73
7176,73
7177,73
7178,73
7179,73
7180,73
7181,73
7182,73
7183,73
7184,73
7185,73
7186,73
7187,73
7188,73
7189,73
7190,73
7191,73
7192,73
7193,73
7194,73
7195,73
7196,73
7197,73
7198,73
7199,73
7200,73
7201,73
7202,73
7203,73
7204,73
7205,73
7206,73
7207,73
7208,73
7209,73
7210,73
7211,73
7212,73
7213,73
7214,73
7215,73
7216,73
7217,73
7218,73
7219,73
7220,73
7221,73
7222,73
7223,73
7224,73
7225,73
7226,73
7227,73
7228,73
7229,73
7230,73
7231,73
7232,73
7233,73
7234,73
7235,73
7236,73
7237,73
7238,73
7239,73
7240,73
7241,73
7242,73
7243,73
7244,73
7245,73
7246,73
7247,73
7248,73
7249,73
7250,73
7251,73
7252,73
7253,73
7254,73
7255,73
7256,73
7257,73
7258,73
7259,73
7260,73
7261,73
7262,73
7263,73
7264,73
7265,73
7266,73
7267,73
7268,73
7269,73
7270,73
7271,73
7272,73
7273,73
7274,73
7275,73
7276,73
7277,73
7278,73
7279,73
7280,73
7281,73
7282,73
7283,73
7284,73
7285,73
7286,73
7287,73
7288,73
7289,73
7290,73
7291,73
7292,73
7293,73
7294,73
7295,73
7296,73
7297,73
7298,73
7299,73
7300,73
7301,73
7302,73
7303,73
7304,73
7305,73
7306,73
7307,73
7308,73
7309,73
7310,73
7311,73
7312,73
7313,73
7314,73
7315,73
7316,73
7317,73
7318,73
7319,73
7320,73
7321,73
7322,73
7323,73
7324,73
7325,73
7326,73
7327,73
7328,73
7329,73
7330,73
7331,73
7332,73
7333,73
7334,73
7335,73
7336,73
7337,73
7338,73
7339,73
7340,73
7341,73
7342,73
7343,73
7344,73
7345,73
7346,73
7347,73
7348,73
7349,73
7350,73
7351,73
7352,73
7353,73
7354,73
7355,73
7356,73
7357,73
7358,73
7359,73
7360,73
7361,73
7362,73
7363,73
7364,73
7365,73
7366,73
7367,73
7368,73
7369,73
7370,73
7371,73
7372,73
7373,73
7374,73
7375,73
7376,73
7377,73
7378,73
7379,73
7380,73
7381,73
7382,73
7383,73
7384,73
7385,73
7386,73
7387,73
7388,73
7389,73
7390,73
7391,73
7392,73
7393,73
7394,73
7395,73
7396,73
7397,73
7398,73
7399,73
7400,73
7401,73
7402,73
7403,73
7404,73
7405,73
7406,73
7407,73
7408,73
7409,73
7410,73
7411,73
7412,73
7413,73
7414,73
7415,73
7416,73
7417,73
7418,73
7419,73
7420,73
7421,73
7422,73
7423,73
7424,73
7425,73
7426,73
7427,73
7428,73
7429,73
7430,73
7431,73
7432,73
7433,73
7434,73
7435,73
7436,73
7437,73
7438,73
7439,73
7440,73
7441,73
7442,73
7443,73
7444,73
7445,73
7446,73
7447,73
7448,73
7449,73
7450,73
7451,73
7452,73
7453,73
7454,73
7455,73
7456,73
7457,73
7458,73
7459,73
7460,73
7461,73
7462,73
7463,73
7464,73
7465,73
7466,73
7467,73
7468,73
7469,73
7470,73
7471,73
7472,73
7473,73
7474,73
7475,73
7476,73
7477,73
7478,73
7479,73
7480,73
7481,73
7482,73
7483,73
7484,73
7485,73
7486,73
7487,73
7488,73
7489,73
7490,73
7491,73
7492,73
7493,73
7494,73
7495,73
7496,73
7497,73
7498,73
7499,73
7500,73
7501,73
7502,73
7503,73
7504,73
7505,73
7506,73
7507,73
7508,73
7509,73
7510,73
7511,73
7512,73
7513,73
7514,73
7515,73
7516,73
7517,73
7518,73
7519,73
7520,73
7521,73
7522,73
7523,73
7524,73
7525,73
7526,73
7527,73
7528,73
7529,73
7530,73
7531,73
7532,73
7533,73
7534,73
7535,73
7536,73
7537,73
7538,73
7539,73
7540,73
7541,73
7542,73
7543,73
7544,73
7545,73
7546,73
7547,73
7548,73
7549,73
7550,73
7551,73
7552,73
7553,73
7554,73
7555,73
7556,73
7557,73
7558,73
7559,73
7560,73
7561,73
7562,73
7563,73
7564,73
7565,73
7566,73
7567,73
7568,73
7569,73
7570,73
7571,73
7572,73
7573,73
7574,73
7575,73
7576,73
7577,73
7578,73
7579,73
7580,73
7581,73
7582,73
7583,73
7584,73
7585,73
7586,73
7587,73
7588,73
7589,73
7590,73
7591,73
7592,73
7593,73
7594,73
7595,73
7596,73
7597,73
7598,73
7599,73
7600,73
7601,73
7602,73
7603,73
7604,73
7605,73
7606,73
7607,73
7608,73
7609,73
7610,73
7611,73
7612,73
7613,73
7614,73
7615,73
7616,73
7617,73
7618,73
7619,73
7620,73
7621,73
7622,73
7623,73
7624,73
7625,73
7626,73
7627,73
7628,73
7629,73
7630,73
7631,73
7632,73
7633,73
7634,73
7635,73
7636,73
7637,73
7638,73
7639,73
7640,73
7641,73
7642,73
7643,73
7644,73
7645,73
7646,73
7647,73
7648,73
7649,73
7650,73
7651,73
7652,73
7653,73
7654,73
7655,73
7656,73
7657,73
7658,73
7659,73
7660,73
7661,73
7662,73
7663,73
7664,73
7665,73
7666,73
7667,73
7668,73
7669,73
7670,73
7671,73
7672,73
7673,73
7674,73
7675,73
7676,73
7677,73
7678,73
7679,73
7680,73
7681,73
7682,73
7683,73
7684,73
7685,73
7686,73
7687,73
7688,73
7689,73
7690,73
7691,73
7692,73
7693,73
7694,73
7695,73
7696,73
7697,73
7698,73
7699,73
7700,73
7701,73
7702,73
7703,73
7704,73
7705,73
7706,73
7707,73
7708,73
7709,73
7710,73
7711,73
7712,73
7713,73
7714,73
7715,73
7716,73
7717,73
7718,73
7719,73
7720,73
7721,73
7722,73
7723,73
7724,73
7725,73
7726,73
7727,73
7728,73
7729,73
7730,73
7731,73
7732,73
7733,73
7734,73
7735,73
7736,73
7737,73
7738,73
7739,73
7740,73
7741,73
7742,73
7743,73
7744,73
7745,73
7746,73
7747,73
7748,73
7749,73
7750,73
7751,73
7752,73
7753,73
7754,73
7755,73
7756,73
7757,73
7758,73
7759,73
7760,73
7761,73
7762,73
7763,73
7764,73
7765,73
7766,73
7767,73
7768,73
7769,73
7770,73
7771,73
7772,73
7773,73
7774,73
7775,73
7776,73
7777,73
7778,73
7779,73
7780,73
7781,73
7782,73
7783,73
7784,73
7785,73
7786,73
7787,73
7788,73
7789,73
7790,73
7791,73
7792,73
7793,73
7794,73
7795,73
7796,73
7797,73
7798,73
7799,73
7800,73
7801,73
7802,73
7803,73
7804,73
7805,73
7806,73
7807,73
7808,73
7809,73
7810,73
7811,73
7812,73
7813,73
7814,73
7815,73
7816,73
7817,73
7818,73
7819,73
7820,73
7821,73
7822,73
7823,73
7824,73
7825,73
7826,73
7827,73
7828,73
7829,73
7830,73
7831,73
7832,73
7833,73
7834,73
7835,73
7836,73
7837,73
7838,73
7839,73
7840,73
7841,73
7842,73
7843,73
7844,73
7845,73
7846,73
7847,73
7848,73
7849,73
7850,73
7851,73
7852,73
7853,73
7854,73
7855,73
7856,73
7857,73
7858,73
7859,73
7860,73
7861,73
7862,73
7863,73
7864,73
7865,73
7866,73
7867,73
7868,73
7869,73
7870,73
7871,73
7872,73
7873,73
7874,73
7875,73
7876,73
7877,73
7878,73
7879,73
7880,73
7881,73
7882,73
7883,73
7884,73
7885,73
7886,73
7887,73
7888,73
7889,73
7890,73
7891,73
7892,73
7893,73
7894,73
7895,73
7896,73
7897,73
7898,73
7899,73
7900,73
7901,73
7902,73
7903,73
7904,73
7905,73
7906,73
7907,73
7908,73
7909,73
7910,73
7911,73
7912,73
7913,73
7914,73
7915,73
7916,73
7917,73
7918,73
7919,73
7920,73
7921,73
7922,73
7923,73
7924,73
7925,73
7926,73
7927,73
7928,73
7929,73
7930,73
7931,73
7932,73
7933,73
7934,73
7935,73
7936,73
7937,73
7938,73
7939,73
7940,73
7941,73
7942,73
7943,73
7944,73
7945,73
7946,73
7947,73
7948,73
7949,73
7950,73
7951,73
7952,73
7953,73
7954,73
7955,73
7956,73
7957,73
7958,73
7959,73
7960,73
7961,73
7962,73
7963,73
7964,73
7965,73
7966,73
7967,73
7968,73
7969,73
7970,73
7971,73
7972,73
7973,73
7974,73
7975,73
7976,73
7977,73
7978,73
7979,73
7980,73
7981,73
7982,73
7983,73
7984,73
7985,73
7986,73
7987,73
7988,73
7989,73
7990,73
7991,73
7992,73
7993,73
7994,73
7995,73
7996,73
7997,73
7998,73
7999,73
8000,73
8001,73
8002,73
8003,73
8004,73
8005,73
8006,73
8007,73
8008,73
8009,73
8010,73
8011,73
8012,73
8013,73
8014,73
8015,73
8016,73
8017,73
8018,73
8019,73
8020,73
8021,73
8022,73
8023,73
8024,73
8025,73
8026,73
8027,73
8028,73
8029,73
8030,73
8031,73
8032,73
8033,73
8034,73
8035,73
8036,73
8037,73
8038,73
8039,73
8040,73
8041,73
8042,73
8043,73
8044,73
8045,73
8046,73
8047,73
8048,73
8049,73
8050,73
8051,73
8052,73
8053,73
8054,73
8055,73
8056,73
8057,73
8058,73
8059,73
8060,73
8061,73
8062,73
8063,73
8064,73
8065,73
8066,73
8067,73
8068,73
8069,73
8070,73
8071,73
8072,73
8073,73
8074,73
8075,73
8076,73
8077,73
8078,73
8079,73
8080,73
8081,73
8082,73
8083,73
8084,73
8085,73
8086,73
8087,73
8088,73
8089,73
8090,73
8091,73
8092,73
8093,73
8094,73
8095,73
8096,73
8097,73
8098,73
8099,73
8100,73
8101,73
8102,73
8103,73
8104,73
8105,73
8106,73
8107,73
8108,73
8109,73
8110,73
8111,73
8112,73
8113,73
8114,73
8115,73
8116,73
8117,73
8118,73
8119,73
8120,73
8121,73
8122,73
8123,73
8124,73
8125,73
8126,73
8127,73
8128,73
8129,73
8130,73
8131,73
8132,73
8133,73
8134,73
8135,73
8136,73
8137,73
8138,73
8139,73
8140,73
8141,73
8142,73
8143,73
8144,73
8145,73
8146,73
8147,73
8148,73
8149,73
8150,73
8151,73
8152,73
8153,73
8154,73
8155,73
8156,73
8157,73
8158,73
8159,73
8160,73
8161,73
8162,73
8163,73
8164,73
8165,73
8166,73
8167,73
8168,73
8169,73
8170,73
8171,73
8172,73
8173,73
8174,73
8175,73
8176,73
8177,73
8178,73
8179,73
8180,73
8181,73
8182,73
8183,73
8184,73
8185,73
8186,73
8187,73
8188,73
8189,73
8190,73
8191,73
8192,73
8193,73
8194,73
8195,73
8196,73
8197,73
8198,73
8199,73
8200,73
8201,73
8202,73
8203,73
8204,73
8205,73
8206,73
8207,73
8208,73
8209,73
8210,73
8211,73
8212,73
8213,73
8214,73
8215,73
8216,73
8217,73
8218,73
8219,73
8220,73
8221,73
8222,73
8223,73
8224,73
8225,73
8226,73
8227,73
8228,73
8229,73
8230,73
8231,73
8232,73
8233,73
8234,73
8235,73
8236,73
8237,73
8238,73
8239,73
8240,73
8241,73
8242,73
8243,73
8244,73
8245,73
8246,73
8247,73
8248,73
8249,73
8250,73
8251,73
8252,73
8253,73
8254,73
8255,73
8256,73
8257,73
8258,73
8259,73
8260,73
8261,73
8262,73
8263,73
8264,73
8265,73
8266,73
8267,73
8268,73
8269,73
8270,73
8271,73
8272,73
8273,73
8274,73
8275,73
8276,73
8277,73
8278,73
8279,73
8280,73
8281,73
8282,73
8283,73
8284,73
8285,73
8286,73
8287,73
8288,73
8289,73
8290,73
8291,73
8292,73
8293,73
8294,73
8295,73
8296,73
8297,73
8298,73
8299,73
8300,73
8301,73
8302,73
8303,73
8304,73
8305,73
8306,73
8307,73
8308,73
8309,73
8310,73
8311,73
8312,73
8313,73
8314,73
8315,73
8316,73
8317,73
8318,73
8319,73
8320,73
8321,73
8322,73
8323,73
8324,73
8325,73
8326,73
8327,73
8328,73
8329,73
8330,73
8331,73
8332,73
8333,73
8334,73
8335,73
8336,73
8337,73
8338,73
8339,73
8340,73
8341,73
8342,73
8343,73
8344,73
8345,73
8346,73
8347,73
8348,73
8349,73
8350,73
8351,73
8352,73
8353,73
8354,73
8355,73
8356,73
8357,73
8358,73
8359,73
8360,73
8361,73
8362,73
8363,73
8364,73
8365,73
8366,73
8367,73
8368,73
8369,73
8370,73
8371,73
8372,73
8373,73
8374,73
8375,73
8376,73
8377,73
8378,73
8379,73
8380,73
8381,73
8382,73
8383,73
8384,73
8385,73
8386,73
8387,73
8388,73
8389,73
8390,73
8391,73
8392,73
8393,73
8394,73
8395,73
8396,73
8397,73
8398,73
8399,73
8400,73
8401,73
8402,73
8403,73
8404,73
8405,73
8406,73
8407,73
8408,73
8409,73
8410,73
8411,73
8412,73
8413,73
8414,73
8415,73
8416,73
8417,73
8418,73
8419,73
8420,73
8421,73
8422,73
8423,73
8424,73
8425,73
8426,73
8427,73
8428,73
8429,73
8430,73
8431,73
8432,73
8433,73
8434,73
8435,73
8436,73
8437,73
8438,73
8439,73
8440,73
8441,73
8442,73
8443,73
8444,73
8445,73
8446,73
8447,73
8448,73
8449,73
8450,73
8451,73
8452,73
8453,73
8454,73
8455,73
8456,73
8457,73
8458,73
8459,73
8460,73
8461,73
8462,73
8463,73
8464,73
8465,73
8466,73
8467,73
8468,73
8469,73
8470,73
8471,73
8472,73
8473,73
8474,73
8475,73
8476,73
8477,73
8478,73
8479,73
8480,73
8481,73
8482,73
8483,73
8484,73
8485,73
8486,73
8487,73
8488,73
8489,73
8490,73
8491,73
8492,73
8493,73
8494,73
8495,73
8496,73
8497,73
8498,73
8499,73
8500,73
8501,73
8502,73
8503,73
8504,73
8505,73
8506,73
8507,73
8508,73
8509,73
8510,73
8511,73
8512,73
8513,73
8514,73
8515,73
8516,73
8517,73
8518,73
8519,73
8520,73
8521,73
8522,73
8523,73
8524,73
8525,73
8526,73
8527,73
8528,73
8529,73
8530,73
8531,73
8532,73
8533,73
8534,73
8535,73
8536,73
8537,73
8538,73
8539,73
8540,73
8541,73
8542,73
8543,73
8544,73
8545,73
8546,73
8547,73
8548,73
8549,73
8550,73
8551,73
8552,73
8553,73
8554,73
8555,73
8556,73
8557,73
8558,73
8559,73
8560,73
8561,73
8562,73
8563,73
8564,73
8565,73
8566,73
8567,73
8568,73
8569,73
8570,73
8571,73
8572,73
8573,73
8574,73
8575,73
8576,73
8577,73
8578,73
8579,73
8580,73
8581,73
8582,73
8583,73
8584,73
8585,73
8586,73
8587,73
8588,73
8589,73
8590,73
8591,73
8592,73
8593,73
8594,73
8595,73
8596,73
8597,73
8598,73
8599,73
8600,73
8601,73
8602,73
8603,73
8604,73
8605,73
8606,73
8607,73
8608,73
8609,73
8610,73
8611,73
8612,73
8613,73
8614,73
8615,73
8616,73
8617,73
8618,73
8619,73
8620,73
8621,73
8622,73
8623,73
8624,73
8625,73
8626,73
8627,73
8628,73
8629,73
8630,73
8631,73
8632,73
8633,73
8634,73
8635,73
8636,73
8637,73
8638,73
8639,73
8640,73
8641,73
8642,73
8643,73
8644,73
8645,73
8646,73
8647,73
8648,73
8649,73
8650,73
8651,73
8652,73
8653,73
8654,73
8655,73
8656,73
8657,73
8658,73
8659,73
8660,73
8661,73
8662,73
8663,73
8664,73
8665,73
8666,73
8667,73
8668,73
8669,73
8670,73
8671,73
8672,73
8673,73
8674,73
8675,73
8676,73
8677,73
8678,73
8679,73
8680,73
8681,73
8682,73
8683,73
8684,73
8685,73
8686,73
8687,73
8688,73
8689,73
8690,73
8691,73
8692,73
8693,73
8694,73
8695,73
8696,73
8697,73
8698,73
8699,73
8700,73
8701,73
8702,73
8703,73
8704,73
8705,73
8706,73
8707,73
8708,73
8709,73
8710,73
8711,73
8712,73
8713,73
8714,73
8715,73
8716,73
8717,73
8718,73
8719,73
8720,73
8721,73
8722,73
8723,73
8724,73
8725,73
8726,73
8727,73
8728,73
8729,73
8730,73
8731,73
8732,73
8733,73
8734,73
8735,73
8736,73
8737,73
8738,73
8739,73
8740,73
8741,73
8742,73
8743,73
8744,73
8745,73
8746,73
8747,73
8748,73
8749,73
8750,73
8751,73
8752,73
8753,73
8754,73
8755,73
8756,73
8757,73
8758,73
8759,73
8760,73
8761,73
8762,73
8763,73
8764,73
8765,73
8766,73
8767,73
8768,73
8769,73
8770,73
8771,73
8772,73
8773,73
8774,73
8775,73
8776,73
8777,73
8778,73
8779,73
8780,73
8781,73
8782,73
8783,73
8784,73
8785,73
8786,73
8787,73
8788,73
8789,73
8790,73
8791,73
8792,73
8793,73
8794,73
8795,73
8796,73
8797,73
8798,73
8799,73
8800,73
8801,73
8802,73
8803,73
8804,73
8805,73
8806,73
8807,73
8808,73
8809,73
8810,73
8811,73
8812,73
8813,73
8814,73
8815,73
8816,73
8817,73
8818,73
8819,73
8820,73
8821,73
8822,73
8823,73
8824,73
8825,73
8826,73
8827,73
8828,73
8829,73
8830,73
8831,73
8832,73
8833,73
8834,73
8835,73
8836,73
8837,73
8838,73
8839,73
8840,73
8841,73
8842,73
8843,73
8844,73
8845,73
8846,73
8847,73
8848,73
8849,73
8850,73
8851,73
8852,73
8853,73
8854,73
8855,73
8856,73
8857,73
8858,73
8859,73
8860,73
8861,73
8862,73
8863,73
8864,73
8865,73
8866,73
8867,73
8868,73
8869,73
8870,73
8871,73
8872,73
8873,73
8874,73
8875,73
8876,73
8877,73
8878,73
8879,73
8880,73
8881,73
8882,73
8883,73
8884,73
8885,73
8886,73
8887,73
8888,73
8889,73
8890,73
8891,73
8892,73
8893,73
8894,73
8895,73
8896,73
8897,73
8898,73
8899,73
8900,73
8901,73
8902,73
8903,73
8904,73
8905,73
8906,73
8907,73
8908,73
8909,73
8910,73
8911,73
8912,73
8913,73
8914,73
8915,73
8916,73
8917,73
8918,73
8919,73
8920,73
8921,73
8922,73
8923,73
8924,73
8925,73
8926,73
8927,73
8928,73
8929,73
8930,73
8931,73
8932,73
8933,73
8934,73
8935,73
8936,73
8937,73
8938,73
8939,73
8940,73
8941,73
8942,73
8943,73
8944,73
8945,73
8946,73
8947,73
8948,73
8949,73
8950,73
8951,73
8952,73
8953,73
8954,73
8955,73
8956,73
8957,73
8958,73
8959,73
8960,73
8961,73
8962,73
8963,73
8964,73
8965,73
8966,73
8967,73
8968,73
8969,73
8970,73
8971,73
8972,73
8973,73
8974,73
8975,73
8976,73
8977,73
8978,73
8979,73
8980,73
8981,73
8982,73
8983,73
8984,73
8985,73
8986,73
8987,73
8988,73
8989,73
8990,73
8991,73
8992,73
8993,73
8994,73
8995,73
8996,73
8997,73
8998,73
8999,73
9000,73
9001,73
9002,73
9003,73
9004,73
9005,73
9006,73
9007,73
9008,73
9009,73
9010,73
9011,73
9012,73
9013,73
9014,73
9015,73
9016,73
9017,73
9018,73
9019,73
9020,73
9021,73
9022,73
9023,73
9024,73
9025,73
9026,73
9027,73
9028,73
9029,73
9030,73
9031,73
9032,73
9033,73
9034,73
9035,73
9036,73
9037,73
9038,73
9039,73
9040,73
9041,73
9042,73
9043,73
9044,73
9045,73
9046,73
9047,73
9048,73
9049,73
9050,73
9051,73
9052,73
9053,73
9054,73
9055,73
9056,73
9057,73
9058,73
9059,73
9060,73
9061,73
9062,73
9063,73
9064,73
9065,73
9066,73
9067,73
9068,73
9069,73
9070,73
9071,73
9072,73
9073,73
9074,73
9075,73
9076,73
9077,73
9078,73
9079,73
9080,73
9081,73
9082,73
9083,73
9084,73
9085,73
9086,73
9087,73
9088,73
9089,73
9090,73
9091,73
9092,73
9093,73
9094,73
9095,73
9096,73
9097,73
9098,73
9099,73
9100,73
9101,73
9102,73
9103,73
9104,73
9105,73
9106,73
9107,73
9108,73
9109,73
9110,73
9111,73
9112,73
9113,73
9114,73
9115,73
9116,73
9117,73
9118,73
9119,73
9120,73
9121,73
9122,73
9123,73
9124,73
9125,73
9126,73
9127,73
9128,73
9129,73
9130,73
9131,73
9132,73
9133,73
9134,73
9135,73
9136,73
9137,73
9138,73
9139,73
9140,73
9141,73
9142,73
9143,73
9144,73
9145,73
9146,73
9147,73
9148,73
9149,73
9150,73
9151,73
9152,73
9153,73
9154,73
9155,73
9156,73
9157,73
9158,73
9159,73
9160,73
9161,73
9162,73
9163,73
9164,73
9165,73
9166,73
9167,73
9168,73
9169,73
9170,73
9171,73
9172,73
9173,73
9174,73
9175,73
9176,73
9177,73
9178,73
9179,73
9180,73
9181,73
9182,73
9183,73
9184,73
9185,73
9186,73
9187,73
9188,73
9189,73
9190,73
9191,73
9192,73
9193,73
9194,73
9195,73
9196,73
9197,73
9198,73
9199,73
9200,73
9201,73
9202,73
9203,73
9204,73
9205,73
9206,73
9207,73
9208,73
9209,73
9210,73
9211,73
9212,73
9213,73
9214,73
9215,73
9216,73
9217,73
9218,73
9219,73
9220,73
9221,73
9222,73
9223,73
9224,73
9225,73
9226,73
9227,73
9228,73
9229,73
9230,73
9231,73
9232,73
9233,73
9234,73
9235,73
9236,73
9237,73
9238,73
9239,73
9240,73
9241,73
9242,73
9243,73
9244,73
9245,73
9246,73
9247,73
9248,73
9249,73
9250,73
9251,73
9252,73
9253,73
9254,73
9255,73
9256,73
9257,73
9258,73
9259,73
9260,73
9261,73
9262,73
9263,73
9264,73
9265,73
9266,73
9267,73
9268,73
9269,73
9270,73
9271,73
9272,73
9273,73
9274,73
9275,73
9276,73
9277,73
9278,73
9279,73
9280,73
9281,73
9282,73
9283,73
9284,73
9285,73
9286,73
9287,73
9288,73
9289,73
9290,73
9291,73
9292,73
9293,73
9294,73
9295,73
9296,73
9297,73
9298,73
9299,73
9300,73
9301,73
9302,73
9303,73
9304,73
9305,73
9306,73
9307,73
9308,73
9309,73
9310,73
9311,73
9312,73
9313,73
9314,73
9315,73
9316,73
9317,73
9318,73
9319,73
9320,73
9321,73
9322,73
9323,73
9324,73
9325,73
9326,73
9327,73
9328,73
9329,73
9330,73
9331,73
9332,73
9333,73
9334,73
9335,73
9336,73
9337,73
9338,73
9339,73
9340,73
9341,73
9342,73
9343,73
9344,73
9345,73
9346,73
9347,73
9348,73
9349,73
9350,73
9351,73
9352,73
9353,73
9354,73
9355,73
9356,73
9357,73
9358,73
9359,73
9360,73
9361,73
9362,73
9363,73
9364,73
9365,73
9366,73
9367,73
9368,73
9369,73
9370,73
9371,73
9372,73
9373,73
9374,73
9375,73
9376,73
9377,73
9378,73
9379,73
9380,73
9381,73
9382,73
9383,73
9384,73
9385,73
9386,73
9387,73
9388,73
9389,73
9390,73
9391,73
9392,73
9393,73
9394,73
9395,73
9396,73
9397,73
9398,73
9399,73
9400,73
9401,73
9402,73
9403,73
9404,73
9405,73
9406,73
9407,73
9408,73
9409,73
9410,73
9411,73
9412,73
9413,73
9414,73
9415,73
9416,73
9417,73
9418,73
9419,73
9420,73
9421,73
9422,73
9423,73
9424,73
9425,73
9426,73
9427,73
9428,73
9429,73
9430,73
9431,73
9432,73
9433,73
9434,73
9435,73
9436,73
9437,73
9438,73
9439,73
9440,73
9441,73
9442,73
9443,73
9444,73
9445,73
9446,73
9447,73
9448,73
9449,73
9450,73
9451,73
9452,73
9453,73
9454,73
9455,73
9456,73
9457,73
9458,73
9459,73
9460,73
9461,73
9462,73
9463,73
9464,73
9465,73
9466,73
9467,73
9468,73
9469,73
9470,73
9471,73
9472,73
9473,73
9474,73
9475,73
9476,73
9477,73
9478,73
9479,73
9480,73
9481,73
9482,73
9483,73
9484,73
9485,73
9486,73
9487,73
9488,73
9489,73
9490,73
9491,73
9492,73
9493,73
9494,73
9495,73
9496,73
9497,73
9498,73
9499,73
9500,73
9501,73
9502,73
9503,73
9504,73
9505,73
9506,73
9507,73
9508,73
9509,73
9510,73
9511,73
9512,73
9513,73
9514,73
9515,73
9516,73
9517,73
9518,73
9519,73
9520,73
9521,73
9522,73
9523,73
9524,73
9525,73
9526,73
9527,73
9528,73
9529,73
9530,73
9531,73
9532,73
9533,73
9534,73
9535,73
9536,73
9537,73
9538,73
9539,73
9540,73
9541,73
9542,73
9543,73
9544,73
9545,73
9546,73
9547,73
9548,73
9549,73
9550,73
9551,73
9552,73
9553,73
9554,73
9555,73
9556,73
9557,73
9558,73
9559,73
9560,73
9561,73
9562,73
9563,73
9564,73
9565,73
9566,73
9567,73
9568,73
9569,73
9570,73
9571,73
9572,73
9573,73
9574,73
9575,73
9576,73
9577,73
9578,73
9579,73
9580,73
9581,73
9582,73
9583,73
9584,73
9585,73
9586,73
9587,73
9588,73
9589,73
9590,73
9591,73
9592,73
9593,73
9594,73
9595,73
9596,73
9597,73
9598,73
9599,73
9600,73
9601,73
9602,73
9603,73
9604,73
9605,73
9606,73
9607,73
9608,73
9609,73
9610,73
9611,73
9612,73
9613,73
9614,73
9615,73
9616,73
9617,73
9618,73
9619,73
9620,73
9621,73
9622,73
9623,73
9624,73
9625,73
9626,73
9627,73
9628,73
9629,73
9630,73
9631,73
9632,73
9633,73
9634,73
9635,73
9636,73
9637,73
9638,73
9639,73
9640,73
9641,73
9642,73
9643,73
9644,73
9645,73
9646,73
9647,73
9648,73
9649,73
9650,73
9651,73
9652,73
9653,73
9654,73
9655,73
9656,73
9657,73
9658,73
9659,73
9660,73
9661,73
9662,73
9663,73
9664,73
9665,73
9666,73
9667,73
9668,73
9669,73
9670,73
9671,73
9672,73
9673,73
9674,73
9675,73
9676,73
9677,73
9678,73
9679,73
9680,73
9681,73
9682,73
9683,73
9684,73
9685,73
9686,73
9687,73
9688,73
9689,73
9690,73
9691,73
9692,73
9693,73
9694,73
9695,73
9696,73
9697,73
9698,73
9699,73
9700,73
9701,73
9702,73
9703,73
9704,73
9705,73
9706,73
9707,73
9708,73
9709,73
9710,73
9711,73
9712,73
9713,73
9714,73
9715,73
9716,73
9717,73
9718,73
9719,73
9720,73
9721,73
9722,73
9723,73
9724,73
9725,73
9726,73
9727,73
9728,73
9729,73
9730,73
9731,73
9732,73
9733,73
9734,73
9735,73
9736,73
9737,73
9738,73
9739,73
9740,73
9741,73
9742,73
9743,73
9744,73
9745,73
9746,73
9747,73
9748,73
9749,73
9750,73
9751,73
9752,73
9753,73
9754,73
9755,73
9756,73
9757,73
9758,73
9759,73
9760,73
9761,73
9762,73
9763,73
9764,73
9765,73
9766,73
9767,73
9768,73
9769,73
9770,73
9771,73
9772,73
9773,73
9774,73
9775,73
9776,73
9777,73
9778,73
9779,73
9780,73
9781,73
9782,73
9783,73
9784,73
9785,73
9786,73
9787,73
9788,73
9789,73
9790,73
9791,73
9792,73
9793,73
9794,73
9795,73
9796,73
9797,73
9798,73
9799,73
9800,73
9801,73
9802,73
9803,73
9804,73
9805,73
9806,73
9807,73
9808,73
9809,73
9810,73
9811,73
9812,73
9813,73
9814,73
9815,73
9816,73
9817,73
9818,73
9819,73
9820,73
9821,73
9822,73
9823,73
9824,73
9825,73
9826,73
9827,73
9828,73
9829,73
9830,73
9831,73
9832,73
9833,73
9834,73
9835,73
9836,73
9837,73
9838,73
9839,73
9840,73
9841,73
9842,73
9843,73
9844,73
9845,73
9846,73
9847,73
9848,73
9849,73
9850,73
9851,73
9852,73
9853,73
9854,73
9855,73
9856,73
9857,73
9858,73
9859,73
9860,73
9861,73
9862,73
9863,73
9864,73
9865,73
9866,73
9867,73
9868,73
9869,73
9870,73
9871,73
9872,73
9873,73
9874,73
9875,73
9876,73
9877,73
9878,73
9879,73
9880,73
9881,73
9882,73
9883,73
9884,73
9885,73
9886,73
9887,73
9888,73
9889,73
9890,73
9891,73
9892,73
9893,73
9894,73
9895,73
9896,73
9897,73
9898,73
9899,73
9900,73
9901,73
9902,73
9903,73
9904,73
9905,73
9906,73
9907,73
9908,73
9909,73
9910,73
9911,73
9912,73
9913,73
9914,73
9915,73
9916,73
9917,73
9918,73
9919,73
9920,73
9921,73
9922,73
9923,73
9924,73
9925,73
9926,73
9927,73
9928,73
9929,73
9930,73
9931,73
9932,73
9933,73
9934,73
9935,73
9936,73
9937,73
9938,73
9939,73
9940,73
9941,73
9942,73
9943,73
9944,73
9945,73
9946,73
9947,73
9948,73
9949,73
9950,73
9951,73
9952,73
9953,73
9954,73
9955,73
9956,73
9957,73
9958,73
9959,73
9960,73
9961,73
9962,73
9963,73
9964,73
9965,73
9966,73
9967,73
9968,73
9969,73
9970,73
9971,73
9972,73
9973,73
9974,73
9975,73
9976,73
9977,73
9978,73
9979,73
9980,73
9981,73
9982,73
9983,73
9984,73
9985,73
9986,73
9987,73
9988,73
9989,73
9990,73
9991,73
9992,73
9993,73
9994,73
9995,73
9996,73
9997,73
9998,73
9999,73
