,pso
0,300
1,300
2,300
3,300
4,300
5,300
6,300
7,300
8,300
9,300
10,300
11,300
12,300
13,300
14,300
15,300
16,300
17,300
18,300
19,300
20,300
21,300
22,300
23,300
24,300
25,300
26,300
27,300
28,300
29,300
30,300
31,300
32,300
33,300
34,300
35,300
36,300
37,300
38,300
39,300
40,300
41,300
42,300
43,300
44,300
45,300
46,300
47,300
48,300
49,300
50,300
51,300
52,300
53,300
54,300
55,300
56,300
57,300
58,300
59,300
60,300
61,300
62,300
63,300
64,300
65,300
66,300
67,300
68,300
69,300
70,300
71,300
72,300
73,300
74,300
75,300
76,300
77,300
78,300
79,300
80,300
81,300
82,300
83,300
84,300
85,300
86,300
87,300
88,300
89,300
90,300
91,300
92,300
93,300
94,300
95,300
96,300
97,300
98,300
99,300
100,300
101,300
102,300
103,300
104,300
105,300
106,300
107,300
108,300
109,300
110,300
111,300
112,300
113,300
114,300
115,300
116,300
117,300
118,300
119,300
120,300
121,300
122,300
123,300
124,300
125,300
126,300
127,300
128,300
129,300
130,300
131,300
132,300
133,300
134,300
135,300
136,300
137,300
138,300
139,300
140,300
141,300
142,300
143,300
144,300
145,300
146,300
147,300
148,300
149,300
150,300
151,300
152,300
153,300
154,300
155,300
156,300
157,300
158,300
159,300
160,300
161,300
162,300
163,300
164,300
165,300
166,300
167,300
168,300
169,300
170,300
171,300
172,300
173,300
174,300
175,300
176,300
177,300
178,300
179,300
180,300
181,300
182,300
183,300
184,300
185,300
186,300
187,300
188,300
189,300
190,300
191,300
192,300
193,300
194,300
195,300
196,300
197,300
198,300
199,300
200,300
201,300
202,300
203,300
204,300
205,300
206,300
207,300
208,300
209,300
210,300
211,300
212,300
213,300
214,300
215,300
216,300
217,300
218,300
219,300
220,300
221,300
222,300
223,300
224,300
225,300
226,300
227,300
228,300
229,300
230,300
231,300
232,300
233,300
234,300
235,300
236,300
237,300
238,300
239,300
240,300
241,300
242,300
243,300
244,300
245,300
246,300
247,300
248,300
249,300
250,300
251,300
252,300
253,300
254,300
255,300
256,300
257,300
258,300
259,300
260,300
261,300
262,300
263,300
264,300
265,300
266,300
267,300
268,300
269,300
270,300
271,300
272,300
273,300
274,300
275,300
276,300
277,300
278,300
279,300
280,300
281,300
282,300
283,300
284,300
285,300
286,300
287,300
288,300
289,300
290,300
291,300
292,300
293,300
294,300
295,300
296,300
297,300
298,300
299,300
300,300
301,300
302,300
303,300
304,300
305,300
306,300
307,300
308,300
309,300
310,300
311,300
312,300
313,300
314,300
315,300
316,300
317,300
318,300
319,300
320,300
321,300
322,300
323,300
324,300
325,300
326,300
327,300
328,300
329,300
330,300
331,300
332,300
333,300
334,300
335,300
336,300
337,300
338,300
339,300
340,300
341,300
342,300
343,300
344,300
345,300
346,300
347,300
348,300
349,300
350,300
351,300
352,300
353,300
354,300
355,300
356,300
357,300
358,300
359,300
360,300
361,300
362,300
363,300
364,300
365,300
366,300
367,300
368,300
369,300
370,300
371,300
372,300
373,300
374,300
375,300
376,300
377,300
378,300
379,300
380,300
381,300
382,300
383,300
384,300
385,300
386,300
387,300
388,300
389,300
390,300
391,300
392,300
393,300
394,300
395,300
396,300
397,300
398,300
399,300
400,300
401,300
402,300
403,300
404,300
405,300
406,300
407,300
408,300
409,300
410,300
411,300
412,300
413,300
414,300
415,300
416,300
417,300
418,300
419,300
420,300
421,300
422,300
423,300
424,300
425,300
426,300
427,300
428,300
429,300
430,300
431,300
432,300
433,300
434,300
435,300
436,300
437,300
438,300
439,300
440,300
441,300
442,300
443,300
444,300
445,300
446,300
447,300
448,300
449,300
450,300
451,300
452,300
453,300
454,300
455,300
456,300
457,300
458,300
459,300
460,300
461,300
462,300
463,300
464,300
465,300
466,300
467,300
468,300
469,300
470,300
471,300
472,300
473,300
474,300
475,300
476,300
477,300
478,300
479,300
480,300
481,300
482,300
483,300
484,300
485,300
486,300
487,300
488,300
489,300
490,300
491,300
492,300
493,300
494,300
495,300
496,300
497,300
498,300
499,300
500,300
501,300
502,300
503,300
504,300
505,300
506,300
507,300
508,300
509,300
510,300
511,300
512,300
513,300
514,300
515,300
516,300
517,300
518,300
519,300
520,300
521,300
522,300
523,300
524,300
525,300
526,300
527,300
528,300
529,300
530,300
531,300
532,300
533,300
534,300
535,300
536,300
537,300
538,300
539,300
540,300
541,300
542,300
543,300
544,300
545,300
546,300
547,300
548,300
549,300
550,300
551,300
552,300
553,300
554,300
555,300
556,300
557,300
558,300
559,300
560,300
561,300
562,300
563,300
564,300
565,300
566,300
567,300
568,300
569,300
570,300
571,300
572,300
573,300
574,300
575,300
576,300
577,300
578,300
579,300
580,300
581,300
582,300
583,300
584,300
585,300
586,300
587,300
588,300
589,300
590,300
591,300
592,300
593,300
594,300
595,300
596,300
597,300
598,300
599,300
600,300
601,300
602,300
603,300
604,300
605,300
606,300
607,300
608,300
609,300
610,300
611,300
612,300
613,300
614,300
615,300
616,300
617,300
618,300
619,300
620,300
621,300
622,300
623,300
624,300
625,300
626,300
627,300
628,300
629,300
630,300
631,300
632,300
633,300
634,300
635,300
636,300
637,300
638,300
639,300
640,300
641,300
642,300
643,300
644,300
645,300
646,300
647,300
648,300
649,300
650,300
651,300
652,300
653,300
654,300
655,300
656,300
657,300
658,300
659,300
660,300
661,300
662,300
663,300
664,300
665,300
666,300
667,300
668,300
669,300
670,300
671,300
672,300
673,300
674,300
675,300
676,300
677,300
678,300
679,300
680,300
681,300
682,300
683,300
684,300
685,300
686,300
687,300
688,300
689,300
690,300
691,300
692,300
693,300
694,300
695,300
696,300
697,300
698,300
699,300
700,300
701,300
702,300
703,300
704,300
705,300
706,300
707,300
708,300
709,300
710,300
711,300
712,300
713,300
714,300
715,300
716,300
717,300
718,300
719,300
720,300
721,300
722,300
723,300
724,300
725,300
726,300
727,300
728,300
729,300
730,300
731,300
732,300
733,300
734,300
735,300
736,300
737,300
738,300
739,300
740,300
741,300
742,300
743,300
744,300
745,300
746,300
747,300
748,300
749,300
750,300
751,300
752,300
753,300
754,300
755,300
756,300
757,300
758,300
759,300
760,300
761,300
762,300
763,300
764,300
765,300
766,300
767,300
768,300
769,300
770,300
771,300
772,300
773,300
774,300
775,300
776,300
777,300
778,300
779,300
780,300
781,300
782,300
783,300
784,300
785,300
786,300
787,300
788,300
789,300
790,300
791,300
792,300
793,300
794,300
795,300
796,300
797,300
798,300
799,300
800,300
801,300
802,300
803,300
804,300
805,300
806,300
807,300
808,300
809,300
810,300
811,300
812,300
813,300
814,300
815,300
816,300
817,300
818,300
819,300
820,300
821,300
822,300
823,300
824,300
825,300
826,300
827,300
828,300
829,300
830,300
831,300
832,300
833,300
834,300
835,300
836,300
837,300
838,300
839,300
840,300
841,300
842,300
843,300
844,300
845,300
846,300
847,300
848,300
849,300
850,300
851,300
852,300
853,300
854,300
855,300
856,300
857,300
858,300
859,300
860,300
861,300
862,300
863,300
864,300
865,300
866,300
867,300
868,300
869,300
870,300
871,300
872,300
873,300
874,300
875,300
876,300
877,300
878,300
879,300
880,300
881,300
882,300
883,300
884,300
885,300
886,300
887,300
888,300
889,300
890,300
891,300
892,300
893,300
894,300
895,300
896,300
897,300
898,300
899,300
900,300
901,300
902,300
903,300
904,300
905,300
906,300
907,300
908,300
909,300
910,300
911,300
912,300
913,300
914,300
915,300
916,300
917,300
918,300
919,300
920,300
921,300
922,300
923,300
924,300
925,300
926,300
927,300
928,300
929,300
930,300
931,300
932,300
933,300
934,300
935,300
936,300
937,300
938,300
939,300
940,300
941,300
942,300
943,300
944,300
945,300
946,300
947,300
948,300
949,300
950,300
951,300
952,300
953,300
954,300
955,300
956,300
957,300
958,300
959,300
960,300
961,300
962,300
963,300
964,300
965,300
966,300
967,300
968,300
969,300
970,300
971,300
972,300
973,300
974,300
975,300
976,300
977,300
978,300
979,300
980,300
981,300
982,300
983,300
984,300
985,300
986,300
987,300
988,300
989,300
990,300
991,300
992,300
993,300
994,300
995,300
996,300
997,300
998,300
999,300
1000,300
1001,300
1002,300
1003,300
1004,300
1005,300
1006,300
1007,300
1008,300
1009,300
1010,300
1011,300
1012,300
1013,300
1014,300
1015,300
1016,300
1017,300
1018,300
1019,300
1020,300
1021,300
1022,300
1023,300
1024,300
1025,300
1026,300
1027,300
1028,300
1029,300
1030,300
1031,300
1032,300
1033,300
1034,300
1035,300
1036,300
1037,300
1038,300
1039,300
1040,300
1041,300
1042,300
1043,300
1044,300
1045,300
1046,300
1047,300
1048,300
1049,300
1050,300
1051,300
1052,300
1053,300
1054,300
1055,300
1056,300
1057,300
1058,300
1059,300
1060,300
1061,300
1062,300
1063,300
1064,300
1065,300
1066,300
1067,300
1068,300
1069,300
1070,300
1071,300
1072,300
1073,300
1074,300
1075,300
1076,300
1077,300
1078,300
1079,300
1080,300
1081,300
1082,300
1083,300
1084,300
1085,300
1086,300
1087,300
1088,300
1089,300
1090,300
1091,300
1092,300
1093,300
1094,300
1095,300
1096,300
1097,300
1098,300
1099,300
1100,300
1101,300
1102,300
1103,300
1104,300
1105,300
1106,300
1107,300
1108,300
1109,300
1110,300
1111,300
1112,300
1113,300
1114,300
1115,300
1116,300
1117,300
1118,300
1119,300
1120,300
1121,300
1122,300
1123,300
1124,300
1125,300
1126,300
1127,300
1128,300
1129,300
1130,300
1131,300
1132,300
1133,300
1134,300
1135,300
1136,300
1137,300
1138,300
1139,300
1140,300
1141,300
1142,300
1143,300
1144,300
1145,300
1146,300
1147,300
1148,300
1149,300
1150,300
1151,300
1152,300
1153,300
1154,300
1155,300
1156,300
1157,300
1158,300
1159,300
1160,300
1161,300
1162,300
1163,300
1164,300
1165,300
1166,300
1167,300
1168,300
1169,300
1170,300
1171,300
1172,300
1173,300
1174,300
1175,300
1176,300
1177,300
1178,300
1179,300
1180,300
1181,300
1182,300
1183,300
1184,300
1185,300
1186,300
1187,300
1188,300
1189,300
1190,300
1191,300
1192,300
1193,300
1194,300
1195,300
1196,300
1197,300
1198,300
1199,300
1200,300
1201,300
1202,300
1203,300
1204,300
1205,300
1206,300
1207,300
1208,300
1209,300
1210,300
1211,300
1212,300
1213,300
1214,300
1215,300
1216,300
1217,300
1218,300
1219,300
1220,300
1221,300
1222,300
1223,300
1224,300
1225,300
1226,300
1227,300
1228,300
1229,300
1230,300
1231,300
1232,300
1233,300
1234,300
1235,300
1236,300
1237,300
1238,300
1239,300
1240,300
1241,300
1242,300
1243,300
1244,300
1245,300
1246,300
1247,300
1248,300
1249,300
1250,300
1251,300
1252,300
1253,300
1254,300
1255,300
1256,300
1257,300
1258,300
1259,300
1260,300
1261,300
1262,300
1263,300
1264,300
1265,300
1266,300
1267,300
1268,300
1269,300
1270,300
1271,300
1272,300
1273,300
1274,300
1275,300
1276,300
1277,300
1278,300
1279,300
1280,300
1281,300
1282,300
1283,300
1284,300
1285,300
1286,300
1287,300
1288,300
1289,300
1290,299
1291,299
1292,299
1293,299
1294,299
1295,299
1296,299
1297,299
1298,299
1299,299
1300,299
1301,299
1302,299
1303,299
1304,299
1305,299
1306,299
1307,299
1308,299
1309,299
1310,299
1311,299
1312,299
1313,299
1314,299
1315,299
1316,299
1317,299
1318,299
1319,299
1320,299
1321,299
1322,299
1323,299
1324,299
1325,299
1326,299
1327,299
1328,299
1329,299
1330,299
1331,299
1332,299
1333,299
1334,299
1335,299
1336,299
1337,299
1338,299
1339,299
1340,299
1341,299
1342,299
1343,299
1344,299
1345,299
1346,299
1347,299
1348,299
1349,299
1350,299
1351,299
1352,299
1353,299
1354,299
1355,299
1356,299
1357,299
1358,299
1359,299
1360,299
1361,299
1362,299
1363,299
1364,299
1365,299
1366,299
1367,299
1368,299
1369,299
1370,299
1371,299
1372,299
1373,299
1374,299
1375,299
1376,299
1377,299
1378,299
1379,299
1380,299
1381,299
1382,299
1383,299
1384,299
1385,299
1386,299
1387,299
1388,299
1389,299
1390,299
1391,299
1392,299
1393,299
1394,299
1395,299
1396,299
1397,299
1398,299
1399,299
1400,299
1401,299
1402,299
1403,299
1404,299
1405,299
1406,299
1407,299
1408,299
1409,299
1410,299
1411,299
1412,299
1413,299
1414,299
1415,299
1416,299
1417,299
1418,299
1419,299
1420,299
1421,299
1422,299
1423,299
1424,299
1425,299
1426,299
1427,299
1428,299
1429,299
1430,299
1431,299
1432,299
1433,299
1434,299
1435,299
1436,299
1437,299
1438,299
1439,299
1440,299
1441,299
1442,299
1443,299
1444,299
1445,299
1446,299
1447,299
1448,299
1449,299
1450,299
1451,299
1452,299
1453,299
1454,299
1455,299
1456,299
1457,299
1458,299
1459,299
1460,299
1461,299
1462,299
1463,299
1464,299
1465,299
1466,299
1467,299
1468,299
1469,299
1470,299
1471,299
1472,299
1473,299
1474,299
1475,299
1476,299
1477,299
1478,299
1479,299
1480,299
1481,299
1482,299
1483,299
1484,299
1485,299
1486,299
1487,299
1488,299
1489,299
1490,299
1491,299
1492,299
1493,299
1494,299
1495,299
1496,299
1497,299
1498,299
1499,299
1500,299
1501,299
1502,299
1503,299
1504,299
1505,299
1506,299
1507,299
1508,299
1509,299
1510,299
1511,299
1512,299
1513,299
1514,299
1515,299
1516,299
1517,299
1518,299
1519,299
1520,299
1521,299
1522,299
1523,299
1524,299
1525,299
1526,299
1527,299
1528,299
1529,299
1530,299
1531,299
1532,299
1533,299
1534,299
1535,299
1536,299
1537,299
1538,299
1539,299
1540,299
1541,299
1542,299
1543,299
1544,299
1545,299
1546,299
1547,299
1548,299
1549,299
1550,299
1551,299
1552,299
1553,299
1554,299
1555,299
1556,299
1557,299
1558,299
1559,299
1560,299
1561,299
1562,299
1563,299
1564,299
1565,299
1566,299
1567,299
1568,298
1569,298
1570,298
1571,298
1572,298
1573,298
1574,298
1575,298
1576,298
1577,298
1578,298
1579,298
1580,298
1581,298
1582,298
1583,298
1584,298
1585,298
1586,298
1587,298
1588,298
1589,298
1590,298
1591,298
1592,298
1593,298
1594,298
1595,298
1596,298
1597,298
1598,298
1599,298
1600,298
1601,298
1602,297
1603,297
1604,297
1605,297
1606,297
1607,297
1608,297
1609,297
1610,297
1611,297
1612,297
1613,297
1614,297
1615,297
1616,297
1617,297
1618,297
1619,297
1620,297
1621,297
1622,297
1623,297
1624,297
1625,297
1626,297
1627,297
1628,297
1629,297
1630,297
1631,297
1632,297
1633,297
1634,297
1635,297
1636,297
1637,297
1638,297
1639,297
1640,297
1641,297
1642,297
1643,297
1644,297
1645,297
1646,297
1647,297
1648,297
1649,297
1650,297
1651,297
1652,297
1653,297
1654,297
1655,297
1656,297
1657,297
1658,297
1659,297
1660,297
1661,297
1662,297
1663,297
1664,297
1665,297
1666,297
1667,297
1668,297
1669,297
1670,297
1671,297
1672,297
1673,297
1674,297
1675,297
1676,297
1677,297
1678,297
1679,297
1680,297
1681,297
1682,297
1683,297
1684,297
1685,297
1686,297
1687,297
1688,297
1689,297
1690,297
1691,297
1692,297
1693,297
1694,297
1695,297
1696,297
1697,297
1698,297
1699,297
1700,297
1701,297
1702,297
1703,297
1704,297
1705,297
1706,297
1707,297
1708,297
1709,297
1710,297
1711,297
1712,297
1713,297
1714,297
1715,297
1716,297
1717,297
1718,297
1719,297
1720,297
1721,297
1722,297
1723,297
1724,297
1725,297
1726,297
1727,297
1728,297
1729,297
1730,297
1731,297
1732,297
1733,297
1734,297
1735,297
1736,297
1737,297
1738,297
1739,297
1740,297
1741,297
1742,297
1743,297
1744,297
1745,297
1746,297
1747,297
1748,297
1749,297
1750,297
1751,297
1752,297
1753,297
1754,297
1755,297
1756,297
1757,297
1758,297
1759,297
1760,297
1761,297
1762,297
1763,297
1764,297
1765,297
1766,297
1767,297
1768,297
1769,297
1770,297
1771,297
1772,297
1773,297
1774,297
1775,297
1776,297
1777,297
1778,297
1779,297
1780,297
1781,297
1782,297
1783,297
1784,297
1785,297
1786,297
1787,297
1788,297
1789,297
1790,297
1791,297
1792,297
1793,297
1794,297
1795,297
1796,297
1797,297
1798,297
1799,297
1800,297
1801,297
1802,297
1803,297
1804,297
1805,297
1806,297
1807,297
1808,297
1809,297
1810,297
1811,297
1812,297
1813,297
1814,297
1815,297
1816,297
1817,297
1818,297
1819,297
1820,297
1821,297
1822,297
1823,297
1824,297
1825,297
1826,297
1827,297
1828,297
1829,297
1830,297
1831,297
1832,297
1833,297
1834,297
1835,297
1836,297
1837,297
1838,297
1839,297
1840,297
1841,297
1842,297
1843,297
1844,297
1845,297
1846,297
1847,297
1848,297
1849,297
1850,297
1851,297
1852,297
1853,297
1854,297
1855,297
1856,297
1857,297
1858,297
1859,297
1860,297
1861,297
1862,297
1863,297
1864,297
1865,297
1866,297
1867,297
1868,297
1869,297
1870,297
1871,297
1872,297
1873,297
1874,297
1875,297
1876,297
1877,297
1878,297
1879,297
1880,297
1881,297
1882,297
1883,297
1884,297
1885,297
1886,297
1887,297
1888,297
1889,297
1890,297
1891,297
1892,297
1893,297
1894,297
1895,297
1896,297
1897,297
1898,297
1899,297
1900,297
1901,297
1902,297
1903,297
1904,297
1905,297
1906,297
1907,297
1908,297
1909,297
1910,297
1911,297
1912,297
1913,297
1914,297
1915,297
1916,297
1917,297
1918,297
1919,297
1920,297
1921,297
1922,297
1923,297
1924,297
1925,297
1926,297
1927,297
1928,297
1929,297
1930,297
1931,297
1932,297
1933,297
1934,297
1935,297
1936,297
1937,297
1938,297
1939,297
1940,297
1941,297
1942,297
1943,297
1944,297
1945,297
1946,297
1947,297
1948,297
1949,297
1950,297
1951,297
1952,297
1953,297
1954,297
1955,297
1956,297
1957,297
1958,297
1959,297
1960,297
1961,297
1962,297
1963,297
1964,297
1965,297
1966,297
1967,297
1968,297
1969,297
1970,297
1971,297
1972,297
1973,297
1974,297
1975,297
1976,297
1977,297
1978,297
1979,297
1980,297
1981,297
1982,297
1983,297
1984,297
1985,297
1986,297
1987,297
1988,297
1989,297
1990,297
1991,297
1992,297
1993,297
1994,297
1995,297
1996,297
1997,297
1998,297
1999,297
2000,297
2001,297
2002,297
2003,297
2004,297
2005,297
2006,297
2007,297
2008,297
2009,297
2010,297
2011,297
2012,297
2013,297
2014,297
2015,297
2016,297
2017,297
2018,297
2019,297
2020,297
2021,297
2022,297
2023,297
2024,297
2025,297
2026,297
2027,297
2028,297
2029,297
2030,297
2031,297
2032,297
2033,297
2034,297
2035,297
2036,297
2037,297
2038,297
2039,297
2040,297
2041,297
2042,297
2043,297
2044,297
2045,297
2046,297
2047,297
2048,297
2049,297
2050,297
2051,297
2052,297
2053,297
2054,297
2055,297
2056,297
2057,297
2058,297
2059,297
2060,297
2061,297
2062,297
2063,297
2064,297
2065,297
2066,297
2067,297
2068,297
2069,297
2070,297
2071,297
2072,297
2073,297
2074,297
2075,297
2076,297
2077,297
2078,297
2079,297
2080,297
2081,297
2082,297
2083,297
2084,297
2085,297
2086,297
2087,297
2088,297
2089,296
2090,296
2091,296
2092,296
2093,296
2094,296
2095,296
2096,296
2097,296
2098,296
2099,296
2100,296
2101,296
2102,296
2103,296
2104,296
2105,296
2106,296
2107,296
2108,296
2109,296
2110,296
2111,296
2112,296
2113,296
2114,296
2115,296
2116,296
2117,296
2118,296
2119,296
2120,296
2121,296
2122,296
2123,296
2124,296
2125,296
2126,296
2127,296
2128,296
2129,296
2130,296
2131,296
2132,296
2133,296
2134,296
2135,296
2136,296
2137,296
2138,296
2139,296
2140,296
2141,296
2142,296
2143,296
2144,296
2145,296
2146,296
2147,296
2148,296
2149,296
2150,296
2151,296
2152,296
2153,296
2154,296
2155,296
2156,296
2157,296
2158,296
2159,296
2160,296
2161,296
2162,296
2163,296
2164,296
2165,295
2166,295
2167,295
2168,295
2169,295
2170,295
2171,295
2172,295
2173,295
2174,295
2175,295
2176,295
2177,295
2178,295
2179,295
2180,295
2181,295
2182,295
2183,295
2184,295
2185,295
2186,295
2187,295
2188,295
2189,295
2190,295
2191,295
2192,295
2193,295
2194,295
2195,295
2196,295
2197,295
2198,295
2199,295
2200,295
2201,295
2202,295
2203,295
2204,295
2205,295
2206,295
2207,295
2208,295
2209,295
2210,295
2211,295
2212,295
2213,295
2214,295
2215,295
2216,295
2217,295
2218,295
2219,295
2220,295
2221,295
2222,295
2223,295
2224,295
2225,295
2226,295
2227,295
2228,295
2229,295
2230,295
2231,295
2232,295
2233,295
2234,295
2235,295
2236,295
2237,295
2238,295
2239,295
2240,295
2241,295
2242,295
2243,295
2244,295
2245,295
2246,295
2247,295
2248,295
2249,295
2250,295
2251,295
2252,295
2253,295
2254,295
2255,295
2256,295
2257,295
2258,295
2259,295
2260,295
2261,295
2262,295
2263,295
2264,295
2265,295
2266,295
2267,295
2268,295
2269,295
2270,295
2271,295
2272,295
2273,295
2274,295
2275,295
2276,295
2277,295
2278,295
2279,295
2280,295
2281,295
2282,295
2283,295
2284,295
2285,295
2286,295
2287,295
2288,295
2289,295
2290,295
2291,295
2292,295
2293,295
2294,295
2295,295
2296,295
2297,295
2298,295
2299,295
2300,295
2301,295
2302,295
2303,295
2304,295
2305,295
2306,295
2307,295
2308,295
2309,295
2310,295
2311,295
2312,295
2313,295
2314,295
2315,295
2316,295
2317,295
2318,295
2319,295
2320,295
2321,295
2322,295
2323,295
2324,295
2325,295
2326,295
2327,295
2328,295
2329,295
2330,295
2331,295
2332,295
2333,295
2334,295
2335,295
2336,295
2337,295
2338,295
2339,295
2340,295
2341,295
2342,294
2343,294
2344,294
2345,294
2346,294
2347,294
2348,294
2349,294
2350,294
2351,294
2352,294
2353,294
2354,294
2355,294
2356,293
2357,293
2358,293
2359,293
2360,293
2361,293
2362,293
2363,293
2364,293
2365,293
2366,293
2367,293
2368,293
2369,293
2370,293
2371,293
2372,293
2373,293
2374,293
2375,293
2376,293
2377,293
2378,293
2379,293
2380,293
2381,293
2382,293
2383,293
2384,293
2385,293
2386,293
2387,293
2388,293
2389,293
2390,293
2391,293
2392,293
2393,293
2394,293
2395,293
2396,293
2397,293
2398,293
2399,293
2400,293
2401,293
2402,293
2403,293
2404,293
2405,293
2406,293
2407,293
2408,293
2409,293
2410,293
2411,293
2412,293
2413,293
2414,293
2415,293
2416,293
2417,293
2418,293
2419,293
2420,293
2421,293
2422,293
2423,293
2424,293
2425,293
2426,293
2427,293
2428,293
2429,293
2430,293
2431,293
2432,293
2433,293
2434,293
2435,293
2436,293
2437,293
2438,293
2439,293
2440,293
2441,293
2442,293
2443,293
2444,293
2445,293
2446,293
2447,293
2448,293
2449,293
2450,293
2451,293
2452,293
2453,293
2454,293
2455,293
2456,293
2457,293
2458,293
2459,293
2460,293
2461,293
2462,293
2463,293
2464,293
2465,293
2466,293
2467,293
2468,293
2469,293
2470,293
2471,293
2472,293
2473,293
2474,293
2475,293
2476,293
2477,293
2478,293
2479,293
2480,293
2481,293
2482,293
2483,293
2484,293
2485,293
2486,293
2487,293
2488,293
2489,293
2490,293
2491,293
2492,293
2493,293
2494,293
2495,293
2496,293
2497,293
2498,293
2499,293
2500,293
2501,293
2502,293
2503,293
2504,293
2505,293
2506,293
2507,293
2508,293
2509,293
2510,293
2511,293
2512,293
2513,293
2514,293
2515,293
2516,293
2517,293
2518,293
2519,293
2520,293
2521,293
2522,293
2523,293
2524,293
2525,293
2526,293
2527,293
2528,293
2529,293
2530,293
2531,293
2532,293
2533,293
2534,293
2535,293
2536,293
2537,293
2538,293
2539,293
2540,293
2541,293
2542,293
2543,293
2544,293
2545,293
2546,293
2547,293
2548,293
2549,293
2550,293
2551,293
2552,293
2553,293
2554,293
2555,293
2556,293
2557,293
2558,293
2559,293
2560,293
2561,293
2562,293
2563,293
2564,293
2565,293
2566,293
2567,293
2568,293
2569,293
2570,293
2571,293
2572,293
2573,293
2574,293
2575,293
2576,293
2577,293
2578,293
2579,293
2580,293
2581,293
2582,293
2583,293
2584,293
2585,293
2586,293
2587,293
2588,293
2589,293
2590,293
2591,292
2592,292
2593,292
2594,292
2595,292
2596,292
2597,292
2598,292
2599,292
2600,292
2601,292
2602,292
2603,292
2604,292
2605,292
2606,292
2607,292
2608,292
2609,292
2610,292
2611,292
2612,292
2613,292
2614,292
2615,292
2616,292
2617,292
2618,292
2619,292
2620,292
2621,292
2622,292
2623,292
2624,292
2625,292
2626,292
2627,292
2628,292
2629,292
2630,292
2631,292
2632,292
2633,292
2634,292
2635,291
2636,291
2637,291
2638,291
2639,291
2640,291
2641,291
2642,291
2643,291
2644,291
2645,291
2646,291
2647,291
2648,291
2649,291
2650,291
2651,291
2652,291
2653,291
2654,291
2655,291
2656,291
2657,291
2658,291
2659,291
2660,291
2661,291
2662,291
2663,291
2664,291
2665,291
2666,291
2667,291
2668,291
2669,291
2670,291
2671,291
2672,291
2673,291
2674,291
2675,291
2676,291
2677,291
2678,291
2679,291
2680,291
2681,291
2682,291
2683,291
2684,291
2685,291
2686,291
2687,291
2688,291
2689,291
2690,291
2691,291
2692,291
2693,291
2694,291
2695,291
2696,291
2697,291
2698,291
2699,291
2700,291
2701,291
2702,291
2703,291
2704,291
2705,291
2706,291
2707,291
2708,291
2709,291
2710,291
2711,291
2712,291
2713,291
2714,291
2715,291
2716,291
2717,291
2718,291
2719,291
2720,291
2721,291
2722,291
2723,291
2724,291
2725,291
2726,291
2727,291
2728,291
2729,291
2730,291
2731,291
2732,291
2733,291
2734,291
2735,291
2736,291
2737,291
2738,291
2739,291
2740,291
2741,291
2742,291
2743,291
2744,291
2745,291
2746,291
2747,291
2748,291
2749,291
2750,291
2751,291
2752,291
2753,291
2754,291
2755,291
2756,291
2757,291
2758,291
2759,291
2760,291
2761,291
2762,291
2763,291
2764,291
2765,291
2766,291
2767,291
2768,291
2769,291
2770,291
2771,291
2772,291
2773,291
2774,291
2775,291
2776,291
2777,291
2778,291
2779,291
2780,291
2781,291
2782,291
2783,291
2784,291
2785,291
2786,291
2787,291
2788,291
2789,291
2790,291
2791,291
2792,291
2793,291
2794,291
2795,291
2796,291
2797,291
2798,291
2799,291
2800,291
2801,291
2802,291
2803,291
2804,291
2805,291
2806,291
2807,291
2808,291
2809,291
2810,291
2811,291
2812,291
2813,291
2814,291
2815,291
2816,291
2817,291
2818,291
2819,291
2820,291
2821,291
2822,291
2823,291
2824,291
2825,291
2826,291
2827,291
2828,291
2829,291
2830,291
2831,291
2832,291
2833,291
2834,291
2835,291
2836,291
2837,291
2838,291
2839,291
2840,291
2841,291
2842,291
2843,291
2844,291
2845,291
2846,291
2847,291
2848,291
2849,291
2850,291
2851,291
2852,291
2853,291
2854,291
2855,291
2856,291
2857,291
2858,291
2859,291
2860,291
2861,291
2862,291
2863,291
2864,291
2865,291
2866,291
2867,291
2868,291
2869,291
2870,291
2871,291
2872,291
2873,291
2874,291
2875,291
2876,290
2877,290
2878,289
2879,289
2880,289
2881,288
2882,288
2883,288
2884,288
2885,288
2886,288
2887,288
2888,288
2889,288
2890,288
2891,288
2892,288
2893,287
2894,287
2895,287
2896,287
2897,287
2898,286
2899,286
2900,286
2901,286
2902,285
2903,285
2904,284
2905,284
2906,284
2907,284
2908,284
2909,283
2910,282
2911,282
2912,282
2913,281
2914,281
2915,281
2916,281
2917,280
2918,279
2919,278
2920,278
2921,277
2922,276
2923,276
2924,276
2925,275
2926,275
2927,273
2928,271
2929,270
2930,269
2931,269
2932,269
2933,268
2934,267
2935,266
2936,265
2937,265
2938,264
2939,263
2940,262
2941,261
2942,260
2943,259
2944,257
2945,256
2946,254
2947,253
2948,252
2949,251
2950,250
2951,249
2952,248
2953,247
2954,246
2955,245
2956,244
2957,243
2958,242
2959,241
2960,240
2961,239
2962,238
2963,237
2964,236
2965,235
2966,234
2967,233
2968,232
2969,232
2970,232
2971,232
2972,232
2973,232
2974,232
2975,232
2976,232
2977,232
2978,232
2979,232
2980,232
2981,232
2982,232
2983,232
2984,232
2985,232
2986,232
2987,232
2988,232
2989,232
2990,232
2991,232
2992,232
2993,232
2994,232
2995,232
2996,232
2997,232
2998,232
2999,232
3000,232
3001,232
3002,232
3003,232
3004,232
3005,232
3006,232
3007,232
3008,232
3009,232
3010,232
3011,232
3012,232
3013,232
3014,232
3015,232
3016,232
3017,232
3018,232
3019,232
3020,232
3021,232
3022,232
3023,232
3024,232
3025,232
3026,232
3027,232
3028,232
3029,232
3030,232
3031,232
3032,232
3033,232
3034,232
3035,232
3036,232
3037,232
3038,232
3039,232
3040,232
3041,232
3042,232
3043,232
3044,232
3045,232
3046,232
3047,232
3048,232
3049,232
3050,232
3051,232
3052,232
3053,232
3054,232
3055,232
3056,232
3057,232
3058,232
3059,232
3060,232
3061,232
3062,232
3063,232
3064,232
3065,232
3066,232
3067,232
3068,232
3069,232
3070,232
3071,232
3072,232
3073,232
3074,232
3075,232
3076,232
3077,232
3078,232
3079,232
3080,232
3081,232
3082,232
3083,232
3084,232
3085,232
3086,232
3087,232
3088,232
3089,232
3090,232
3091,232
3092,232
3093,232
3094,232
3095,232
3096,232
3097,232
3098,232
3099,232
3100,232
3101,232
3102,232
3103,232
3104,232
3105,232
3106,232
3107,232
3108,232
3109,232
3110,232
3111,232
3112,232
3113,232
3114,232
3115,232
3116,232
3117,232
3118,232
3119,232
3120,232
3121,232
3122,232
3123,232
3124,232
3125,232
3126,232
3127,232
3128,232
3129,232
3130,232
3131,232
3132,232
3133,232
3134,232
3135,232
3136,232
3137,232
3138,232
3139,232
3140,232
3141,232
3142,232
3143,232
3144,232
3145,232
3146,232
3147,232
3148,232
3149,232
3150,232
3151,232
3152,232
3153,232
3154,232
3155,232
3156,232
3157,232
3158,232
3159,232
3160,232
3161,232
3162,232
3163,232
3164,232
3165,232
3166,232
3167,232
3168,232
3169,232
3170,232
3171,232
3172,232
3173,232
3174,232
3175,232
3176,232
3177,232
3178,232
3179,232
3180,232
3181,232
3182,232
3183,232
3184,232
3185,232
3186,232
3187,232
3188,232
3189,232
3190,232
3191,232
3192,232
3193,232
3194,232
3195,232
3196,232
3197,232
3198,232
3199,232
3200,232
3201,232
3202,232
3203,232
3204,232
3205,232
3206,232
3207,232
3208,232
3209,232
3210,232
3211,232
3212,232
3213,232
3214,232
3215,232
3216,232
3217,232
3218,232
3219,232
3220,232
3221,232
3222,232
3223,232
3224,232
3225,232
3226,232
3227,232
3228,232
3229,232
3230,232
3231,232
3232,232
3233,232
3234,232
3235,232
3236,232
3237,232
3238,232
3239,232
3240,232
3241,232
3242,232
3243,232
3244,232
3245,232
3246,231
3247,231
3248,231
3249,231
3250,231
3251,231
3252,231
3253,231
3254,231
3255,231
3256,231
3257,231
3258,231
3259,231
3260,231
3261,231
3262,231
3263,231
3264,231
3265,231
3266,231
3267,231
3268,231
3269,231
3270,231
3271,231
3272,231
3273,231
3274,231
3275,231
3276,231
3277,231
3278,231
3279,231
3280,231
3281,231
3282,231
3283,231
3284,230
3285,230
3286,230
3287,230
3288,230
3289,230
3290,230
3291,230
3292,230
3293,230
3294,230
3295,230
3296,230
3297,230
3298,230
3299,230
3300,230
3301,230
3302,230
3303,230
3304,230
3305,230
3306,230
3307,230
3308,230
3309,230
3310,230
3311,230
3312,230
3313,230
3314,230
3315,230
3316,230
3317,230
3318,230
3319,230
3320,230
3321,230
3322,230
3323,230
3324,230
3325,230
3326,230
3327,230
3328,230
3329,230
3330,230
3331,230
3332,230
3333,230
3334,230
3335,230
3336,230
3337,230
3338,230
3339,230
3340,230
3341,230
3342,230
3343,230
3344,230
3345,230
3346,230
3347,230
3348,230
3349,230
3350,230
3351,230
3352,230
3353,230
3354,230
3355,230
3356,230
3357,230
3358,230
3359,230
3360,230
3361,230
3362,230
3363,230
3364,230
3365,230
3366,230
3367,230
3368,230
3369,230
3370,230
3371,230
3372,230
3373,230
3374,230
3375,230
3376,230
3377,230
3378,230
3379,230
3380,230
3381,230
3382,230
3383,230
3384,230
3385,230
3386,230
3387,230
3388,230
3389,230
3390,230
3391,230
3392,230
3393,230
3394,230
3395,230
3396,230
3397,230
3398,230
3399,230
3400,230
3401,230
3402,230
3403,230
3404,230
3405,230
3406,230
3407,230
3408,230
3409,230
3410,230
3411,230
3412,230
3413,229
3414,229
3415,229
3416,229
3417,229
3418,229
3419,229
3420,229
3421,229
3422,229
3423,229
3424,229
3425,229
3426,229
3427,229
3428,229
3429,229
3430,229
3431,229
3432,229
3433,229
3434,229
3435,229
3436,229
3437,229
3438,229
3439,229
3440,229
3441,229
3442,229
3443,229
3444,229
3445,229
3446,229
3447,229
3448,229
3449,229
3450,229
3451,229
3452,229
3453,229
3454,229
3455,229
3456,229
3457,229
3458,229
3459,229
3460,229
3461,229
3462,229
3463,229
3464,229
3465,229
3466,229
3467,229
3468,229
3469,229
3470,229
3471,229
3472,229
3473,229
3474,229
3475,229
3476,229
3477,229
3478,229
3479,229
3480,229
3481,229
3482,229
3483,229
3484,229
3485,229
3486,228
3487,228
3488,228
3489,228
3490,228
3491,228
3492,228
3493,228
3494,228
3495,227
3496,227
3497,227
3498,227
3499,227
3500,227
3501,227
3502,227
3503,227
3504,227
3505,227
3506,227
3507,227
3508,227
3509,227
3510,227
3511,227
3512,227
3513,227
3514,227
3515,227
3516,227
3517,227
3518,227
3519,227
3520,227
3521,227
3522,227
3523,227
3524,227
3525,227
3526,227
3527,227
3528,227
3529,227
3530,227
3531,227
3532,227
3533,227
3534,227
3535,227
3536,227
3537,227
3538,227
3539,227
3540,227
3541,227
3542,227
3543,227
3544,227
3545,227
3546,227
3547,227
3548,227
3549,227
3550,227
3551,227
3552,227
3553,227
3554,227
3555,227
3556,227
3557,227
3558,227
3559,227
3560,227
3561,227
3562,227
3563,227
3564,227
3565,227
3566,227
3567,227
3568,227
3569,227
3570,227
3571,227
3572,227
3573,227
3574,227
3575,227
3576,227
3577,227
3578,226
3579,226
3580,226
3581,226
3582,226
3583,226
3584,226
3585,226
3586,226
3587,226
3588,226
3589,226
3590,226
3591,226
3592,226
3593,226
3594,226
3595,226
3596,226
3597,226
3598,226
3599,226
3600,226
3601,226
3602,226
3603,226
3604,226
3605,226
3606,226
3607,226
3608,226
3609,226
3610,226
3611,226
3612,226
3613,226
3614,226
3615,226
3616,226
3617,226
3618,226
3619,226
3620,226
3621,226
3622,226
3623,226
3624,226
3625,226
3626,226
3627,226
3628,226
3629,225
3630,225
3631,225
3632,225
3633,225
3634,225
3635,225
3636,225
3637,225
3638,225
3639,225
3640,225
3641,225
3642,225
3643,225
3644,225
3645,225
3646,225
3647,225
3648,225
3649,225
3650,225
3651,225
3652,225
3653,225
3654,225
3655,225
3656,225
3657,225
3658,225
3659,225
3660,225
3661,225
3662,225
3663,225
3664,225
3665,225
3666,225
3667,225
3668,225
3669,225
3670,225
3671,225
3672,225
3673,225
3674,225
3675,225
3676,225
3677,225
3678,225
3679,225
3680,225
3681,225
3682,225
3683,225
3684,225
3685,225
3686,225
3687,225
3688,225
3689,225
3690,225
3691,225
3692,225
3693,225
3694,225
3695,225
3696,225
3697,225
3698,225
3699,225
3700,225
3701,225
3702,225
3703,225
3704,225
3705,225
3706,225
3707,225
3708,225
3709,225
3710,225
3711,225
3712,225
3713,225
3714,225
3715,225
3716,225
3717,225
3718,225
3719,225
3720,225
3721,225
3722,225
3723,225
3724,225
3725,225
3726,225
3727,225
3728,225
3729,225
3730,225
3731,225
3732,225
3733,224
3734,224
3735,224
3736,224
3737,224
3738,224
3739,224
3740,224
3741,224
3742,224
3743,224
3744,224
3745,224
3746,224
3747,224
3748,224
3749,224
3750,224
3751,224
3752,224
3753,224
3754,224
3755,224
3756,224
3757,224
3758,224
3759,224
3760,224
3761,224
3762,224
3763,224
3764,224
3765,224
3766,224
3767,224
3768,224
3769,224
3770,224
3771,224
3772,224
3773,224
3774,224
3775,224
3776,224
3777,224
3778,224
3779,224
3780,224
3781,224
3782,224
3783,224
3784,224
3785,224
3786,224
3787,224
3788,224
3789,224
3790,223
3791,223
3792,223
3793,223
3794,223
3795,223
3796,223
3797,223
3798,223
3799,223
3800,223
3801,223
3802,223
3803,223
3804,223
3805,223
3806,223
3807,223
3808,223
3809,223
3810,223
3811,223
3812,223
3813,222
3814,222
3815,222
3816,222
3817,222
3818,222
3819,222
3820,222
3821,222
3822,222
3823,222
3824,222
3825,222
3826,221
3827,221
3828,221
3829,220
3830,220
3831,220
3832,220
3833,220
3834,220
3835,220
3836,220
3837,220
3838,220
3839,220
3840,220
3841,220
3842,220
3843,220
3844,220
3845,220
3846,220
3847,219
3848,219
3849,219
3850,219
3851,219
3852,219
3853,218
3854,218
3855,218
3856,218
3857,218
3858,218
3859,217
3860,217
3861,217
3862,217
3863,216
3864,216
3865,216
3866,216
3867,215
3868,214
3869,214
3870,214
3871,213
3872,213
3873,213
3874,213
3875,213
3876,212
3877,212
3878,212
3879,212
3880,212
3881,212
3882,211
3883,210
3884,210
3885,210
3886,210
3887,210
3888,210
3889,210
3890,209
3891,209
3892,209
3893,208
3894,207
3895,206
3896,206
3897,205
3898,204
3899,203
3900,203
3901,202
3902,201
3903,199
3904,198
3905,198
3906,197
3907,197
3908,196
3909,195
3910,194
3911,194
3912,194
3913,193
3914,192
3915,191
3916,190
3917,189
3918,189
3919,188
3920,187
3921,186
3922,186
3923,185
3924,184
3925,183
3926,182
3927,181
3928,180
3929,179
3930,177
3931,175
3932,174
3933,173
3934,172
3935,171
3936,170
3937,168
3938,167
3939,166
3940,165
3941,163
3942,162
3943,161
3944,160
3945,159
3946,158
3947,157
3948,157
3949,157
3950,157
3951,157
3952,157
3953,157
3954,157
3955,157
3956,157
3957,157
3958,157
3959,157
3960,157
3961,157
3962,157
3963,157
3964,157
3965,157
3966,157
3967,157
3968,157
3969,157
3970,157
3971,157
3972,157
3973,157
3974,157
3975,157
3976,157
3977,157
3978,157
3979,157
3980,157
3981,157
3982,157
3983,157
3984,157
3985,157
3986,157
3987,157
3988,157
3989,157
3990,157
3991,157
3992,157
3993,157
3994,157
3995,157
3996,157
3997,157
3998,157
3999,157
4000,157
4001,157
4002,157
4003,157
4004,157
4005,157
4006,157
4007,157
4008,157
4009,157
4010,156
4011,156
4012,156
4013,156
4014,156
4015,156
4016,156
4017,156
4018,156
4019,156
4020,156
4021,156
4022,156
4023,156
4024,156
4025,156
4026,156
4027,156
4028,156
4029,156
4030,156
4031,156
4032,156
4033,156
4034,156
4035,156
4036,156
4037,156
4038,156
4039,156
4040,156
4041,156
4042,156
4043,156
4044,156
4045,156
4046,156
4047,156
4048,156
4049,156
4050,156
4051,156
4052,156
4053,156
4054,156
4055,156
4056,156
4057,156
4058,156
4059,156
4060,156
4061,156
4062,156
4063,156
4064,156
4065,156
4066,156
4067,156
4068,156
4069,156
4070,156
4071,156
4072,156
4073,156
4074,156
4075,156
4076,156
4077,156
4078,156
4079,156
4080,156
4081,156
4082,156
4083,156
4084,156
4085,156
4086,156
4087,156
4088,156
4089,156
4090,156
4091,156
4092,156
4093,156
4094,156
4095,156
4096,156
4097,156
4098,156
4099,156
4100,156
4101,156
4102,156
4103,156
4104,156
4105,156
4106,156
4107,156
4108,156
4109,156
4110,156
4111,156
4112,156
4113,156
4114,156
4115,156
4116,156
4117,156
4118,156
4119,156
4120,156
4121,156
4122,156
4123,156
4124,156
4125,156
4126,156
4127,156
4128,156
4129,156
4130,156
4131,156
4132,156
4133,156
4134,156
4135,156
4136,156
4137,156
4138,156
4139,156
4140,156
4141,156
4142,156
4143,156
4144,156
4145,156
4146,156
4147,156
4148,156
4149,156
4150,156
4151,156
4152,156
4153,156
4154,156
4155,156
4156,156
4157,156
4158,156
4159,156
4160,156
4161,156
4162,156
4163,156
4164,156
4165,156
4166,156
4167,156
4168,156
4169,156
4170,156
4171,156
4172,156
4173,156
4174,156
4175,156
4176,156
4177,156
4178,156
4179,156
4180,156
4181,156
4182,156
4183,156
4184,156
4185,156
4186,156
4187,156
4188,156
4189,156
4190,156
4191,156
4192,156
4193,156
4194,156
4195,156
4196,156
4197,156
4198,156
4199,156
4200,156
4201,156
4202,156
4203,156
4204,156
4205,156
4206,156
4207,156
4208,156
4209,156
4210,156
4211,156
4212,156
4213,156
4214,156
4215,156
4216,156
4217,156
4218,156
4219,156
4220,156
4221,156
4222,156
4223,156
4224,156
4225,156
4226,156
4227,156
4228,156
4229,156
4230,156
4231,156
4232,156
4233,156
4234,156
4235,156
4236,156
4237,156
4238,156
4239,156
4240,156
4241,156
4242,156
4243,156
4244,156
4245,156
4246,156
4247,156
4248,156
4249,156
4250,156
4251,156
4252,156
4253,156
4254,156
4255,156
4256,156
4257,156
4258,156
4259,156
4260,156
4261,156
4262,156
4263,156
4264,156
4265,156
4266,156
4267,156
4268,156
4269,156
4270,156
4271,156
4272,156
4273,156
4274,156
4275,156
4276,156
4277,156
4278,156
4279,156
4280,156
4281,156
4282,156
4283,156
4284,156
4285,156
4286,156
4287,156
4288,156
4289,156
4290,156
4291,156
4292,156
4293,156
4294,156
4295,156
4296,156
4297,156
4298,156
4299,156
4300,156
4301,156
4302,156
4303,156
4304,156
4305,156
4306,156
4307,156
4308,156
4309,156
4310,156
4311,156
4312,156
4313,156
4314,156
4315,156
4316,156
4317,156
4318,156
4319,156
4320,156
4321,156
4322,156
4323,156
4324,156
4325,156
4326,156
4327,156
4328,156
4329,156
4330,156
4331,156
4332,156
4333,156
4334,156
4335,156
4336,156
4337,156
4338,156
4339,156
4340,156
4341,156
4342,156
4343,156
4344,156
4345,156
4346,156
4347,156
4348,156
4349,156
4350,156
4351,156
4352,156
4353,156
4354,156
4355,156
4356,156
4357,156
4358,156
4359,156
4360,156
4361,156
4362,156
4363,156
4364,156
4365,156
4366,156
4367,156
4368,156
4369,156
4370,156
4371,156
4372,156
4373,156
4374,156
4375,156
4376,156
4377,156
4378,156
4379,156
4380,156
4381,156
4382,156
4383,156
4384,156
4385,156
4386,156
4387,156
4388,156
4389,156
4390,156
4391,156
4392,156
4393,156
4394,156
4395,156
4396,156
4397,156
4398,156
4399,156
4400,156
4401,156
4402,156
4403,156
4404,156
4405,156
4406,156
4407,156
4408,156
4409,156
4410,156
4411,156
4412,156
4413,156
4414,156
4415,156
4416,156
4417,156
4418,156
4419,156
4420,156
4421,156
4422,156
4423,156
4424,156
4425,156
4426,156
4427,156
4428,156
4429,156
4430,156
4431,156
4432,156
4433,156
4434,156
4435,156
4436,156
4437,156
4438,156
4439,156
4440,156
4441,156
4442,156
4443,156
4444,156
4445,156
4446,156
4447,156
4448,156
4449,156
4450,156
4451,156
4452,156
4453,156
4454,156
4455,156
4456,156
4457,156
4458,156
4459,156
4460,156
4461,156
4462,156
4463,156
4464,156
4465,156
4466,156
4467,156
4468,156
4469,156
4470,156
4471,156
4472,156
4473,156
4474,156
4475,156
4476,156
4477,156
4478,156
4479,156
4480,156
4481,156
4482,156
4483,156
4484,156
4485,156
4486,156
4487,156
4488,156
4489,156
4490,156
4491,156
4492,156
4493,156
4494,156
4495,156
4496,156
4497,156
4498,156
4499,156
4500,156
4501,156
4502,156
4503,156
4504,156
4505,156
4506,156
4507,156
4508,156
4509,156
4510,156
4511,156
4512,156
4513,156
4514,156
4515,156
4516,156
4517,156
4518,156
4519,156
4520,156
4521,156
4522,156
4523,156
4524,156
4525,156
4526,156
4527,156
4528,156
4529,156
4530,156
4531,156
4532,156
4533,156
4534,156
4535,156
4536,156
4537,156
4538,156
4539,156
4540,156
4541,156
4542,156
4543,156
4544,156
4545,156
4546,156
4547,156
4548,156
4549,156
4550,156
4551,156
4552,156
4553,156
4554,156
4555,156
4556,156
4557,156
4558,156
4559,156
4560,156
4561,156
4562,156
4563,156
4564,156
4565,156
4566,156
4567,156
4568,156
4569,156
4570,156
4571,156
4572,156
4573,156
4574,156
4575,156
4576,156
4577,156
4578,156
4579,156
4580,156
4581,156
4582,156
4583,156
4584,156
4585,156
4586,156
4587,156
4588,156
4589,155
4590,155
4591,155
4592,155
4593,155
4594,155
4595,155
4596,155
4597,155
4598,155
4599,155
4600,155
4601,155
4602,155
4603,155
4604,155
4605,155
4606,155
4607,155
4608,155
4609,155
4610,155
4611,155
4612,155
4613,155
4614,155
4615,155
4616,155
4617,155
4618,155
4619,155
4620,155
4621,155
4622,155
4623,155
4624,155
4625,155
4626,155
4627,155
4628,155
4629,155
4630,155
4631,155
4632,155
4633,155
4634,155
4635,155
4636,155
4637,155
4638,155
4639,155
4640,155
4641,155
4642,155
4643,155
4644,155
4645,155
4646,155
4647,155
4648,155
4649,155
4650,155
4651,155
4652,155
4653,155
4654,155
4655,155
4656,155
4657,155
4658,155
4659,155
4660,155
4661,155
4662,155
4663,155
4664,155
4665,155
4666,155
4667,155
4668,155
4669,155
4670,155
4671,155
4672,155
4673,155
4674,155
4675,155
4676,155
4677,155
4678,155
4679,155
4680,155
4681,155
4682,155
4683,155
4684,155
4685,155
4686,155
4687,155
4688,155
4689,155
4690,155
4691,155
4692,155
4693,155
4694,155
4695,155
4696,155
4697,155
4698,155
4699,155
4700,155
4701,155
4702,155
4703,155
4704,155
4705,155
4706,155
4707,155
4708,155
4709,155
4710,155
4711,155
4712,155
4713,155
4714,155
4715,155
4716,155
4717,155
4718,155
4719,155
4720,155
4721,155
4722,155
4723,155
4724,155
4725,155
4726,155
4727,155
4728,155
4729,155
4730,155
4731,155
4732,155
4733,155
4734,155
4735,155
4736,155
4737,155
4738,155
4739,155
4740,155
4741,155
4742,155
4743,155
4744,155
4745,155
4746,155
4747,155
4748,155
4749,155
4750,155
4751,155
4752,155
4753,155
4754,155
4755,155
4756,155
4757,155
4758,155
4759,155
4760,155
4761,155
4762,155
4763,155
4764,155
4765,155
4766,155
4767,155
4768,155
4769,155
4770,155
4771,155
4772,155
4773,155
4774,155
4775,155
4776,155
4777,155
4778,155
4779,155
4780,155
4781,155
4782,155
4783,155
4784,155
4785,155
4786,155
4787,155
4788,155
4789,155
4790,155
4791,155
4792,155
4793,155
4794,155
4795,155
4796,155
4797,155
4798,155
4799,155
4800,155
4801,155
4802,155
4803,155
4804,155
4805,155
4806,155
4807,155
4808,155
4809,154
4810,154
4811,154
4812,154
4813,154
4814,154
4815,154
4816,154
4817,154
4818,154
4819,154
4820,154
4821,154
4822,154
4823,154
4824,154
4825,154
4826,154
4827,154
4828,154
4829,154
4830,154
4831,154
4832,154
4833,154
4834,154
4835,154
4836,154
4837,154
4838,154
4839,154
4840,154
4841,154
4842,154
4843,154
4844,154
4845,154
4846,154
4847,154
4848,154
4849,154
4850,154
4851,154
4852,154
4853,154
4854,154
4855,154
4856,154
4857,154
4858,154
4859,154
4860,154
4861,154
4862,154
4863,154
4864,154
4865,154
4866,154
4867,154
4868,154
4869,154
4870,154
4871,154
4872,154
4873,154
4874,154
4875,154
4876,154
4877,154
4878,154
4879,154
4880,154
4881,154
4882,154
4883,154
4884,154
4885,154
4886,154
4887,154
4888,154
4889,154
4890,154
4891,154
4892,154
4893,154
4894,154
4895,154
4896,154
4897,154
4898,154
4899,154
4900,154
4901,154
4902,154
4903,154
4904,154
4905,154
4906,154
4907,154
4908,154
4909,154
4910,154
4911,154
4912,154
4913,154
4914,154
4915,154
4916,154
4917,154
4918,154
4919,154
4920,154
4921,154
4922,154
4923,154
4924,154
4925,154
4926,154
4927,154
4928,154
4929,154
4930,154
4931,154
4932,154
4933,154
4934,154
4935,154
4936,154
4937,154
4938,154
4939,154
4940,154
4941,154
4942,154
4943,154
4944,154
4945,154
4946,154
4947,154
4948,154
4949,154
4950,154
4951,154
4952,154
4953,154
4954,154
4955,154
4956,154
4957,154
4958,154
4959,154
4960,154
4961,154
4962,154
4963,154
4964,154
4965,154
4966,154
4967,154
4968,154
4969,154
4970,154
4971,154
4972,154
4973,154
4974,154
4975,154
4976,154
4977,154
4978,154
4979,154
4980,154
4981,154
4982,154
4983,154
4984,154
4985,154
4986,154
4987,154
4988,154
4989,154
4990,154
4991,154
4992,154
4993,154
4994,154
4995,154
4996,154
4997,154
4998,154
4999,154
5000,154
5001,154
5002,154
5003,154
5004,154
5005,154
5006,154
5007,154
5008,154
5009,154
5010,154
5011,154
5012,154
5013,154
5014,154
5015,154
5016,154
5017,154
5018,154
5019,154
5020,154
5021,154
5022,154
5023,154
5024,154
5025,154
5026,154
5027,154
5028,154
5029,154
5030,154
5031,154
5032,154
5033,154
5034,154
5035,154
5036,154
5037,154
5038,154
5039,154
5040,154
5041,154
5042,154
5043,154
5044,154
5045,154
5046,154
5047,154
5048,154
5049,154
5050,154
5051,154
5052,154
5053,154
5054,154
5055,154
5056,154
5057,154
5058,154
5059,154
5060,154
5061,154
5062,154
5063,154
5064,154
5065,154
5066,154
5067,154
5068,154
5069,154
5070,154
5071,154
5072,154
5073,154
5074,154
5075,154
5076,154
5077,154
5078,154
5079,154
5080,154
5081,154
5082,154
5083,154
5084,154
5085,154
5086,154
5087,154
5088,154
5089,154
5090,154
5091,154
5092,154
5093,154
5094,154
5095,154
5096,154
5097,154
5098,154
5099,154
5100,154
5101,154
5102,154
5103,154
5104,154
5105,154
5106,154
5107,154
5108,154
5109,154
5110,154
5111,154
5112,154
5113,154
5114,154
5115,154
5116,154
5117,154
5118,154
5119,154
5120,154
5121,154
5122,154
5123,154
5124,154
5125,154
5126,154
5127,154
5128,154
5129,154
5130,154
5131,154
5132,154
5133,154
5134,154
5135,154
5136,154
5137,154
5138,154
5139,154
5140,154
5141,154
5142,154
5143,154
5144,154
5145,154
5146,154
5147,154
5148,154
5149,154
5150,154
5151,154
5152,154
5153,154
5154,154
5155,154
5156,154
5157,154
5158,154
5159,154
5160,154
5161,154
5162,154
5163,154
5164,154
5165,154
5166,154
5167,154
5168,154
5169,154
5170,154
5171,154
5172,154
5173,154
5174,154
5175,154
5176,154
5177,154
5178,154
5179,154
5180,154
5181,154
5182,154
5183,154
5184,154
5185,154
5186,154
5187,154
5188,154
5189,154
5190,154
5191,154
5192,154
5193,154
5194,154
5195,154
5196,154
5197,154
5198,154
5199,154
5200,154
5201,154
5202,154
5203,154
5204,154
5205,154
5206,154
5207,154
5208,154
5209,154
5210,154
5211,154
5212,154
5213,154
5214,154
5215,154
5216,154
5217,154
5218,154
5219,154
5220,154
5221,154
5222,154
5223,154
5224,154
5225,154
5226,154
5227,154
5228,154
5229,154
5230,154
5231,154
5232,154
5233,154
5234,154
5235,154
5236,154
5237,154
5238,154
5239,154
5240,154
5241,154
5242,154
5243,154
5244,154
5245,154
5246,154
5247,154
5248,154
5249,154
5250,154
5251,154
5252,154
5253,154
5254,154
5255,154
5256,154
5257,154
5258,154
5259,154
5260,154
5261,154
5262,154
5263,154
5264,154
5265,154
5266,154
5267,154
5268,154
5269,154
5270,154
5271,154
5272,154
5273,154
5274,154
5275,154
5276,154
5277,154
5278,154
5279,154
5280,154
5281,154
5282,154
5283,154
5284,154
5285,154
5286,154
5287,154
5288,154
5289,154
5290,154
5291,154
5292,154
5293,154
5294,154
5295,154
5296,154
5297,154
5298,154
5299,154
5300,154
5301,154
5302,154
5303,154
5304,154
5305,154
5306,154
5307,154
5308,154
5309,154
5310,154
5311,154
5312,153
5313,153
5314,153
5315,153
5316,153
5317,153
5318,153
5319,153
5320,153
5321,153
5322,153
5323,153
5324,153
5325,153
5326,153
5327,153
5328,153
5329,153
5330,153
5331,153
5332,153
5333,153
5334,153
5335,153
5336,153
5337,153
5338,153
5339,153
5340,153
5341,153
5342,153
5343,153
5344,153
5345,153
5346,153
5347,153
5348,153
5349,153
5350,153
5351,153
5352,153
5353,153
5354,153
5355,153
5356,153
5357,153
5358,153
5359,153
5360,153
5361,153
5362,152
5363,152
5364,152
5365,152
5366,152
5367,152
5368,152
5369,152
5370,152
5371,152
5372,152
5373,152
5374,152
5375,152
5376,152
5377,152
5378,152
5379,152
5380,152
5381,152
5382,152
5383,152
5384,152
5385,152
5386,152
5387,152
5388,152
5389,152
5390,152
5391,152
5392,152
5393,152
5394,152
5395,152
5396,152
5397,152
5398,152
5399,152
5400,152
5401,152
5402,152
5403,152
5404,152
5405,152
5406,152
5407,152
5408,152
5409,152
5410,152
5411,152
5412,152
5413,152
5414,152
5415,152
5416,152
5417,152
5418,152
5419,152
5420,152
5421,152
5422,152
5423,152
5424,152
5425,152
5426,152
5427,152
5428,152
5429,152
5430,152
5431,152
5432,152
5433,152
5434,152
5435,152
5436,152
5437,152
5438,152
5439,152
5440,152
5441,152
5442,152
5443,152
5444,152
5445,152
5446,152
5447,152
5448,152
5449,152
5450,152
5451,152
5452,152
5453,152
5454,152
5455,152
5456,152
5457,152
5458,152
5459,152
5460,152
5461,152
5462,152
5463,152
5464,152
5465,152
5466,152
5467,152
5468,152
5469,152
5470,152
5471,152
5472,152
5473,152
5474,152
5475,152
5476,152
5477,152
5478,152
5479,152
5480,152
5481,152
5482,152
5483,152
5484,152
5485,152
5486,152
5487,152
5488,152
5489,152
5490,152
5491,152
5492,152
5493,152
5494,152
5495,152
5496,152
5497,152
5498,152
5499,152
5500,152
5501,152
5502,152
5503,152
5504,152
5505,152
5506,152
5507,152
5508,152
5509,152
5510,152
5511,152
5512,152
5513,152
5514,152
5515,152
5516,152
5517,152
5518,152
5519,152
5520,152
5521,152
5522,152
5523,152
5524,152
5525,152
5526,152
5527,152
5528,152
5529,152
5530,152
5531,152
5532,152
5533,152
5534,152
5535,152
5536,152
5537,152
5538,152
5539,152
5540,152
5541,152
5542,152
5543,152
5544,152
5545,152
5546,152
5547,152
5548,152
5549,152
5550,152
5551,152
5552,152
5553,152
5554,152
5555,152
5556,152
5557,152
5558,152
5559,152
5560,152
5561,152
5562,152
5563,152
5564,152
5565,152
5566,152
5567,152
5568,152
5569,152
5570,152
5571,152
5572,152
5573,152
5574,152
5575,152
5576,152
5577,152
5578,152
5579,152
5580,152
5581,152
5582,152
5583,152
5584,152
5585,152
5586,152
5587,152
5588,152
5589,152
5590,152
5591,152
5592,152
5593,152
5594,152
5595,152
5596,152
5597,152
5598,152
5599,152
5600,152
5601,152
5602,152
5603,152
5604,152
5605,152
5606,152
5607,152
5608,152
5609,152
5610,152
5611,152
5612,152
5613,152
5614,152
5615,152
5616,152
5617,152
5618,152
5619,152
5620,152
5621,152
5622,152
5623,152
5624,152
5625,152
5626,152
5627,152
5628,152
5629,152
5630,152
5631,152
5632,152
5633,152
5634,152
5635,152
5636,152
5637,152
5638,152
5639,152
5640,152
5641,152
5642,152
5643,152
5644,152
5645,152
5646,152
5647,152
5648,152
5649,152
5650,152
5651,152
5652,152
5653,152
5654,152
5655,152
5656,152
5657,152
5658,152
5659,152
5660,152
5661,152
5662,152
5663,152
5664,152
5665,152
5666,152
5667,152
5668,151
5669,151
5670,151
5671,151
5672,151
5673,151
5674,151
5675,151
5676,151
5677,151
5678,151
5679,151
5680,151
5681,151
5682,151
5683,151
5684,151
5685,151
5686,151
5687,151
5688,151
5689,151
5690,151
5691,151
5692,151
5693,151
5694,151
5695,151
5696,151
5697,151
5698,151
5699,151
5700,151
5701,151
5702,151
5703,151
5704,151
5705,151
5706,151
5707,151
5708,151
5709,151
5710,151
5711,151
5712,151
5713,151
5714,151
5715,151
5716,151
5717,151
5718,151
5719,151
5720,151
5721,151
5722,151
5723,151
5724,151
5725,151
5726,151
5727,151
5728,151
5729,151
5730,151
5731,151
5732,151
5733,151
5734,151
5735,151
5736,151
5737,151
5738,151
5739,151
5740,151
5741,151
5742,151
5743,151
5744,151
5745,151
5746,151
5747,151
5748,151
5749,151
5750,151
5751,151
5752,151
5753,151
5754,151
5755,151
5756,151
5757,151
5758,151
5759,151
5760,151
5761,151
5762,151
5763,151
5764,151
5765,151
5766,151
5767,151
5768,151
5769,151
5770,151
5771,151
5772,151
5773,151
5774,151
5775,151
5776,151
5777,151
5778,151
5779,151
5780,151
5781,151
5782,151
5783,151
5784,151
5785,151
5786,151
5787,151
5788,151
5789,151
5790,151
5791,151
5792,151
5793,151
5794,151
5795,151
5796,151
5797,151
5798,151
5799,151
5800,151
5801,151
5802,151
5803,151
5804,151
5805,151
5806,151
5807,151
5808,151
5809,151
5810,151
5811,151
5812,151
5813,151
5814,151
5815,151
5816,151
5817,151
5818,151
5819,151
5820,151
5821,151
5822,151
5823,151
5824,151
5825,151
5826,151
5827,151
5828,151
5829,151
5830,151
5831,151
5832,151
5833,151
5834,151
5835,151
5836,151
5837,151
5838,151
5839,151
5840,151
5841,151
5842,151
5843,151
5844,151
5845,151
5846,151
5847,151
5848,151
5849,151
5850,151
5851,151
5852,151
5853,151
5854,151
5855,151
5856,151
5857,151
5858,151
5859,151
5860,151
5861,151
5862,151
5863,151
5864,151
5865,151
5866,151
5867,151
5868,151
5869,151
5870,151
5871,151
5872,151
5873,151
5874,151
5875,151
5876,151
5877,151
5878,151
5879,151
5880,151
5881,151
5882,151
5883,151
5884,151
5885,151
5886,151
5887,151
5888,151
5889,151
5890,151
5891,151
5892,151
5893,151
5894,151
5895,151
5896,151
5897,151
5898,151
5899,151
5900,151
5901,151
5902,151
5903,151
5904,151
5905,151
5906,151
5907,151
5908,151
5909,151
5910,151
5911,150
5912,150
5913,150
5914,150
5915,150
5916,150
5917,150
5918,150
5919,150
5920,150
5921,150
5922,150
5923,150
5924,150
5925,150
5926,150
5927,150
5928,150
5929,150
5930,150
5931,150
5932,150
5933,150
5934,150
5935,150
5936,150
5937,150
5938,150
5939,150
5940,150
5941,150
5942,150
5943,150
5944,150
5945,150
5946,150
5947,150
5948,150
5949,150
5950,150
5951,150
5952,150
5953,150
5954,150
5955,150
5956,150
5957,150
5958,150
5959,150
5960,150
5961,150
5962,150
5963,150
5964,150
5965,150
5966,150
5967,150
5968,150
5969,150
5970,150
5971,150
5972,150
5973,150
5974,150
5975,150
5976,150
5977,150
5978,150
5979,150
5980,150
5981,150
5982,150
5983,150
5984,150
5985,150
5986,150
5987,150
5988,150
5989,150
5990,150
5991,150
5992,150
5993,150
5994,150
5995,150
5996,150
5997,150
5998,150
5999,150
6000,150
6001,150
6002,150
6003,150
6004,150
6005,150
6006,150
6007,150
6008,150
6009,150
6010,150
6011,150
6012,150
6013,150
6014,150
6015,150
6016,150
6017,150
6018,150
6019,150
6020,150
6021,150
6022,150
6023,150
6024,150
6025,150
6026,150
6027,150
6028,150
6029,150
6030,150
6031,150
6032,150
6033,150
6034,150
6035,150
6036,150
6037,150
6038,150
6039,150
6040,150
6041,150
6042,150
6043,150
6044,150
6045,150
6046,150
6047,150
6048,150
6049,150
6050,150
6051,150
6052,150
6053,150
6054,150
6055,150
6056,150
6057,150
6058,150
6059,150
6060,150
6061,150
6062,150
6063,150
6064,150
6065,150
6066,150
6067,150
6068,150
6069,150
6070,150
6071,150
6072,150
6073,150
6074,150
6075,150
6076,150
6077,150
6078,150
6079,150
6080,150
6081,150
6082,150
6083,150
6084,150
6085,150
6086,150
6087,150
6088,150
6089,150
6090,150
6091,150
6092,150
6093,150
6094,150
6095,150
6096,150
6097,150
6098,150
6099,150
6100,150
6101,150
6102,150
6103,150
6104,150
6105,150
6106,150
6107,150
6108,150
6109,150
6110,150
6111,150
6112,150
6113,150
6114,150
6115,150
6116,150
6117,150
6118,150
6119,150
6120,150
6121,150
6122,150
6123,150
6124,150
6125,150
6126,150
6127,150
6128,150
6129,150
6130,150
6131,150
6132,150
6133,150
6134,150
6135,150
6136,150
6137,150
6138,150
6139,150
6140,150
6141,150
6142,150
6143,150
6144,150
6145,150
6146,150
6147,150
6148,150
6149,150
6150,150
6151,150
6152,150
6153,150
6154,150
6155,150
6156,150
6157,150
6158,150
6159,150
6160,150
6161,150
6162,150
6163,150
6164,150
6165,150
6166,150
6167,150
6168,150
6169,150
6170,149
6171,149
6172,149
6173,149
6174,149
6175,149
6176,149
6177,149
6178,149
6179,149
6180,149
6181,149
6182,149
6183,149
6184,149
6185,149
6186,149
6187,149
6188,149
6189,149
6190,149
6191,149
6192,149
6193,149
6194,149
6195,149
6196,149
6197,149
6198,149
6199,149
6200,149
6201,149
6202,149
6203,149
6204,149
6205,149
6206,149
6207,149
6208,149
6209,149
6210,149
6211,149
6212,149
6213,149
6214,149
6215,149
6216,149
6217,149
6218,149
6219,149
6220,149
6221,149
6222,149
6223,149
6224,149
6225,149
6226,149
6227,149
6228,149
6229,149
6230,149
6231,149
6232,149
6233,149
6234,149
6235,149
6236,149
6237,149
6238,149
6239,149
6240,149
6241,149
6242,149
6243,149
6244,149
6245,149
6246,149
6247,149
6248,149
6249,149
6250,149
6251,149
6252,149
6253,149
6254,149
6255,149
6256,149
6257,149
6258,149
6259,149
6260,149
6261,149
6262,149
6263,149
6264,149
6265,149
6266,149
6267,149
6268,149
6269,149
6270,149
6271,149
6272,149
6273,149
6274,149
6275,149
6276,149
6277,149
6278,149
6279,149
6280,149
6281,149
6282,149
6283,149
6284,149
6285,149
6286,149
6287,149
6288,149
6289,149
6290,149
6291,149
6292,149
6293,149
6294,149
6295,149
6296,149
6297,149
6298,149
6299,149
6300,149
6301,149
6302,149
6303,149
6304,149
6305,149
6306,149
6307,149
6308,149
6309,149
6310,149
6311,149
6312,149
6313,149
6314,149
6315,149
6316,149
6317,149
6318,149
6319,149
6320,149
6321,149
6322,149
6323,149
6324,149
6325,149
6326,149
6327,149
6328,149
6329,149
6330,149
6331,149
6332,149
6333,149
6334,149
6335,149
6336,149
6337,149
6338,149
6339,149
6340,149
6341,149
6342,149
6343,149
6344,149
6345,149
6346,149
6347,149
6348,149
6349,149
6350,149
6351,149
6352,149
6353,149
6354,149
6355,149
6356,149
6357,149
6358,149
6359,149
6360,149
6361,149
6362,149
6363,149
6364,149
6365,149
6366,149
6367,149
6368,149
6369,149
6370,149
6371,149
6372,149
6373,149
6374,149
6375,149
6376,149
6377,149
6378,149
6379,149
6380,149
6381,149
6382,149
6383,149
6384,149
6385,149
6386,149
6387,149
6388,149
6389,149
6390,149
6391,149
6392,149
6393,149
6394,149
6395,149
6396,149
6397,149
6398,149
6399,149
6400,149
6401,149
6402,149
6403,149
6404,149
6405,149
6406,149
6407,149
6408,149
6409,149
6410,149
6411,149
6412,149
6413,149
6414,149
6415,149
6416,149
6417,149
6418,149
6419,149
6420,149
6421,149
6422,149
6423,149
6424,149
6425,149
6426,149
6427,149
6428,149
6429,149
6430,149
6431,149
6432,149
6433,149
6434,149
6435,149
6436,149
6437,149
6438,149
6439,149
6440,149
6441,149
6442,149
6443,149
6444,149
6445,149
6446,149
6447,149
6448,149
6449,149
6450,149
6451,149
6452,149
6453,149
6454,149
6455,149
6456,149
6457,149
6458,149
6459,149
6460,149
6461,149
6462,149
6463,149
6464,149
6465,149
6466,149
6467,149
6468,149
6469,149
6470,149
6471,149
6472,149
6473,149
6474,149
6475,149
6476,149
6477,149
6478,149
6479,149
6480,149
6481,149
6482,149
6483,149
6484,149
6485,149
6486,149
6487,149
6488,149
6489,149
6490,149
6491,149
6492,149
6493,149
6494,149
6495,148
6496,148
6497,148
6498,148
6499,148
6500,148
6501,148
6502,148
6503,148
6504,148
6505,148
6506,148
6507,148
6508,148
6509,148
6510,148
6511,148
6512,148
6513,148
6514,148
6515,148
6516,148
6517,148
6518,148
6519,148
6520,148
6521,148
6522,148
6523,148
6524,148
6525,148
6526,148
6527,148
6528,148
6529,148
6530,148
6531,148
6532,148
6533,148
6534,148
6535,148
6536,148
6537,148
6538,148
6539,148
6540,148
6541,148
6542,148
6543,148
6544,148
6545,148
6546,148
6547,148
6548,148
6549,148
6550,148
6551,148
6552,148
6553,148
6554,148
6555,148
6556,148
6557,148
6558,148
6559,148
6560,148
6561,148
6562,148
6563,148
6564,148
6565,148
6566,148
6567,148
6568,148
6569,148
6570,148
6571,148
6572,148
6573,148
6574,148
6575,148
6576,148
6577,148
6578,148
6579,148
6580,148
6581,148
6582,148
6583,148
6584,148
6585,148
6586,148
6587,148
6588,148
6589,148
6590,148
6591,148
6592,148
6593,148
6594,148
6595,148
6596,148
6597,148
6598,148
6599,148
6600,148
6601,148
6602,148
6603,148
6604,148
6605,148
6606,148
6607,148
6608,148
6609,148
6610,148
6611,148
6612,148
6613,148
6614,148
6615,148
6616,148
6617,148
6618,148
6619,148
6620,148
6621,147
6622,147
6623,147
6624,147
6625,147
6626,147
6627,147
6628,147
6629,147
6630,147
6631,147
6632,147
6633,147
6634,147
6635,147
6636,147
6637,147
6638,147
6639,147
6640,147
6641,147
6642,147
6643,147
6644,147
6645,147
6646,147
6647,147
6648,147
6649,147
6650,147
6651,147
6652,147
6653,147
6654,147
6655,147
6656,147
6657,147
6658,147
6659,147
6660,147
6661,147
6662,147
6663,147
6664,147
6665,147
6666,147
6667,147
6668,147
6669,147
6670,147
6671,147
6672,147
6673,147
6674,147
6675,147
6676,147
6677,147
6678,147
6679,147
6680,147
6681,147
6682,147
6683,147
6684,147
6685,147
6686,147
6687,147
6688,147
6689,147
6690,147
6691,147
6692,147
6693,147
6694,147
6695,147
6696,147
6697,147
6698,147
6699,147
6700,147
6701,147
6702,147
6703,147
6704,147
6705,147
6706,147
6707,147
6708,147
6709,147
6710,147
6711,147
6712,147
6713,147
6714,147
6715,147
6716,147
6717,147
6718,147
6719,147
6720,147
6721,147
6722,147
6723,147
6724,147
6725,147
6726,147
6727,147
6728,147
6729,147
6730,147
6731,147
6732,147
6733,147
6734,147
6735,147
6736,147
6737,147
6738,147
6739,147
6740,147
6741,147
6742,147
6743,147
6744,147
6745,147
6746,147
6747,147
6748,147
6749,147
6750,147
6751,147
6752,147
6753,147
6754,147
6755,147
6756,147
6757,147
6758,147
6759,147
6760,147
6761,147
6762,147
6763,147
6764,147
6765,147
6766,147
6767,147
6768,147
6769,147
6770,147
6771,147
6772,147
6773,147
6774,147
6775,147
6776,147
6777,147
6778,147
6779,147
6780,147
6781,147
6782,147
6783,147
6784,147
6785,147
6786,147
6787,147
6788,147
6789,147
6790,147
6791,147
6792,147
6793,147
6794,147
6795,147
6796,147
6797,147
6798,147
6799,147
6800,147
6801,147
6802,147
6803,147
6804,147
6805,147
6806,147
6807,147
6808,147
6809,147
6810,147
6811,147
6812,147
6813,147
6814,147
6815,147
6816,147
6817,147
6818,147
6819,147
6820,147
6821,147
6822,147
6823,147
6824,147
6825,147
6826,147
6827,147
6828,147
6829,147
6830,147
6831,147
6832,147
6833,147
6834,147
6835,147
6836,147
6837,147
6838,147
6839,147
6840,147
6841,147
6842,147
6843,147
6844,147
6845,147
6846,147
6847,147
6848,147
6849,147
6850,147
6851,147
6852,147
6853,147
6854,147
6855,147
6856,147
6857,147
6858,147
6859,147
6860,147
6861,147
6862,147
6863,147
6864,147
6865,147
6866,147
6867,147
6868,147
6869,147
6870,147
6871,147
6872,147
6873,147
6874,147
6875,147
6876,147
6877,147
6878,147
6879,147
6880,147
6881,147
6882,147
6883,147
6884,146
6885,146
6886,146
6887,146
6888,146
6889,146
6890,146
6891,146
6892,146
6893,146
6894,146
6895,146
6896,146
6897,146
6898,146
6899,146
6900,146
6901,146
6902,146
6903,146
6904,146
6905,146
6906,146
6907,146
6908,146
6909,146
6910,146
6911,146
6912,146
6913,146
6914,146
6915,146
6916,146
6917,146
6918,146
6919,146
6920,146
6921,146
6922,146
6923,146
6924,146
6925,146
6926,146
6927,146
6928,146
6929,146
6930,146
6931,146
6932,146
6933,146
6934,146
6935,146
6936,146
6937,146
6938,146
6939,146
6940,146
6941,146
6942,145
6943,145
6944,145
6945,145
6946,145
6947,145
6948,145
6949,145
6950,145
6951,145
6952,145
6953,145
6954,145
6955,144
6956,144
6957,144
6958,144
6959,144
6960,144
6961,144
6962,144
6963,144
6964,144
6965,144
6966,144
6967,144
6968,144
6969,144
6970,144
6971,144
6972,144
6973,144
6974,144
6975,144
6976,144
6977,144
6978,144
6979,144
6980,144
6981,144
6982,144
6983,144
6984,144
6985,144
6986,144
6987,144
6988,144
6989,144
6990,144
6991,144
6992,144
6993,144
6994,144
6995,144
6996,144
6997,144
6998,144
6999,144
7000,144
7001,144
7002,144
7003,144
7004,144
7005,144
7006,144
7007,144
7008,144
7009,144
7010,144
7011,144
7012,144
7013,144
7014,143
7015,143
7016,142
7017,142
7018,142
7019,142
7020,142
7021,142
7022,142
7023,142
7024,142
7025,142
7026,142
7027,142
7028,142
7029,141
7030,141
7031,141
7032,141
7033,141
7034,141
7035,141
7036,141
7037,141
7038,141
7039,141
7040,141
7041,141
7042,141
7043,141
7044,141
7045,141
7046,141
7047,141
7048,141
7049,141
7050,141
7051,141
7052,141
7053,141
7054,141
7055,141
7056,141
7057,141
7058,141
7059,141
7060,141
7061,141
7062,141
7063,141
7064,141
7065,141
7066,141
7067,141
7068,141
7069,141
7070,141
7071,141
7072,141
7073,141
7074,141
7075,141
7076,141
7077,141
7078,141
7079,141
7080,141
7081,141
7082,141
7083,141
7084,141
7085,141
7086,141
7087,141
7088,141
7089,141
7090,141
7091,141
7092,141
7093,141
7094,141
7095,141
7096,141
7097,141
7098,141
7099,141
7100,141
7101,141
7102,141
7103,141
7104,141
7105,141
7106,141
7107,141
7108,141
7109,141
7110,141
7111,141
7112,141
7113,141
7114,141
7115,141
7116,141
7117,141
7118,141
7119,141
7120,141
7121,141
7122,141
7123,141
7124,141
7125,141
7126,141
7127,141
7128,141
7129,141
7130,141
7131,141
7132,141
7133,141
7134,141
7135,141
7136,141
7137,141
7138,141
7139,141
7140,141
7141,141
7142,141
7143,141
7144,141
7145,141
7146,141
7147,141
7148,141
7149,141
7150,141
7151,141
7152,141
7153,141
7154,141
7155,141
7156,141
7157,141
7158,141
7159,141
7160,141
7161,141
7162,141
7163,141
7164,141
7165,141
7166,141
7167,141
7168,141
7169,141
7170,141
7171,141
7172,141
7173,141
7174,141
7175,141
7176,141
7177,141
7178,141
7179,141
7180,141
7181,141
7182,141
7183,141
7184,141
7185,141
7186,141
7187,141
7188,141
7189,141
7190,141
7191,141
7192,141
7193,141
7194,141
7195,141
7196,141
7197,141
7198,141
7199,141
7200,141
7201,141
7202,141
7203,141
7204,141
7205,141
7206,141
7207,141
7208,141
7209,141
7210,141
7211,141
7212,141
7213,141
7214,141
7215,141
7216,141
7217,141
7218,141
7219,141
7220,141
7221,141
7222,141
7223,141
7224,141
7225,141
7226,141
7227,141
7228,141
7229,141
7230,141
7231,141
7232,141
7233,141
7234,141
7235,141
7236,141
7237,141
7238,141
7239,141
7240,141
7241,141
7242,141
7243,141
7244,141
7245,141
7246,141
7247,141
7248,141
7249,141
7250,141
7251,141
7252,141
7253,141
7254,141
7255,141
7256,141
7257,141
7258,141
7259,141
7260,141
7261,141
7262,141
7263,141
7264,141
7265,141
7266,141
7267,141
7268,141
7269,141
7270,141
7271,141
7272,141
7273,141
7274,141
7275,141
7276,141
7277,141
7278,141
7279,141
7280,141
7281,141
7282,141
7283,141
7284,141
7285,141
7286,141
7287,141
7288,141
7289,141
7290,141
7291,141
7292,141
7293,141
7294,141
7295,141
7296,141
7297,141
7298,141
7299,141
7300,141
7301,141
7302,141
7303,141
7304,141
7305,141
7306,141
7307,141
7308,141
7309,141
7310,141
7311,141
7312,141
7313,141
7314,141
7315,141
7316,141
7317,141
7318,141
7319,141
7320,141
7321,141
7322,141
7323,141
7324,141
7325,141
7326,141
7327,141
7328,141
7329,141
7330,141
7331,141
7332,141
7333,141
7334,141
7335,141
7336,141
7337,141
7338,141
7339,141
7340,141
7341,141
7342,141
7343,141
7344,141
7345,141
7346,141
7347,141
7348,141
7349,141
7350,141
7351,141
7352,141
7353,141
7354,141
7355,141
7356,141
7357,141
7358,141
7359,141
7360,141
7361,141
7362,141
7363,141
7364,141
7365,141
7366,141
7367,141
7368,141
7369,141
7370,141
7371,141
7372,141
7373,141
7374,141
7375,141
7376,141
7377,141
7378,141
7379,141
7380,141
7381,141
7382,141
7383,141
7384,141
7385,141
7386,141
7387,141
7388,141
7389,140
7390,140
7391,140
7392,140
7393,140
7394,140
7395,140
7396,140
7397,140
7398,140
7399,140
7400,140
7401,140
7402,140
7403,140
7404,140
7405,140
7406,140
7407,140
7408,140
7409,140
7410,140
7411,140
7412,140
7413,140
7414,140
7415,140
7416,140
7417,140
7418,140
7419,140
7420,140
7421,140
7422,140
7423,140
7424,140
7425,140
7426,140
7427,140
7428,140
7429,140
7430,140
7431,140
7432,140
7433,140
7434,140
7435,140
7436,140
7437,140
7438,140
7439,140
7440,140
7441,140
7442,140
7443,140
7444,140
7445,140
7446,140
7447,140
7448,140
7449,140
7450,140
7451,140
7452,140
7453,140
7454,140
7455,140
7456,140
7457,140
7458,140
7459,140
7460,140
7461,140
7462,140
7463,140
7464,140
7465,140
7466,140
7467,140
7468,140
7469,140
7470,140
7471,140
7472,140
7473,140
7474,140
7475,140
7476,140
7477,140
7478,140
7479,140
7480,140
7481,140
7482,140
7483,140
7484,140
7485,140
7486,140
7487,140
7488,140
7489,140
7490,140
7491,140
7492,140
7493,140
7494,140
7495,140
7496,140
7497,140
7498,140
7499,140
7500,140
7501,140
7502,140
7503,140
7504,140
7505,140
7506,140
7507,140
7508,140
7509,140
7510,140
7511,140
7512,140
7513,140
7514,140
7515,140
7516,140
7517,140
7518,140
7519,140
7520,140
7521,140
7522,140
7523,140
7524,140
7525,140
7526,140
7527,140
7528,140
7529,140
7530,140
7531,140
7532,140
7533,140
7534,140
7535,140
7536,140
7537,140
7538,140
7539,140
7540,140
7541,140
7542,140
7543,140
7544,140
7545,140
7546,140
7547,140
7548,140
7549,140
7550,140
7551,140
7552,140
7553,140
7554,140
7555,140
7556,140
7557,140
7558,140
7559,140
7560,140
7561,140
7562,140
7563,140
7564,140
7565,140
7566,140
7567,140
7568,140
7569,140
7570,140
7571,140
7572,140
7573,140
7574,140
7575,140
7576,140
7577,140
7578,140
7579,140
7580,140
7581,140
7582,140
7583,140
7584,140
7585,140
7586,140
7587,140
7588,140
7589,140
7590,140
7591,140
7592,140
7593,139
7594,139
7595,139
7596,139
7597,139
7598,139
7599,139
7600,139
7601,139
7602,139
7603,139
7604,139
7605,139
7606,139
7607,139
7608,139
7609,139
7610,139
7611,139
7612,139
7613,139
7614,139
7615,139
7616,139
7617,139
7618,139
7619,139
7620,139
7621,139
7622,139
7623,139
7624,139
7625,139
7626,139
7627,139
7628,139
7629,139
7630,139
7631,139
7632,139
7633,139
7634,139
7635,139
7636,139
7637,139
7638,139
7639,139
7640,139
7641,139
7642,139
7643,139
7644,139
7645,139
7646,139
7647,139
7648,139
7649,139
7650,139
7651,139
7652,139
7653,139
7654,139
7655,139
7656,139
7657,139
7658,139
7659,139
7660,139
7661,139
7662,139
7663,139
7664,139
7665,139
7666,139
7667,138
7668,138
7669,138
7670,138
7671,138
7672,138
7673,138
7674,138
7675,138
7676,138
7677,138
7678,138
7679,138
7680,138
7681,138
7682,138
7683,138
7684,138
7685,138
7686,138
7687,138
7688,138
7689,138
7690,138
7691,138
7692,138
7693,138
7694,138
7695,138
7696,138
7697,138
7698,138
7699,138
7700,138
7701,138
7702,138
7703,138
7704,138
7705,138
7706,138
7707,138
7708,138
7709,138
7710,138
7711,138
7712,138
7713,138
7714,138
7715,138
7716,138
7717,138
7718,138
7719,138
7720,138
7721,138
7722,138
7723,138
7724,138
7725,138
7726,138
7727,138
7728,138
7729,138
7730,138
7731,138
7732,138
7733,138
7734,138
7735,138
7736,138
7737,138
7738,138
7739,138
7740,138
7741,138
7742,138
7743,138
7744,138
7745,138
7746,138
7747,138
7748,138
7749,138
7750,138
7751,138
7752,138
7753,138
7754,138
7755,138
7756,138
7757,138
7758,138
7759,138
7760,138
7761,138
7762,138
7763,138
7764,138
7765,138
7766,138
7767,138
7768,138
7769,138
7770,138
7771,138
7772,138
7773,138
7774,138
7775,138
7776,138
7777,138
7778,138
7779,138
7780,138
7781,138
7782,138
7783,138
7784,138
7785,138
7786,138
7787,138
7788,138
7789,138
7790,138
7791,138
7792,138
7793,138
7794,138
7795,138
7796,138
7797,138
7798,138
7799,138
7800,138
7801,138
7802,138
7803,138
7804,138
7805,138
7806,138
7807,138
7808,138
7809,138
7810,138
7811,138
7812,138
7813,138
7814,138
7815,138
7816,138
7817,138
7818,138
7819,138
7820,138
7821,138
7822,138
7823,138
7824,137
7825,137
7826,137
7827,137
7828,137
7829,137
7830,137
7831,137
7832,137
7833,137
7834,137
7835,137
7836,137
7837,137
7838,137
7839,137
7840,137
7841,137
7842,137
7843,137
7844,137
7845,137
7846,137
7847,137
7848,137
7849,137
7850,137
7851,137
7852,137
7853,137
7854,137
7855,137
7856,137
7857,137
7858,137
7859,137
7860,137
7861,137
7862,137
7863,137
7864,137
7865,137
7866,137
7867,137
7868,137
7869,137
7870,137
7871,137
7872,137
7873,137
7874,137
7875,137
7876,137
7877,137
7878,137
7879,137
7880,137
7881,137
7882,137
7883,137
7884,137
7885,137
7886,137
7887,137
7888,137
7889,137
7890,137
7891,137
7892,137
7893,137
7894,137
7895,137
7896,137
7897,137
7898,137
7899,137
7900,137
7901,137
7902,137
7903,137
7904,137
7905,137
7906,137
7907,137
7908,137
7909,137
7910,137
7911,137
7912,137
7913,137
7914,137
7915,137
7916,137
7917,137
7918,137
7919,137
7920,137
7921,137
7922,137
7923,137
7924,137
7925,137
7926,137
7927,137
7928,137
7929,137
7930,137
7931,137
7932,137
7933,137
7934,137
7935,137
7936,137
7937,137
7938,137
7939,137
7940,137
7941,137
7942,137
7943,137
7944,137
7945,137
7946,137
7947,137
7948,137
7949,137
7950,137
7951,137
7952,137
7953,137
7954,137
7955,137
7956,137
7957,137
7958,137
7959,137
7960,137
7961,137
7962,137
7963,137
7964,137
7965,137
7966,137
7967,137
7968,137
7969,137
7970,137
7971,137
7972,137
7973,137
7974,137
7975,137
7976,137
7977,137
7978,137
7979,137
7980,137
7981,137
7982,137
7983,137
7984,137
7985,137
7986,137
7987,137
7988,137
7989,137
7990,137
7991,137
7992,137
7993,137
7994,137
7995,137
7996,137
7997,137
7998,137
7999,137
8000,137
8001,137
8002,137
8003,137
8004,137
8005,137
8006,137
8007,137
8008,137
8009,137
8010,137
8011,137
8012,137
8013,137
8014,137
8015,137
8016,137
8017,137
8018,137
8019,137
8020,137
8021,137
8022,137
8023,137
8024,136
8025,136
8026,136
8027,136
8028,136
8029,136
8030,136
8031,136
8032,136
8033,136
8034,136
8035,136
8036,136
8037,136
8038,136
8039,136
8040,136
8041,136
8042,136
8043,136
8044,136
8045,136
8046,136
8047,136
8048,136
8049,136
8050,136
8051,136
8052,136
8053,136
8054,136
8055,136
8056,136
8057,136
8058,136
8059,136
8060,136
8061,136
8062,136
8063,136
8064,136
8065,136
8066,136
8067,136
8068,136
8069,136
8070,136
8071,136
8072,136
8073,136
8074,136
8075,136
8076,136
8077,136
8078,136
8079,136
8080,136
8081,136
8082,136
8083,136
8084,136
8085,136
8086,136
8087,136
8088,136
8089,136
8090,136
8091,136
8092,136
8093,136
8094,136
8095,136
8096,136
8097,136
8098,136
8099,136
8100,136
8101,136
8102,136
8103,136
8104,136
8105,136
8106,136
8107,136
8108,136
8109,136
8110,136
8111,136
8112,136
8113,136
8114,136
8115,136
8116,136
8117,136
8118,136
8119,136
8120,136
8121,136
8122,136
8123,136
8124,136
8125,136
8126,136
8127,136
8128,136
8129,136
8130,136
8131,136
8132,136
8133,136
8134,136
8135,136
8136,136
8137,136
8138,136
8139,136
8140,136
8141,136
8142,136
8143,136
8144,136
8145,136
8146,136
8147,136
8148,136
8149,136
8150,136
8151,136
8152,136
8153,136
8154,136
8155,136
8156,136
8157,136
8158,136
8159,136
8160,136
8161,136
8162,136
8163,136
8164,136
8165,136
8166,136
8167,136
8168,136
8169,136
8170,136
8171,136
8172,136
8173,136
8174,136
8175,136
8176,136
8177,136
8178,136
8179,136
8180,136
8181,136
8182,136
8183,136
8184,136
8185,136
8186,136
8187,136
8188,136
8189,136
8190,136
8191,136
8192,136
8193,136
8194,136
8195,136
8196,136
8197,136
8198,136
8199,136
8200,136
8201,136
8202,136
8203,136
8204,136
8205,136
8206,136
8207,136
8208,136
8209,136
8210,136
8211,136
8212,136
8213,136
8214,136
8215,136
8216,136
8217,136
8218,136
8219,136
8220,136
8221,136
8222,136
8223,136
8224,136
8225,136
8226,136
8227,136
8228,136
8229,136
8230,136
8231,136
8232,136
8233,136
8234,136
8235,136
8236,136
8237,136
8238,136
8239,136
8240,136
8241,136
8242,136
8243,136
8244,136
8245,136
8246,136
8247,136
8248,136
8249,136
8250,136
8251,136
8252,136
8253,136
8254,136
8255,136
8256,136
8257,136
8258,136
8259,136
8260,136
8261,136
8262,136
8263,136
8264,136
8265,136
8266,136
8267,136
8268,136
8269,136
8270,136
8271,136
8272,136
8273,136
8274,136
8275,136
8276,136
8277,136
8278,136
8279,136
8280,136
8281,136
8282,136
8283,136
8284,136
8285,136
8286,136
8287,136
8288,136
8289,136
8290,136
8291,136
8292,136
8293,136
8294,136
8295,136
8296,136
8297,136
8298,136
8299,136
8300,136
8301,136
8302,136
8303,136
8304,136
8305,136
8306,136
8307,136
8308,136
8309,136
8310,136
8311,136
8312,136
8313,136
8314,136
8315,136
8316,136
8317,136
8318,136
8319,136
8320,136
8321,136
8322,136
8323,136
8324,136
8325,136
8326,136
8327,136
8328,136
8329,136
8330,136
8331,136
8332,136
8333,136
8334,136
8335,136
8336,136
8337,136
8338,136
8339,136
8340,136
8341,136
8342,136
8343,136
8344,136
8345,136
8346,136
8347,136
8348,136
8349,136
8350,136
8351,136
8352,136
8353,136
8354,136
8355,136
8356,136
8357,136
8358,136
8359,136
8360,136
8361,136
8362,136
8363,136
8364,136
8365,136
8366,136
8367,136
8368,136
8369,136
8370,136
8371,136
8372,136
8373,136
8374,136
8375,136
8376,136
8377,136
8378,136
8379,136
8380,136
8381,136
8382,136
8383,136
8384,136
8385,136
8386,136
8387,136
8388,136
8389,136
8390,136
8391,136
8392,136
8393,136
8394,136
8395,136
8396,136
8397,136
8398,136
8399,136
8400,136
8401,136
8402,136
8403,136
8404,136
8405,136
8406,136
8407,136
8408,136
8409,136
8410,136
8411,136
8412,136
8413,136
8414,136
8415,136
8416,136
8417,136
8418,136
8419,136
8420,136
8421,136
8422,136
8423,136
8424,136
8425,136
8426,136
8427,136
8428,136
8429,136
8430,136
8431,136
8432,136
8433,136
8434,136
8435,136
8436,136
8437,136
8438,136
8439,136
8440,136
8441,136
8442,136
8443,136
8444,136
8445,136
8446,136
8447,136
8448,136
8449,136
8450,136
8451,136
8452,136
8453,136
8454,136
8455,136
8456,136
8457,136
8458,136
8459,136
8460,136
8461,136
8462,136
8463,136
8464,136
8465,136
8466,136
8467,136
8468,136
8469,136
8470,136
8471,136
8472,136
8473,136
8474,136
8475,136
8476,136
8477,136
8478,136
8479,136
8480,136
8481,136
8482,136
8483,136
8484,136
8485,136
8486,136
8487,136
8488,136
8489,136
8490,136
8491,136
8492,136
8493,136
8494,136
8495,136
8496,136
8497,136
8498,136
8499,136
8500,136
8501,136
8502,136
8503,136
8504,136
8505,136
8506,136
8507,136
8508,136
8509,136
8510,136
8511,136
8512,136
8513,136
8514,136
8515,136
8516,136
8517,136
8518,136
8519,136
8520,136
8521,136
8522,136
8523,136
8524,136
8525,136
8526,136
8527,136
8528,136
8529,136
8530,136
8531,136
8532,136
8533,136
8534,136
8535,136
8536,136
8537,136
8538,136
8539,136
8540,136
8541,136
8542,136
8543,136
8544,136
8545,136
8546,136
8547,136
8548,136
8549,136
8550,136
8551,136
8552,136
8553,136
8554,136
8555,136
8556,136
8557,136
8558,136
8559,136
8560,136
8561,136
8562,136
8563,136
8564,136
8565,136
8566,136
8567,136
8568,136
8569,136
8570,136
8571,136
8572,136
8573,136
8574,136
8575,136
8576,136
8577,136
8578,136
8579,136
8580,136
8581,136
8582,136
8583,136
8584,136
8585,136
8586,136
8587,136
8588,136
8589,136
8590,136
8591,136
8592,136
8593,136
8594,136
8595,136
8596,136
8597,136
8598,136
8599,136
8600,136
8601,136
8602,136
8603,136
8604,136
8605,136
8606,136
8607,136
8608,136
8609,136
8610,136
8611,136
8612,136
8613,136
8614,136
8615,136
8616,136
8617,136
8618,136
8619,136
8620,136
8621,136
8622,136
8623,136
8624,136
8625,136
8626,136
8627,136
8628,136
8629,136
8630,136
8631,136
8632,136
8633,136
8634,136
8635,136
8636,136
8637,136
8638,136
8639,136
8640,136
8641,136
8642,136
8643,136
8644,136
8645,136
8646,136
8647,136
8648,136
8649,136
8650,136
8651,136
8652,136
8653,136
8654,136
8655,136
8656,136
8657,136
8658,136
8659,136
8660,136
8661,136
8662,136
8663,136
8664,136
8665,136
8666,136
8667,136
8668,136
8669,136
8670,136
8671,136
8672,136
8673,136
8674,136
8675,136
8676,136
8677,136
8678,136
8679,136
8680,136
8681,136
8682,136
8683,136
8684,136
8685,136
8686,136
8687,136
8688,136
8689,136
8690,136
8691,136
8692,136
8693,136
8694,136
8695,136
8696,136
8697,136
8698,136
8699,136
8700,136
8701,136
8702,136
8703,136
8704,136
8705,136
8706,136
8707,136
8708,136
8709,136
8710,136
8711,136
8712,136
8713,136
8714,136
8715,136
8716,136
8717,136
8718,136
8719,136
8720,136
8721,136
8722,136
8723,136
8724,136
8725,136
8726,136
8727,136
8728,136
8729,136
8730,136
8731,136
8732,136
8733,136
8734,136
8735,136
8736,136
8737,136
8738,136
8739,136
8740,136
8741,136
8742,136
8743,136
8744,136
8745,136
8746,136
8747,136
8748,136
8749,136
8750,136
8751,136
8752,136
8753,136
8754,136
8755,136
8756,136
8757,136
8758,136
8759,136
8760,136
8761,136
8762,136
8763,136
8764,136
8765,136
8766,136
8767,136
8768,136
8769,136
8770,136
8771,136
8772,136
8773,136
8774,136
8775,136
8776,136
8777,136
8778,136
8779,136
8780,136
8781,136
8782,136
8783,136
8784,136
8785,136
8786,136
8787,136
8788,136
8789,136
8790,136
8791,136
8792,136
8793,136
8794,136
8795,136
8796,136
8797,136
8798,136
8799,136
8800,136
8801,136
8802,136
8803,136
8804,136
8805,136
8806,136
8807,136
8808,136
8809,136
8810,136
8811,136
8812,136
8813,136
8814,136
8815,136
8816,136
8817,136
8818,136
8819,136
8820,136
8821,136
8822,136
8823,136
8824,136
8825,136
8826,136
8827,136
8828,136
8829,136
8830,136
8831,136
8832,136
8833,136
8834,136
8835,136
8836,136
8837,136
8838,136
8839,136
8840,136
8841,136
8842,136
8843,136
8844,136
8845,136
8846,136
8847,136
8848,136
8849,136
8850,136
8851,136
8852,136
8853,136
8854,136
8855,136
8856,136
8857,136
8858,136
8859,136
8860,136
8861,136
8862,136
8863,136
8864,136
8865,136
8866,136
8867,136
8868,136
8869,136
8870,136
8871,136
8872,136
8873,136
8874,136
8875,136
8876,136
8877,136
8878,136
8879,136
8880,136
8881,136
8882,136
8883,136
8884,136
8885,136
8886,136
8887,136
8888,136
8889,136
8890,136
8891,136
8892,136
8893,136
8894,136
8895,136
8896,136
8897,136
8898,136
8899,136
8900,136
8901,136
8902,136
8903,136
8904,136
8905,136
8906,136
8907,136
8908,136
8909,136
8910,136
8911,136
8912,136
8913,136
8914,136
8915,136
8916,136
8917,136
8918,136
8919,136
8920,136
8921,136
8922,136
8923,136
8924,136
8925,136
8926,136
8927,136
8928,136
8929,136
8930,136
8931,136
8932,136
8933,136
8934,136
8935,136
8936,136
8937,136
8938,136
8939,136
8940,136
8941,136
8942,136
8943,136
8944,136
8945,136
8946,136
8947,136
8948,136
8949,136
8950,136
8951,136
8952,136
8953,136
8954,136
8955,136
8956,136
8957,136
8958,136
8959,136
8960,136
8961,136
8962,136
8963,136
8964,136
8965,136
8966,136
8967,136
8968,136
8969,136
8970,136
8971,136
8972,136
8973,136
8974,136
8975,136
8976,136
8977,136
8978,136
8979,136
8980,136
8981,136
8982,136
8983,136
8984,136
8985,136
8986,136
8987,136
8988,136
8989,136
8990,136
8991,136
8992,136
8993,136
8994,136
8995,136
8996,136
8997,136
8998,136
8999,136
9000,136
9001,136
9002,136
9003,136
9004,136
9005,136
9006,136
9007,136
9008,136
9009,136
9010,136
9011,136
9012,136
9013,136
9014,136
9015,136
9016,136
9017,136
9018,136
9019,136
9020,136
9021,136
9022,136
9023,136
9024,136
9025,136
9026,136
9027,136
9028,136
9029,136
9030,136
9031,136
9032,136
9033,136
9034,136
9035,136
9036,136
9037,136
9038,136
9039,136
9040,136
9041,136
9042,136
9043,136
9044,136
9045,136
9046,136
9047,136
9048,136
9049,136
9050,136
9051,136
9052,136
9053,136
9054,136
9055,136
9056,136
9057,136
9058,136
9059,136
9060,136
9061,136
9062,136
9063,136
9064,136
9065,136
9066,136
9067,136
9068,136
9069,136
9070,136
9071,136
9072,136
9073,136
9074,136
9075,136
9076,136
9077,136
9078,136
9079,136
9080,136
9081,136
9082,136
9083,136
9084,136
9085,136
9086,136
9087,136
9088,136
9089,136
9090,136
9091,136
9092,136
9093,136
9094,136
9095,136
9096,136
9097,136
9098,136
9099,136
9100,136
9101,136
9102,136
9103,136
9104,136
9105,136
9106,136
9107,136
9108,136
9109,136
9110,136
9111,136
9112,136
9113,136
9114,136
9115,136
9116,136
9117,136
9118,136
9119,136
9120,136
9121,136
9122,136
9123,136
9124,136
9125,136
9126,136
9127,136
9128,136
9129,136
9130,136
9131,136
9132,136
9133,136
9134,136
9135,136
9136,136
9137,136
9138,136
9139,136
9140,136
9141,136
9142,136
9143,136
9144,136
9145,136
9146,136
9147,136
9148,136
9149,136
9150,136
9151,136
9152,136
9153,136
9154,136
9155,136
9156,136
9157,136
9158,136
9159,136
9160,136
9161,136
9162,136
9163,136
9164,136
9165,136
9166,136
9167,136
9168,136
9169,136
9170,136
9171,136
9172,136
9173,136
9174,136
9175,136
9176,136
9177,136
9178,136
9179,136
9180,136
9181,136
9182,136
9183,136
9184,136
9185,136
9186,136
9187,136
9188,136
9189,136
9190,136
9191,136
9192,136
9193,136
9194,136
9195,136
9196,136
9197,136
9198,136
9199,136
9200,136
9201,136
9202,136
9203,136
9204,136
9205,136
9206,136
9207,136
9208,136
9209,136
9210,136
9211,136
9212,136
9213,136
9214,136
9215,136
9216,136
9217,136
9218,136
9219,136
9220,136
9221,136
9222,136
9223,136
9224,136
9225,136
9226,136
9227,136
9228,136
9229,136
9230,136
9231,136
9232,136
9233,136
9234,136
9235,136
9236,136
9237,136
9238,136
9239,136
9240,136
9241,136
9242,136
9243,136
9244,136
9245,136
9246,136
9247,136
9248,136
9249,136
9250,136
9251,136
9252,136
9253,136
9254,136
9255,136
9256,136
9257,136
9258,136
9259,136
9260,136
9261,136
9262,136
9263,136
9264,136
9265,136
9266,136
9267,136
9268,136
9269,136
9270,136
9271,136
9272,136
9273,136
9274,136
9275,136
9276,136
9277,136
9278,136
9279,136
9280,136
9281,136
9282,136
9283,136
9284,136
9285,136
9286,136
9287,136
9288,136
9289,136
9290,136
9291,136
9292,136
9293,136
9294,136
9295,136
9296,136
9297,136
9298,136
9299,136
9300,136
9301,136
9302,136
9303,136
9304,136
9305,136
9306,136
9307,136
9308,136
9309,136
9310,136
9311,136
9312,136
9313,136
9314,136
9315,136
9316,136
9317,136
9318,136
9319,136
9320,136
9321,136
9322,136
9323,136
9324,136
9325,136
9326,136
9327,136
9328,136
9329,136
9330,136
9331,136
9332,136
9333,136
9334,136
9335,136
9336,136
9337,136
9338,136
9339,136
9340,136
9341,136
9342,136
9343,136
9344,136
9345,136
9346,136
9347,136
9348,136
9349,136
9350,136
9351,136
9352,136
9353,136
9354,136
9355,136
9356,136
9357,136
9358,136
9359,136
9360,136
9361,136
9362,136
9363,136
9364,136
9365,136
9366,136
9367,136
9368,136
9369,136
9370,136
9371,136
9372,136
9373,136
9374,136
9375,136
9376,136
9377,136
9378,136
9379,136
9380,136
9381,136
9382,136
9383,136
9384,136
9385,136
9386,136
9387,136
9388,136
9389,136
9390,136
9391,136
9392,136
9393,136
9394,136
9395,136
9396,136
9397,136
9398,136
9399,136
9400,136
9401,136
9402,136
9403,136
9404,136
9405,136
9406,136
9407,136
9408,136
9409,136
9410,136
9411,136
9412,136
9413,136
9414,136
9415,136
9416,136
9417,136
9418,136
9419,136
9420,136
9421,136
9422,136
9423,136
9424,136
9425,136
9426,136
9427,136
9428,136
9429,136
9430,136
9431,136
9432,136
9433,136
9434,136
9435,136
9436,136
9437,136
9438,136
9439,136
9440,136
9441,136
9442,136
9443,136
9444,136
9445,136
9446,136
9447,136
9448,136
9449,136
9450,136
9451,136
9452,136
9453,136
9454,136
9455,136
9456,136
9457,136
9458,136
9459,136
9460,136
9461,136
9462,136
9463,136
9464,136
9465,136
9466,136
9467,136
9468,136
9469,136
9470,136
9471,136
9472,136
9473,136
9474,136
9475,136
9476,136
9477,136
9478,136
9479,136
9480,136
9481,136
9482,136
9483,136
9484,136
9485,136
9486,136
9487,136
9488,136
9489,136
9490,136
9491,136
9492,136
9493,136
9494,136
9495,136
9496,136
9497,136
9498,136
9499,136
9500,136
9501,136
9502,136
9503,136
9504,136
9505,136
9506,136
9507,136
9508,136
9509,136
9510,136
9511,136
9512,136
9513,136
9514,136
9515,136
9516,136
9517,136
9518,136
9519,136
9520,136
9521,136
9522,136
9523,136
9524,136
9525,136
9526,136
9527,136
9528,136
9529,136
9530,136
9531,136
9532,136
9533,136
9534,136
9535,136
9536,136
9537,136
9538,136
9539,136
9540,136
9541,136
9542,136
9543,136
9544,136
9545,136
9546,136
9547,136
9548,136
9549,136
9550,136
9551,136
9552,136
9553,136
9554,136
9555,136
9556,136
9557,136
9558,136
9559,136
9560,136
9561,136
9562,136
9563,136
9564,136
9565,136
9566,136
9567,136
9568,136
9569,136
9570,136
9571,136
9572,136
9573,136
9574,136
9575,136
9576,136
9577,136
9578,136
9579,136
9580,136
9581,136
9582,136
9583,136
9584,136
9585,136
9586,136
9587,136
9588,136
9589,136
9590,136
9591,136
9592,136
9593,136
9594,136
9595,136
9596,136
9597,136
9598,136
9599,136
9600,136
9601,136
9602,136
9603,136
9604,136
9605,136
9606,136
9607,136
9608,136
9609,136
9610,136
9611,136
9612,136
9613,136
9614,136
9615,136
9616,136
9617,136
9618,136
9619,136
9620,136
9621,136
9622,136
9623,136
9624,136
9625,136
9626,136
9627,136
9628,136
9629,136
9630,136
9631,136
9632,136
9633,136
9634,136
9635,136
9636,136
9637,136
9638,136
9639,136
9640,136
9641,136
9642,136
9643,136
9644,136
9645,136
9646,136
9647,136
9648,136
9649,136
9650,136
9651,136
9652,136
9653,136
9654,136
9655,136
9656,136
9657,136
9658,136
9659,136
9660,136
9661,136
9662,136
9663,136
9664,136
9665,136
9666,136
9667,136
9668,136
9669,136
9670,136
9671,136
9672,136
9673,136
9674,136
9675,136
9676,136
9677,136
9678,136
9679,136
9680,136
9681,136
9682,136
9683,136
9684,136
9685,136
9686,136
9687,136
9688,136
9689,136
9690,136
9691,136
9692,136
9693,136
9694,136
9695,136
9696,136
9697,136
9698,136
9699,136
9700,136
9701,136
9702,136
9703,136
9704,136
9705,136
9706,136
9707,136
9708,136
9709,136
9710,136
9711,136
9712,136
9713,136
9714,136
9715,136
9716,136
9717,136
9718,136
9719,136
9720,136
9721,136
9722,136
9723,136
9724,136
9725,136
9726,136
9727,136
9728,136
9729,136
9730,136
9731,136
9732,136
9733,136
9734,136
9735,136
9736,136
9737,136
9738,136
9739,136
9740,136
9741,136
9742,136
9743,136
9744,136
9745,136
9746,136
9747,136
9748,136
9749,136
9750,136
9751,136
9752,136
9753,136
9754,136
9755,136
9756,136
9757,136
9758,136
9759,136
9760,136
9761,136
9762,136
9763,136
9764,136
9765,136
9766,136
9767,136
9768,136
9769,136
9770,136
9771,136
9772,136
9773,136
9774,136
9775,136
9776,136
9777,136
9778,136
9779,136
9780,136
9781,136
9782,136
9783,136
9784,136
9785,136
9786,136
9787,136
9788,136
9789,136
9790,136
9791,136
9792,136
9793,136
9794,136
9795,136
9796,136
9797,136
9798,136
9799,136
9800,136
9801,136
9802,136
9803,136
9804,136
9805,136
9806,136
9807,136
9808,136
9809,136
9810,136
9811,136
9812,136
9813,136
9814,136
9815,136
9816,136
9817,136
9818,136
9819,136
9820,136
9821,136
9822,136
9823,136
9824,136
9825,136
9826,136
9827,136
9828,136
9829,136
9830,136
9831,136
9832,136
9833,136
9834,136
9835,136
9836,136
9837,136
9838,136
9839,136
9840,136
9841,136
9842,136
9843,136
9844,136
9845,136
9846,136
9847,136
9848,136
9849,136
9850,136
9851,136
9852,136
9853,136
9854,136
9855,136
9856,136
9857,136
9858,136
9859,136
9860,136
9861,136
9862,136
9863,136
9864,136
9865,136
9866,136
9867,136
9868,136
9869,136
9870,136
9871,136
9872,136
9873,136
9874,136
9875,136
9876,136
9877,136
9878,136
9879,136
9880,136
9881,136
9882,136
9883,136
9884,136
9885,136
9886,136
9887,136
9888,136
9889,136
9890,136
9891,136
9892,136
9893,136
9894,136
9895,136
9896,136
9897,136
9898,136
9899,136
9900,136
9901,136
9902,136
9903,136
9904,136
9905,136
9906,136
9907,136
9908,136
9909,136
9910,136
9911,136
9912,136
9913,136
9914,136
9915,136
9916,136
9917,136
9918,136
9919,136
9920,136
9921,136
9922,136
9923,136
9924,136
9925,136
9926,136
9927,136
9928,136
9929,136
9930,136
9931,136
9932,136
9933,136
9934,136
9935,136
9936,136
9937,136
9938,136
9939,136
9940,136
9941,136
9942,136
9943,136
9944,136
9945,136
9946,136
9947,136
9948,136
9949,136
9950,136
9951,136
9952,136
9953,136
9954,136
9955,136
9956,136
9957,136
9958,136
9959,136
9960,136
9961,136
9962,136
9963,136
9964,136
9965,136
9966,136
9967,136
9968,136
9969,136
9970,136
9971,136
9972,136
9973,136
9974,136
9975,136
9976,136
9977,136
9978,136
9979,136
9980,136
9981,136
9982,136
9983,136
9984,136
9985,136
9986,136
9987,136
9988,136
9989,136
9990,136
9991,136
9992,136
9993,136
9994,136
9995,136
9996,136
9997,136
9998,136
9999,136
