,pso
0,301
1,301
2,301
3,301
4,301
5,301
6,301
7,301
8,301
9,301
10,301
11,301
12,301
13,301
14,301
15,301
16,301
17,301
18,301
19,301
20,301
21,301
22,301
23,301
24,301
25,301
26,301
27,301
28,301
29,301
30,301
31,301
32,301
33,301
34,301
35,301
36,301
37,301
38,301
39,301
40,301
41,301
42,301
43,301
44,301
45,301
46,301
47,301
48,301
49,301
50,301
51,301
52,301
53,301
54,301
55,301
56,301
57,301
58,301
59,301
60,301
61,301
62,301
63,301
64,301
65,301
66,301
67,301
68,301
69,301
70,301
71,301
72,301
73,301
74,301
75,301
76,301
77,301
78,301
79,301
80,301
81,301
82,301
83,301
84,301
85,301
86,301
87,301
88,301
89,301
90,301
91,301
92,301
93,301
94,301
95,301
96,301
97,301
98,301
99,301
100,301
101,301
102,301
103,301
104,301
105,301
106,301
107,301
108,301
109,301
110,301
111,301
112,301
113,301
114,301
115,301
116,301
117,301
118,301
119,301
120,301
121,301
122,301
123,301
124,301
125,301
126,301
127,301
128,301
129,301
130,301
131,301
132,301
133,301
134,301
135,301
136,301
137,301
138,301
139,301
140,301
141,301
142,301
143,301
144,301
145,301
146,301
147,301
148,301
149,301
150,301
151,301
152,301
153,301
154,301
155,301
156,301
157,301
158,301
159,301
160,301
161,301
162,301
163,301
164,301
165,301
166,301
167,301
168,301
169,301
170,301
171,301
172,301
173,301
174,301
175,301
176,301
177,301
178,301
179,301
180,301
181,301
182,301
183,301
184,301
185,301
186,301
187,301
188,301
189,301
190,301
191,301
192,301
193,301
194,301
195,301
196,301
197,301
198,301
199,301
200,301
201,301
202,301
203,301
204,301
205,301
206,301
207,301
208,301
209,301
210,301
211,301
212,301
213,301
214,301
215,301
216,301
217,301
218,301
219,301
220,301
221,301
222,301
223,301
224,301
225,301
226,301
227,301
228,301
229,301
230,301
231,301
232,301
233,301
234,301
235,301
236,301
237,301
238,301
239,301
240,301
241,301
242,301
243,301
244,301
245,301
246,301
247,301
248,301
249,301
250,301
251,301
252,301
253,301
254,301
255,301
256,301
257,301
258,301
259,301
260,301
261,301
262,301
263,301
264,301
265,301
266,301
267,301
268,301
269,301
270,301
271,301
272,301
273,301
274,301
275,301
276,301
277,301
278,301
279,301
280,301
281,301
282,301
283,301
284,301
285,301
286,301
287,301
288,301
289,301
290,301
291,301
292,301
293,301
294,301
295,301
296,301
297,301
298,301
299,301
300,301
301,301
302,301
303,301
304,301
305,301
306,301
307,301
308,301
309,301
310,301
311,301
312,301
313,301
314,301
315,301
316,301
317,301
318,301
319,301
320,301
321,301
322,301
323,301
324,301
325,301
326,301
327,301
328,301
329,301
330,301
331,301
332,301
333,301
334,301
335,301
336,301
337,301
338,301
339,301
340,301
341,301
342,301
343,301
344,301
345,301
346,301
347,301
348,301
349,301
350,301
351,301
352,301
353,301
354,301
355,301
356,301
357,301
358,301
359,301
360,301
361,301
362,301
363,301
364,301
365,301
366,301
367,301
368,301
369,301
370,301
371,301
372,301
373,301
374,301
375,301
376,301
377,301
378,301
379,301
380,301
381,301
382,301
383,301
384,301
385,301
386,301
387,301
388,301
389,301
390,301
391,301
392,301
393,301
394,301
395,301
396,301
397,301
398,301
399,301
400,301
401,301
402,301
403,301
404,301
405,301
406,301
407,301
408,301
409,301
410,301
411,301
412,301
413,301
414,301
415,301
416,301
417,301
418,301
419,301
420,301
421,301
422,301
423,301
424,301
425,301
426,301
427,301
428,301
429,301
430,301
431,301
432,301
433,301
434,301
435,301
436,301
437,301
438,301
439,301
440,301
441,301
442,301
443,301
444,301
445,301
446,301
447,301
448,301
449,301
450,301
451,301
452,301
453,301
454,301
455,301
456,301
457,301
458,301
459,301
460,301
461,301
462,301
463,301
464,301
465,301
466,301
467,301
468,301
469,301
470,301
471,301
472,301
473,301
474,301
475,301
476,301
477,301
478,301
479,301
480,301
481,301
482,301
483,301
484,301
485,301
486,301
487,301
488,301
489,301
490,301
491,301
492,301
493,301
494,301
495,301
496,301
497,301
498,301
499,301
500,301
501,301
502,301
503,301
504,301
505,301
506,301
507,301
508,301
509,301
510,301
511,301
512,301
513,301
514,301
515,301
516,301
517,301
518,301
519,301
520,301
521,301
522,301
523,301
524,301
525,301
526,301
527,301
528,301
529,301
530,301
531,301
532,301
533,301
534,301
535,301
536,301
537,301
538,301
539,301
540,301
541,301
542,301
543,301
544,301
545,301
546,301
547,301
548,301
549,301
550,301
551,301
552,301
553,301
554,301
555,301
556,301
557,301
558,301
559,301
560,301
561,301
562,301
563,301
564,301
565,301
566,301
567,301
568,301
569,301
570,301
571,301
572,301
573,301
574,301
575,301
576,301
577,301
578,301
579,301
580,301
581,301
582,301
583,301
584,301
585,301
586,301
587,301
588,301
589,301
590,301
591,301
592,301
593,301
594,301
595,301
596,301
597,301
598,301
599,301
600,301
601,301
602,301
603,301
604,301
605,301
606,301
607,301
608,301
609,301
610,301
611,301
612,301
613,301
614,301
615,301
616,301
617,301
618,301
619,301
620,301
621,301
622,301
623,301
624,301
625,301
626,301
627,301
628,301
629,301
630,301
631,301
632,301
633,301
634,301
635,301
636,301
637,301
638,301
639,301
640,301
641,301
642,301
643,301
644,301
645,301
646,301
647,301
648,301
649,301
650,301
651,301
652,301
653,301
654,301
655,301
656,301
657,301
658,301
659,301
660,301
661,301
662,301
663,301
664,301
665,301
666,301
667,301
668,301
669,301
670,301
671,301
672,301
673,301
674,301
675,301
676,301
677,301
678,301
679,301
680,301
681,301
682,301
683,301
684,301
685,301
686,301
687,301
688,301
689,301
690,301
691,301
692,301
693,301
694,301
695,301
696,301
697,301
698,301
699,301
700,301
701,301
702,301
703,301
704,301
705,301
706,301
707,301
708,301
709,301
710,301
711,301
712,301
713,301
714,301
715,301
716,301
717,301
718,301
719,301
720,301
721,301
722,301
723,301
724,301
725,301
726,301
727,301
728,301
729,301
730,301
731,301
732,301
733,301
734,301
735,301
736,301
737,301
738,301
739,301
740,301
741,301
742,301
743,301
744,301
745,301
746,301
747,301
748,301
749,301
750,301
751,301
752,301
753,301
754,301
755,301
756,301
757,301
758,301
759,301
760,301
761,301
762,301
763,301
764,301
765,301
766,301
767,301
768,301
769,301
770,301
771,301
772,301
773,301
774,301
775,301
776,301
777,301
778,301
779,301
780,301
781,301
782,301
783,301
784,301
785,301
786,301
787,301
788,301
789,301
790,301
791,301
792,301
793,301
794,301
795,301
796,301
797,301
798,301
799,301
800,301
801,301
802,301
803,301
804,301
805,301
806,301
807,301
808,301
809,301
810,301
811,301
812,301
813,301
814,301
815,301
816,301
817,301
818,301
819,301
820,301
821,301
822,301
823,301
824,301
825,301
826,301
827,301
828,301
829,301
830,301
831,301
832,301
833,301
834,301
835,301
836,301
837,301
838,301
839,301
840,301
841,301
842,301
843,301
844,301
845,301
846,301
847,301
848,301
849,301
850,301
851,301
852,301
853,301
854,301
855,301
856,301
857,301
858,301
859,301
860,301
861,301
862,301
863,301
864,301
865,301
866,301
867,301
868,301
869,301
870,301
871,301
872,301
873,301
874,301
875,301
876,301
877,301
878,301
879,301
880,301
881,301
882,301
883,301
884,301
885,301
886,301
887,301
888,301
889,301
890,301
891,301
892,301
893,301
894,301
895,301
896,301
897,301
898,301
899,301
900,301
901,301
902,301
903,301
904,301
905,301
906,301
907,301
908,301
909,301
910,301
911,301
912,301
913,301
914,301
915,301
916,301
917,301
918,301
919,301
920,301
921,301
922,301
923,301
924,301
925,301
926,301
927,301
928,301
929,301
930,301
931,301
932,301
933,301
934,301
935,301
936,301
937,301
938,301
939,301
940,301
941,301
942,301
943,301
944,301
945,301
946,301
947,301
948,301
949,301
950,301
951,301
952,301
953,301
954,301
955,301
956,301
957,301
958,301
959,301
960,301
961,301
962,301
963,301
964,301
965,301
966,301
967,301
968,301
969,301
970,301
971,301
972,301
973,301
974,301
975,301
976,301
977,301
978,301
979,301
980,301
981,301
982,301
983,301
984,301
985,301
986,301
987,301
988,301
989,301
990,301
991,301
992,301
993,301
994,301
995,301
996,301
997,301
998,301
999,301
1000,301
1001,301
1002,301
1003,301
1004,301
1005,301
1006,301
1007,301
1008,301
1009,301
1010,301
1011,301
1012,301
1013,301
1014,301
1015,301
1016,301
1017,301
1018,301
1019,301
1020,301
1021,301
1022,301
1023,301
1024,301
1025,301
1026,301
1027,301
1028,301
1029,301
1030,301
1031,301
1032,301
1033,301
1034,301
1035,301
1036,301
1037,301
1038,301
1039,301
1040,301
1041,301
1042,301
1043,301
1044,301
1045,301
1046,301
1047,301
1048,301
1049,301
1050,301
1051,301
1052,301
1053,301
1054,301
1055,301
1056,301
1057,301
1058,301
1059,301
1060,301
1061,301
1062,301
1063,301
1064,301
1065,301
1066,301
1067,301
1068,301
1069,301
1070,301
1071,301
1072,301
1073,301
1074,301
1075,301
1076,301
1077,301
1078,301
1079,301
1080,301
1081,301
1082,301
1083,301
1084,301
1085,301
1086,301
1087,301
1088,301
1089,301
1090,301
1091,301
1092,301
1093,301
1094,301
1095,301
1096,301
1097,301
1098,301
1099,301
1100,301
1101,301
1102,301
1103,301
1104,301
1105,301
1106,301
1107,301
1108,301
1109,301
1110,301
1111,301
1112,301
1113,301
1114,301
1115,301
1116,301
1117,301
1118,301
1119,301
1120,301
1121,301
1122,301
1123,301
1124,301
1125,301
1126,301
1127,301
1128,301
1129,301
1130,301
1131,301
1132,301
1133,301
1134,301
1135,301
1136,301
1137,301
1138,301
1139,301
1140,301
1141,301
1142,301
1143,301
1144,301
1145,301
1146,301
1147,301
1148,301
1149,301
1150,301
1151,301
1152,301
1153,301
1154,301
1155,301
1156,301
1157,301
1158,301
1159,301
1160,301
1161,301
1162,301
1163,301
1164,301
1165,301
1166,301
1167,301
1168,301
1169,301
1170,301
1171,301
1172,301
1173,301
1174,301
1175,301
1176,301
1177,301
1178,301
1179,301
1180,301
1181,301
1182,301
1183,301
1184,301
1185,301
1186,301
1187,301
1188,301
1189,301
1190,301
1191,301
1192,301
1193,301
1194,301
1195,301
1196,301
1197,301
1198,301
1199,301
1200,301
1201,301
1202,301
1203,301
1204,301
1205,301
1206,301
1207,301
1208,301
1209,301
1210,301
1211,301
1212,301
1213,301
1214,301
1215,301
1216,301
1217,301
1218,301
1219,301
1220,301
1221,301
1222,301
1223,301
1224,301
1225,301
1226,301
1227,301
1228,301
1229,301
1230,301
1231,301
1232,301
1233,301
1234,301
1235,301
1236,301
1237,301
1238,301
1239,301
1240,301
1241,301
1242,301
1243,301
1244,301
1245,301
1246,301
1247,301
1248,301
1249,301
1250,301
1251,301
1252,301
1253,301
1254,301
1255,301
1256,301
1257,301
1258,301
1259,301
1260,301
1261,301
1262,301
1263,301
1264,301
1265,301
1266,301
1267,301
1268,301
1269,301
1270,301
1271,301
1272,301
1273,301
1274,301
1275,301
1276,301
1277,301
1278,301
1279,301
1280,301
1281,301
1282,301
1283,301
1284,301
1285,301
1286,301
1287,301
1288,301
1289,301
1290,301
1291,301
1292,301
1293,301
1294,301
1295,301
1296,301
1297,301
1298,301
1299,301
1300,301
1301,301
1302,301
1303,301
1304,301
1305,301
1306,301
1307,301
1308,301
1309,301
1310,301
1311,301
1312,301
1313,301
1314,301
1315,301
1316,301
1317,301
1318,301
1319,301
1320,301
1321,301
1322,301
1323,301
1324,301
1325,301
1326,301
1327,301
1328,301
1329,301
1330,301
1331,301
1332,301
1333,301
1334,301
1335,301
1336,301
1337,301
1338,301
1339,301
1340,301
1341,301
1342,301
1343,301
1344,301
1345,301
1346,301
1347,301
1348,301
1349,301
1350,301
1351,301
1352,301
1353,301
1354,301
1355,301
1356,301
1357,301
1358,301
1359,301
1360,301
1361,301
1362,301
1363,301
1364,301
1365,301
1366,301
1367,301
1368,301
1369,301
1370,301
1371,301
1372,301
1373,301
1374,301
1375,301
1376,301
1377,301
1378,301
1379,301
1380,301
1381,301
1382,301
1383,301
1384,301
1385,301
1386,301
1387,301
1388,301
1389,301
1390,301
1391,301
1392,301
1393,301
1394,301
1395,301
1396,301
1397,301
1398,301
1399,301
1400,301
1401,301
1402,301
1403,301
1404,301
1405,301
1406,301
1407,301
1408,301
1409,301
1410,301
1411,301
1412,301
1413,301
1414,301
1415,301
1416,301
1417,301
1418,301
1419,301
1420,301
1421,301
1422,301
1423,301
1424,301
1425,301
1426,301
1427,301
1428,301
1429,301
1430,301
1431,301
1432,301
1433,301
1434,301
1435,301
1436,301
1437,301
1438,301
1439,301
1440,301
1441,301
1442,301
1443,301
1444,301
1445,301
1446,301
1447,301
1448,301
1449,301
1450,301
1451,301
1452,301
1453,301
1454,301
1455,301
1456,301
1457,301
1458,301
1459,301
1460,301
1461,301
1462,301
1463,301
1464,301
1465,301
1466,301
1467,301
1468,301
1469,301
1470,301
1471,301
1472,301
1473,301
1474,301
1475,301
1476,301
1477,301
1478,301
1479,301
1480,301
1481,301
1482,301
1483,301
1484,301
1485,301
1486,301
1487,301
1488,301
1489,301
1490,301
1491,301
1492,301
1493,301
1494,301
1495,301
1496,301
1497,301
1498,301
1499,301
1500,301
1501,301
1502,301
1503,301
1504,301
1505,301
1506,301
1507,301
1508,301
1509,301
1510,301
1511,301
1512,301
1513,301
1514,301
1515,301
1516,301
1517,301
1518,301
1519,301
1520,301
1521,301
1522,301
1523,301
1524,301
1525,301
1526,301
1527,301
1528,301
1529,301
1530,301
1531,301
1532,301
1533,301
1534,301
1535,301
1536,301
1537,301
1538,301
1539,301
1540,301
1541,301
1542,301
1543,301
1544,301
1545,301
1546,301
1547,301
1548,301
1549,301
1550,301
1551,301
1552,301
1553,301
1554,301
1555,301
1556,301
1557,301
1558,301
1559,301
1560,301
1561,301
1562,301
1563,301
1564,301
1565,301
1566,301
1567,301
1568,301
1569,301
1570,301
1571,301
1572,301
1573,301
1574,301
1575,301
1576,301
1577,301
1578,301
1579,301
1580,301
1581,301
1582,301
1583,301
1584,301
1585,301
1586,301
1587,301
1588,301
1589,301
1590,301
1591,301
1592,301
1593,301
1594,301
1595,301
1596,301
1597,301
1598,301
1599,301
1600,301
1601,301
1602,301
1603,301
1604,301
1605,301
1606,301
1607,301
1608,301
1609,301
1610,301
1611,301
1612,301
1613,301
1614,301
1615,301
1616,301
1617,301
1618,301
1619,301
1620,301
1621,301
1622,301
1623,301
1624,301
1625,301
1626,301
1627,301
1628,301
1629,301
1630,301
1631,301
1632,301
1633,301
1634,301
1635,301
1636,301
1637,301
1638,301
1639,301
1640,301
1641,301
1642,301
1643,301
1644,301
1645,301
1646,301
1647,301
1648,301
1649,301
1650,301
1651,301
1652,301
1653,301
1654,301
1655,301
1656,301
1657,301
1658,301
1659,301
1660,301
1661,301
1662,301
1663,301
1664,301
1665,301
1666,301
1667,301
1668,301
1669,301
1670,301
1671,301
1672,301
1673,301
1674,301
1675,301
1676,301
1677,301
1678,301
1679,301
1680,301
1681,301
1682,301
1683,301
1684,301
1685,301
1686,301
1687,301
1688,301
1689,301
1690,301
1691,301
1692,301
1693,301
1694,301
1695,301
1696,301
1697,301
1698,301
1699,301
1700,301
1701,301
1702,301
1703,301
1704,301
1705,301
1706,301
1707,301
1708,301
1709,301
1710,301
1711,301
1712,301
1713,301
1714,301
1715,301
1716,301
1717,301
1718,301
1719,301
1720,301
1721,301
1722,301
1723,301
1724,301
1725,301
1726,301
1727,301
1728,301
1729,301
1730,301
1731,301
1732,301
1733,301
1734,301
1735,301
1736,301
1737,301
1738,301
1739,301
1740,301
1741,301
1742,301
1743,301
1744,301
1745,301
1746,301
1747,301
1748,301
1749,301
1750,301
1751,301
1752,301
1753,301
1754,301
1755,301
1756,301
1757,301
1758,301
1759,301
1760,301
1761,301
1762,301
1763,301
1764,301
1765,301
1766,301
1767,301
1768,301
1769,301
1770,301
1771,301
1772,301
1773,301
1774,301
1775,301
1776,301
1777,301
1778,301
1779,301
1780,301
1781,301
1782,301
1783,301
1784,301
1785,301
1786,301
1787,301
1788,301
1789,301
1790,301
1791,301
1792,301
1793,301
1794,301
1795,301
1796,301
1797,301
1798,301
1799,301
1800,301
1801,301
1802,301
1803,301
1804,301
1805,301
1806,301
1807,301
1808,301
1809,301
1810,301
1811,301
1812,301
1813,301
1814,301
1815,301
1816,301
1817,301
1818,301
1819,301
1820,301
1821,301
1822,301
1823,301
1824,301
1825,301
1826,301
1827,301
1828,301
1829,301
1830,301
1831,301
1832,301
1833,301
1834,301
1835,301
1836,301
1837,301
1838,301
1839,301
1840,301
1841,301
1842,301
1843,301
1844,301
1845,301
1846,301
1847,301
1848,301
1849,301
1850,301
1851,301
1852,301
1853,301
1854,301
1855,301
1856,301
1857,301
1858,301
1859,301
1860,301
1861,301
1862,301
1863,301
1864,301
1865,301
1866,301
1867,301
1868,301
1869,301
1870,301
1871,301
1872,301
1873,301
1874,301
1875,301
1876,301
1877,301
1878,301
1879,301
1880,301
1881,301
1882,301
1883,301
1884,301
1885,301
1886,301
1887,301
1888,301
1889,301
1890,301
1891,301
1892,301
1893,301
1894,301
1895,301
1896,301
1897,301
1898,301
1899,301
1900,301
1901,301
1902,301
1903,301
1904,301
1905,301
1906,301
1907,301
1908,301
1909,301
1910,301
1911,301
1912,301
1913,301
1914,301
1915,301
1916,301
1917,301
1918,301
1919,301
1920,301
1921,301
1922,301
1923,301
1924,301
1925,301
1926,301
1927,301
1928,301
1929,301
1930,301
1931,301
1932,301
1933,301
1934,301
1935,301
1936,301
1937,301
1938,301
1939,301
1940,301
1941,301
1942,301
1943,301
1944,301
1945,301
1946,301
1947,301
1948,301
1949,301
1950,301
1951,301
1952,301
1953,301
1954,301
1955,301
1956,301
1957,301
1958,301
1959,301
1960,301
1961,301
1962,301
1963,301
1964,301
1965,301
1966,301
1967,301
1968,301
1969,301
1970,301
1971,301
1972,301
1973,301
1974,301
1975,301
1976,301
1977,301
1978,301
1979,301
1980,301
1981,301
1982,301
1983,301
1984,301
1985,301
1986,301
1987,301
1988,301
1989,301
1990,301
1991,301
1992,301
1993,301
1994,301
1995,301
1996,301
1997,301
1998,301
1999,301
2000,301
2001,301
2002,301
2003,301
2004,301
2005,301
2006,301
2007,301
2008,301
2009,301
2010,301
2011,301
2012,301
2013,301
2014,301
2015,301
2016,301
2017,301
2018,301
2019,301
2020,301
2021,301
2022,301
2023,301
2024,301
2025,301
2026,301
2027,301
2028,301
2029,301
2030,301
2031,301
2032,301
2033,301
2034,301
2035,301
2036,301
2037,301
2038,301
2039,301
2040,301
2041,301
2042,301
2043,301
2044,301
2045,301
2046,301
2047,301
2048,301
2049,301
2050,301
2051,301
2052,301
2053,301
2054,301
2055,301
2056,301
2057,301
2058,301
2059,301
2060,301
2061,301
2062,301
2063,301
2064,301
2065,301
2066,301
2067,301
2068,301
2069,301
2070,301
2071,301
2072,301
2073,301
2074,301
2075,301
2076,301
2077,301
2078,301
2079,301
2080,301
2081,301
2082,301
2083,301
2084,301
2085,301
2086,301
2087,301
2088,301
2089,301
2090,301
2091,301
2092,301
2093,301
2094,301
2095,301
2096,301
2097,301
2098,301
2099,301
2100,301
2101,301
2102,301
2103,301
2104,301
2105,301
2106,301
2107,301
2108,301
2109,301
2110,301
2111,301
2112,301
2113,301
2114,301
2115,301
2116,301
2117,301
2118,301
2119,301
2120,301
2121,301
2122,301
2123,301
2124,301
2125,301
2126,301
2127,301
2128,301
2129,301
2130,301
2131,301
2132,301
2133,301
2134,301
2135,301
2136,301
2137,301
2138,301
2139,301
2140,301
2141,301
2142,301
2143,301
2144,301
2145,301
2146,301
2147,301
2148,301
2149,301
2150,301
2151,301
2152,301
2153,301
2154,301
2155,301
2156,301
2157,301
2158,301
2159,301
2160,301
2161,301
2162,301
2163,301
2164,301
2165,301
2166,301
2167,301
2168,301
2169,301
2170,301
2171,301
2172,301
2173,301
2174,301
2175,301
2176,301
2177,301
2178,301
2179,301
2180,301
2181,301
2182,301
2183,301
2184,301
2185,301
2186,301
2187,301
2188,301
2189,301
2190,301
2191,301
2192,301
2193,301
2194,301
2195,301
2196,301
2197,301
2198,301
2199,301
2200,301
2201,301
2202,301
2203,301
2204,301
2205,301
2206,301
2207,301
2208,301
2209,301
2210,301
2211,301
2212,301
2213,301
2214,301
2215,301
2216,301
2217,301
2218,301
2219,301
2220,301
2221,301
2222,301
2223,301
2224,301
2225,301
2226,301
2227,301
2228,301
2229,301
2230,301
2231,301
2232,301
2233,301
2234,301
2235,301
2236,301
2237,301
2238,301
2239,301
2240,301
2241,301
2242,301
2243,301
2244,301
2245,301
2246,301
2247,301
2248,301
2249,301
2250,301
2251,301
2252,301
2253,301
2254,301
2255,301
2256,301
2257,301
2258,301
2259,301
2260,301
2261,301
2262,301
2263,301
2264,301
2265,301
2266,301
2267,301
2268,301
2269,301
2270,301
2271,301
2272,301
2273,301
2274,301
2275,301
2276,301
2277,301
2278,301
2279,301
2280,301
2281,301
2282,301
2283,301
2284,301
2285,301
2286,301
2287,301
2288,301
2289,301
2290,301
2291,301
2292,301
2293,301
2294,301
2295,301
2296,301
2297,301
2298,301
2299,301
2300,301
2301,301
2302,301
2303,301
2304,301
2305,301
2306,301
2307,301
2308,301
2309,301
2310,301
2311,301
2312,301
2313,301
2314,301
2315,301
2316,301
2317,301
2318,301
2319,301
2320,301
2321,301
2322,301
2323,301
2324,301
2325,301
2326,301
2327,301
2328,301
2329,301
2330,301
2331,301
2332,301
2333,301
2334,301
2335,301
2336,301
2337,301
2338,301
2339,301
2340,301
2341,301
2342,301
2343,301
2344,301
2345,301
2346,301
2347,301
2348,301
2349,301
2350,301
2351,301
2352,301
2353,301
2354,301
2355,301
2356,301
2357,301
2358,301
2359,301
2360,301
2361,301
2362,301
2363,301
2364,301
2365,301
2366,301
2367,301
2368,301
2369,301
2370,301
2371,301
2372,301
2373,301
2374,301
2375,301
2376,301
2377,301
2378,301
2379,301
2380,301
2381,301
2382,301
2383,301
2384,301
2385,301
2386,301
2387,301
2388,301
2389,301
2390,301
2391,301
2392,301
2393,301
2394,301
2395,301
2396,301
2397,301
2398,301
2399,301
2400,301
2401,301
2402,301
2403,301
2404,301
2405,301
2406,301
2407,301
2408,301
2409,301
2410,301
2411,301
2412,301
2413,301
2414,301
2415,301
2416,301
2417,301
2418,301
2419,301
2420,301
2421,301
2422,301
2423,301
2424,301
2425,301
2426,301
2427,301
2428,301
2429,301
2430,301
2431,301
2432,301
2433,301
2434,301
2435,301
2436,301
2437,301
2438,301
2439,301
2440,301
2441,301
2442,301
2443,301
2444,301
2445,301
2446,301
2447,301
2448,301
2449,301
2450,301
2451,301
2452,301
2453,301
2454,301
2455,301
2456,301
2457,301
2458,301
2459,301
2460,301
2461,301
2462,301
2463,301
2464,301
2465,301
2466,301
2467,301
2468,301
2469,301
2470,301
2471,301
2472,301
2473,301
2474,301
2475,301
2476,301
2477,301
2478,301
2479,301
2480,301
2481,301
2482,301
2483,301
2484,301
2485,301
2486,301
2487,301
2488,301
2489,301
2490,301
2491,301
2492,301
2493,301
2494,301
2495,301
2496,301
2497,301
2498,301
2499,301
2500,301
2501,301
2502,301
2503,301
2504,301
2505,301
2506,301
2507,301
2508,301
2509,301
2510,301
2511,301
2512,301
2513,301
2514,301
2515,301
2516,301
2517,301
2518,301
2519,301
2520,301
2521,301
2522,301
2523,301
2524,301
2525,301
2526,301
2527,301
2528,301
2529,301
2530,301
2531,301
2532,301
2533,301
2534,301
2535,301
2536,301
2537,301
2538,301
2539,301
2540,301
2541,301
2542,301
2543,301
2544,301
2545,301
2546,301
2547,301
2548,301
2549,301
2550,301
2551,301
2552,301
2553,301
2554,301
2555,301
2556,301
2557,301
2558,301
2559,301
2560,301
2561,301
2562,301
2563,301
2564,301
2565,301
2566,301
2567,301
2568,301
2569,301
2570,301
2571,301
2572,301
2573,301
2574,301
2575,301
2576,301
2577,301
2578,301
2579,301
2580,301
2581,301
2582,301
2583,301
2584,301
2585,301
2586,301
2587,301
2588,301
2589,301
2590,301
2591,301
2592,301
2593,301
2594,301
2595,301
2596,301
2597,301
2598,301
2599,301
2600,301
2601,301
2602,301
2603,301
2604,301
2605,301
2606,301
2607,301
2608,301
2609,301
2610,301
2611,301
2612,301
2613,301
2614,301
2615,301
2616,301
2617,301
2618,301
2619,301
2620,301
2621,301
2622,301
2623,301
2624,301
2625,301
2626,301
2627,301
2628,301
2629,301
2630,301
2631,301
2632,301
2633,301
2634,301
2635,301
2636,301
2637,301
2638,301
2639,301
2640,301
2641,301
2642,301
2643,301
2644,301
2645,301
2646,301
2647,301
2648,301
2649,301
2650,301
2651,301
2652,301
2653,301
2654,301
2655,301
2656,301
2657,301
2658,301
2659,301
2660,301
2661,301
2662,301
2663,301
2664,301
2665,301
2666,301
2667,301
2668,301
2669,301
2670,301
2671,301
2672,301
2673,301
2674,301
2675,301
2676,301
2677,301
2678,301
2679,301
2680,301
2681,301
2682,301
2683,301
2684,301
2685,301
2686,301
2687,301
2688,301
2689,301
2690,301
2691,301
2692,301
2693,301
2694,301
2695,301
2696,301
2697,301
2698,301
2699,301
2700,301
2701,301
2702,301
2703,301
2704,301
2705,301
2706,301
2707,301
2708,301
2709,301
2710,301
2711,301
2712,301
2713,301
2714,301
2715,301
2716,301
2717,301
2718,301
2719,301
2720,301
2721,301
2722,301
2723,301
2724,301
2725,301
2726,301
2727,301
2728,301
2729,301
2730,301
2731,301
2732,301
2733,301
2734,301
2735,301
2736,301
2737,301
2738,301
2739,301
2740,301
2741,301
2742,301
2743,301
2744,301
2745,301
2746,301
2747,301
2748,301
2749,301
2750,301
2751,301
2752,301
2753,301
2754,301
2755,301
2756,301
2757,301
2758,301
2759,301
2760,301
2761,301
2762,301
2763,301
2764,301
2765,301
2766,301
2767,301
2768,301
2769,301
2770,301
2771,301
2772,301
2773,301
2774,301
2775,301
2776,301
2777,301
2778,301
2779,301
2780,301
2781,301
2782,301
2783,301
2784,301
2785,301
2786,301
2787,301
2788,301
2789,301
2790,301
2791,301
2792,301
2793,301
2794,301
2795,301
2796,301
2797,301
2798,301
2799,301
2800,301
2801,301
2802,301
2803,301
2804,301
2805,301
2806,301
2807,301
2808,301
2809,301
2810,301
2811,301
2812,301
2813,301
2814,301
2815,301
2816,301
2817,301
2818,301
2819,301
2820,301
2821,301
2822,301
2823,301
2824,301
2825,301
2826,301
2827,301
2828,301
2829,301
2830,301
2831,301
2832,301
2833,301
2834,301
2835,301
2836,301
2837,301
2838,301
2839,301
2840,301
2841,301
2842,301
2843,301
2844,301
2845,301
2846,301
2847,301
2848,301
2849,301
2850,301
2851,301
2852,301
2853,301
2854,301
2855,301
2856,301
2857,301
2858,301
2859,301
2860,301
2861,301
2862,301
2863,301
2864,301
2865,301
2866,301
2867,301
2868,301
2869,301
2870,301
2871,301
2872,301
2873,301
2874,301
2875,301
2876,301
2877,301
2878,301
2879,301
2880,301
2881,301
2882,301
2883,301
2884,301
2885,301
2886,301
2887,301
2888,301
2889,301
2890,301
2891,301
2892,301
2893,301
2894,301
2895,301
2896,301
2897,301
2898,301
2899,301
2900,301
2901,301
2902,301
2903,301
2904,301
2905,301
2906,301
2907,301
2908,301
2909,301
2910,301
2911,301
2912,301
2913,301
2914,301
2915,301
2916,301
2917,301
2918,301
2919,301
2920,301
2921,301
2922,301
2923,301
2924,301
2925,301
2926,301
2927,301
2928,301
2929,301
2930,301
2931,301
2932,301
2933,301
2934,301
2935,301
2936,301
2937,301
2938,301
2939,301
2940,301
2941,301
2942,301
2943,301
2944,301
2945,301
2946,301
2947,301
2948,301
2949,301
2950,301
2951,301
2952,301
2953,301
2954,301
2955,301
2956,301
2957,301
2958,301
2959,301
2960,301
2961,301
2962,301
2963,301
2964,301
2965,301
2966,301
2967,301
2968,301
2969,301
2970,301
2971,301
2972,301
2973,301
2974,301
2975,301
2976,301
2977,301
2978,301
2979,301
2980,301
2981,301
2982,301
2983,301
2984,301
2985,301
2986,301
2987,301
2988,301
2989,301
2990,301
2991,301
2992,301
2993,301
2994,301
2995,301
2996,301
2997,301
2998,301
2999,301
3000,301
3001,301
3002,301
3003,301
3004,301
3005,301
3006,301
3007,301
3008,301
3009,301
3010,301
3011,301
3012,301
3013,301
3014,301
3015,301
3016,301
3017,301
3018,301
3019,301
3020,301
3021,301
3022,301
3023,301
3024,301
3025,301
3026,301
3027,301
3028,301
3029,301
3030,301
3031,301
3032,301
3033,301
3034,301
3035,301
3036,301
3037,301
3038,301
3039,301
3040,301
3041,301
3042,301
3043,301
3044,301
3045,301
3046,301
3047,301
3048,301
3049,301
3050,301
3051,301
3052,301
3053,301
3054,301
3055,301
3056,301
3057,301
3058,301
3059,301
3060,301
3061,301
3062,301
3063,301
3064,301
3065,301
3066,301
3067,301
3068,301
3069,301
3070,301
3071,301
3072,301
3073,301
3074,301
3075,301
3076,301
3077,301
3078,301
3079,301
3080,301
3081,301
3082,301
3083,301
3084,301
3085,301
3086,301
3087,301
3088,301
3089,301
3090,301
3091,301
3092,301
3093,301
3094,301
3095,301
3096,301
3097,301
3098,301
3099,301
3100,301
3101,301
3102,301
3103,301
3104,301
3105,301
3106,301
3107,301
3108,301
3109,301
3110,301
3111,301
3112,301
3113,301
3114,301
3115,301
3116,301
3117,301
3118,301
3119,301
3120,301
3121,301
3122,301
3123,301
3124,301
3125,301
3126,301
3127,301
3128,301
3129,301
3130,301
3131,301
3132,301
3133,301
3134,301
3135,301
3136,301
3137,301
3138,301
3139,301
3140,301
3141,301
3142,301
3143,301
3144,301
3145,301
3146,301
3147,301
3148,301
3149,301
3150,301
3151,301
3152,301
3153,301
3154,301
3155,301
3156,301
3157,301
3158,301
3159,301
3160,301
3161,301
3162,301
3163,301
3164,301
3165,301
3166,301
3167,301
3168,301
3169,301
3170,301
3171,301
3172,301
3173,301
3174,301
3175,301
3176,301
3177,301
3178,301
3179,301
3180,301
3181,301
3182,301
3183,301
3184,301
3185,301
3186,301
3187,301
3188,301
3189,301
3190,301
3191,301
3192,301
3193,301
3194,301
3195,301
3196,301
3197,301
3198,301
3199,301
3200,301
3201,301
3202,301
3203,301
3204,301
3205,301
3206,301
3207,301
3208,301
3209,301
3210,301
3211,301
3212,301
3213,301
3214,301
3215,301
3216,301
3217,301
3218,301
3219,301
3220,301
3221,301
3222,301
3223,301
3224,301
3225,301
3226,301
3227,301
3228,301
3229,301
3230,301
3231,301
3232,301
3233,301
3234,301
3235,301
3236,301
3237,301
3238,301
3239,301
3240,301
3241,301
3242,301
3243,301
3244,301
3245,301
3246,301
3247,301
3248,301
3249,301
3250,301
3251,301
3252,301
3253,301
3254,301
3255,301
3256,301
3257,301
3258,301
3259,301
3260,301
3261,301
3262,301
3263,301
3264,301
3265,301
3266,301
3267,301
3268,301
3269,301
3270,301
3271,301
3272,301
3273,301
3274,301
3275,301
3276,301
3277,301
3278,301
3279,301
3280,301
3281,301
3282,301
3283,301
3284,301
3285,301
3286,301
3287,301
3288,301
3289,301
3290,301
3291,301
3292,301
3293,301
3294,301
3295,301
3296,301
3297,301
3298,301
3299,301
3300,301
3301,301
3302,301
3303,301
3304,301
3305,301
3306,301
3307,301
3308,301
3309,301
3310,301
3311,301
3312,301
3313,301
3314,301
3315,301
3316,301
3317,301
3318,301
3319,301
3320,301
3321,301
3322,301
3323,301
3324,301
3325,301
3326,301
3327,301
3328,301
3329,301
3330,301
3331,301
3332,301
3333,301
3334,301
3335,301
3336,301
3337,301
3338,301
3339,301
3340,301
3341,301
3342,301
3343,301
3344,301
3345,301
3346,301
3347,301
3348,301
3349,301
3350,301
3351,301
3352,301
3353,301
3354,301
3355,301
3356,301
3357,301
3358,301
3359,301
3360,301
3361,301
3362,301
3363,301
3364,301
3365,301
3366,301
3367,301
3368,301
3369,301
3370,301
3371,301
3372,301
3373,301
3374,301
3375,301
3376,301
3377,301
3378,301
3379,301
3380,301
3381,301
3382,301
3383,301
3384,301
3385,301
3386,301
3387,301
3388,301
3389,301
3390,301
3391,301
3392,301
3393,301
3394,301
3395,301
3396,301
3397,301
3398,301
3399,301
3400,301
3401,301
3402,301
3403,301
3404,301
3405,301
3406,301
3407,301
3408,301
3409,301
3410,301
3411,301
3412,301
3413,301
3414,301
3415,301
3416,301
3417,301
3418,301
3419,301
3420,301
3421,301
3422,301
3423,301
3424,301
3425,301
3426,301
3427,301
3428,301
3429,301
3430,301
3431,301
3432,301
3433,301
3434,301
3435,301
3436,301
3437,301
3438,301
3439,301
3440,301
3441,301
3442,301
3443,301
3444,301
3445,301
3446,301
3447,301
3448,301
3449,301
3450,301
3451,301
3452,301
3453,301
3454,301
3455,301
3456,301
3457,301
3458,301
3459,301
3460,301
3461,301
3462,301
3463,301
3464,301
3465,301
3466,301
3467,301
3468,301
3469,301
3470,301
3471,301
3472,301
3473,301
3474,301
3475,301
3476,301
3477,301
3478,301
3479,301
3480,301
3481,301
3482,301
3483,301
3484,301
3485,301
3486,301
3487,301
3488,301
3489,301
3490,301
3491,301
3492,301
3493,301
3494,301
3495,301
3496,301
3497,301
3498,301
3499,301
3500,301
3501,301
3502,301
3503,301
3504,301
3505,301
3506,301
3507,301
3508,301
3509,301
3510,301
3511,301
3512,301
3513,301
3514,301
3515,301
3516,301
3517,301
3518,301
3519,301
3520,301
3521,301
3522,301
3523,301
3524,301
3525,301
3526,301
3527,301
3528,301
3529,301
3530,301
3531,301
3532,301
3533,301
3534,301
3535,301
3536,301
3537,301
3538,301
3539,301
3540,301
3541,301
3542,301
3543,301
3544,301
3545,301
3546,301
3547,301
3548,301
3549,301
3550,301
3551,301
3552,301
3553,301
3554,301
3555,301
3556,301
3557,301
3558,301
3559,301
3560,301
3561,301
3562,301
3563,301
3564,301
3565,301
3566,301
3567,301
3568,301
3569,301
3570,301
3571,301
3572,301
3573,301
3574,301
3575,301
3576,301
3577,301
3578,301
3579,301
3580,301
3581,301
3582,301
3583,301
3584,301
3585,301
3586,301
3587,301
3588,301
3589,301
3590,301
3591,301
3592,301
3593,301
3594,301
3595,301
3596,301
3597,301
3598,301
3599,301
3600,301
3601,301
3602,301
3603,301
3604,301
3605,301
3606,301
3607,301
3608,301
3609,301
3610,301
3611,301
3612,301
3613,301
3614,301
3615,301
3616,301
3617,301
3618,301
3619,301
3620,301
3621,301
3622,301
3623,301
3624,301
3625,301
3626,301
3627,301
3628,301
3629,301
3630,301
3631,301
3632,301
3633,301
3634,301
3635,301
3636,301
3637,301
3638,301
3639,301
3640,301
3641,301
3642,301
3643,301
3644,301
3645,301
3646,301
3647,301
3648,301
3649,301
3650,301
3651,301
3652,301
3653,301
3654,301
3655,301
3656,301
3657,301
3658,301
3659,301
3660,301
3661,301
3662,301
3663,301
3664,301
3665,301
3666,301
3667,301
3668,301
3669,301
3670,301
3671,301
3672,301
3673,301
3674,301
3675,301
3676,301
3677,301
3678,301
3679,301
3680,301
3681,301
3682,301
3683,301
3684,301
3685,301
3686,301
3687,301
3688,301
3689,301
3690,301
3691,301
3692,301
3693,301
3694,301
3695,301
3696,301
3697,301
3698,301
3699,301
3700,301
3701,301
3702,301
3703,301
3704,301
3705,301
3706,301
3707,301
3708,301
3709,301
3710,301
3711,301
3712,301
3713,301
3714,301
3715,301
3716,301
3717,301
3718,301
3719,301
3720,301
3721,301
3722,301
3723,301
3724,301
3725,301
3726,301
3727,301
3728,301
3729,301
3730,301
3731,301
3732,301
3733,301
3734,301
3735,301
3736,301
3737,301
3738,301
3739,301
3740,301
3741,301
3742,301
3743,301
3744,301
3745,301
3746,301
3747,301
3748,301
3749,301
3750,301
3751,301
3752,301
3753,301
3754,301
3755,301
3756,301
3757,301
3758,301
3759,301
3760,301
3761,301
3762,301
3763,301
3764,301
3765,301
3766,301
3767,301
3768,301
3769,301
3770,301
3771,301
3772,301
3773,301
3774,301
3775,301
3776,301
3777,301
3778,301
3779,301
3780,301
3781,301
3782,301
3783,301
3784,301
3785,301
3786,301
3787,301
3788,301
3789,301
3790,301
3791,301
3792,301
3793,301
3794,301
3795,301
3796,301
3797,301
3798,301
3799,301
3800,301
3801,301
3802,301
3803,301
3804,301
3805,301
3806,301
3807,301
3808,301
3809,301
3810,301
3811,301
3812,301
3813,301
3814,301
3815,301
3816,301
3817,301
3818,301
3819,301
3820,301
3821,301
3822,301
3823,301
3824,301
3825,301
3826,301
3827,301
3828,301
3829,301
3830,301
3831,301
3832,301
3833,301
3834,301
3835,301
3836,301
3837,301
3838,301
3839,301
3840,301
3841,301
3842,301
3843,301
3844,301
3845,301
3846,301
3847,301
3848,301
3849,301
3850,301
3851,301
3852,301
3853,301
3854,301
3855,301
3856,301
3857,301
3858,301
3859,301
3860,301
3861,301
3862,301
3863,301
3864,301
3865,301
3866,301
3867,301
3868,301
3869,301
3870,301
3871,301
3872,301
3873,301
3874,301
3875,301
3876,301
3877,301
3878,301
3879,301
3880,301
3881,301
3882,301
3883,301
3884,301
3885,301
3886,301
3887,301
3888,301
3889,301
3890,301
3891,301
3892,301
3893,301
3894,301
3895,301
3896,301
3897,301
3898,301
3899,301
3900,301
3901,301
3902,301
3903,301
3904,301
3905,301
3906,301
3907,301
3908,301
3909,301
3910,301
3911,301
3912,301
3913,301
3914,301
3915,301
3916,301
3917,301
3918,301
3919,301
3920,301
3921,301
3922,301
3923,301
3924,301
3925,301
3926,301
3927,301
3928,301
3929,301
3930,301
3931,301
3932,301
3933,301
3934,301
3935,301
3936,301
3937,301
3938,301
3939,301
3940,301
3941,301
3942,301
3943,301
3944,301
3945,301
3946,301
3947,301
3948,301
3949,301
3950,301
3951,301
3952,301
3953,301
3954,301
3955,301
3956,301
3957,301
3958,301
3959,301
3960,301
3961,301
3962,301
3963,301
3964,301
3965,301
3966,301
3967,301
3968,301
3969,301
3970,301
3971,301
3972,301
3973,301
3974,301
3975,301
3976,301
3977,301
3978,301
3979,301
3980,301
3981,301
3982,301
3983,301
3984,301
3985,301
3986,301
3987,301
3988,301
3989,301
3990,301
3991,301
3992,301
3993,301
3994,301
3995,301
3996,301
3997,301
3998,301
3999,301
4000,301
4001,301
4002,301
4003,301
4004,301
4005,301
4006,301
4007,301
4008,301
4009,301
4010,301
4011,301
4012,301
4013,301
4014,301
4015,301
4016,301
4017,301
4018,301
4019,301
4020,301
4021,301
4022,301
4023,301
4024,301
4025,301
4026,301
4027,301
4028,301
4029,301
4030,301
4031,301
4032,301
4033,301
4034,301
4035,301
4036,301
4037,301
4038,301
4039,301
4040,301
4041,301
4042,301
4043,301
4044,301
4045,301
4046,301
4047,301
4048,301
4049,301
4050,301
4051,301
4052,301
4053,301
4054,301
4055,301
4056,301
4057,301
4058,301
4059,301
4060,301
4061,301
4062,301
4063,301
4064,301
4065,301
4066,301
4067,301
4068,301
4069,301
4070,301
4071,301
4072,301
4073,301
4074,301
4075,301
4076,301
4077,301
4078,301
4079,301
4080,301
4081,301
4082,301
4083,301
4084,301
4085,301
4086,301
4087,301
4088,301
4089,301
4090,301
4091,301
4092,301
4093,301
4094,301
4095,301
4096,301
4097,301
4098,301
4099,301
4100,301
4101,301
4102,301
4103,301
4104,301
4105,301
4106,301
4107,301
4108,301
4109,301
4110,301
4111,301
4112,301
4113,301
4114,301
4115,301
4116,301
4117,301
4118,301
4119,301
4120,301
4121,301
4122,301
4123,301
4124,301
4125,301
4126,301
4127,301
4128,301
4129,301
4130,301
4131,301
4132,301
4133,301
4134,301
4135,301
4136,301
4137,301
4138,301
4139,301
4140,301
4141,301
4142,301
4143,301
4144,301
4145,301
4146,301
4147,301
4148,301
4149,301
4150,301
4151,301
4152,301
4153,301
4154,301
4155,301
4156,301
4157,301
4158,301
4159,301
4160,301
4161,301
4162,301
4163,301
4164,301
4165,301
4166,301
4167,301
4168,301
4169,301
4170,301
4171,301
4172,301
4173,301
4174,301
4175,301
4176,301
4177,301
4178,301
4179,301
4180,301
4181,301
4182,301
4183,301
4184,301
4185,301
4186,301
4187,301
4188,301
4189,301
4190,301
4191,301
4192,301
4193,301
4194,301
4195,301
4196,301
4197,301
4198,301
4199,301
4200,301
4201,301
4202,301
4203,301
4204,301
4205,301
4206,301
4207,301
4208,301
4209,301
4210,301
4211,301
4212,301
4213,301
4214,301
4215,301
4216,301
4217,301
4218,301
4219,301
4220,301
4221,301
4222,301
4223,301
4224,301
4225,301
4226,301
4227,301
4228,301
4229,301
4230,301
4231,301
4232,301
4233,301
4234,301
4235,301
4236,301
4237,301
4238,301
4239,301
4240,301
4241,301
4242,301
4243,301
4244,301
4245,301
4246,301
4247,301
4248,301
4249,301
4250,301
4251,301
4252,301
4253,301
4254,301
4255,301
4256,301
4257,301
4258,301
4259,301
4260,301
4261,301
4262,301
4263,301
4264,301
4265,301
4266,301
4267,301
4268,301
4269,301
4270,301
4271,301
4272,301
4273,301
4274,301
4275,301
4276,301
4277,301
4278,301
4279,301
4280,301
4281,301
4282,301
4283,301
4284,301
4285,301
4286,301
4287,301
4288,301
4289,301
4290,301
4291,301
4292,301
4293,301
4294,301
4295,301
4296,301
4297,301
4298,301
4299,301
4300,301
4301,301
4302,301
4303,301
4304,301
4305,301
4306,301
4307,301
4308,301
4309,301
4310,301
4311,301
4312,301
4313,301
4314,301
4315,301
4316,301
4317,301
4318,301
4319,301
4320,301
4321,301
4322,301
4323,301
4324,301
4325,301
4326,301
4327,301
4328,301
4329,301
4330,301
4331,301
4332,301
4333,301
4334,301
4335,301
4336,301
4337,301
4338,301
4339,301
4340,301
4341,301
4342,301
4343,301
4344,301
4345,301
4346,301
4347,301
4348,301
4349,301
4350,301
4351,301
4352,301
4353,301
4354,301
4355,301
4356,301
4357,301
4358,301
4359,301
4360,301
4361,301
4362,301
4363,301
4364,301
4365,301
4366,301
4367,301
4368,301
4369,301
4370,301
4371,301
4372,301
4373,301
4374,301
4375,301
4376,301
4377,301
4378,301
4379,301
4380,301
4381,301
4382,301
4383,301
4384,301
4385,301
4386,301
4387,301
4388,301
4389,301
4390,301
4391,301
4392,301
4393,301
4394,301
4395,301
4396,301
4397,301
4398,301
4399,301
4400,301
4401,301
4402,301
4403,301
4404,301
4405,301
4406,301
4407,301
4408,301
4409,301
4410,301
4411,301
4412,301
4413,301
4414,301
4415,301
4416,301
4417,301
4418,301
4419,301
4420,301
4421,301
4422,301
4423,301
4424,301
4425,301
4426,301
4427,301
4428,301
4429,301
4430,301
4431,301
4432,301
4433,300
4434,300
4435,300
4436,300
4437,300
4438,299
4439,298
4440,298
4441,298
4442,298
4443,298
4444,298
4445,297
4446,297
4447,297
4448,297
4449,297
4450,296
4451,296
4452,294
4453,293
4454,293
4455,293
4456,293
4457,293
4458,293
4459,293
4460,293
4461,292
4462,290
4463,289
4464,288
4465,287
4466,287
4467,287
4468,287
4469,287
4470,287
4471,287
4472,287
4473,286
4474,286
4475,285
4476,284
4477,283
4478,281
4479,281
4480,281
4481,281
4482,280
4483,279
4484,279
4485,279
4486,277
4487,277
4488,276
4489,275
4490,274
4491,273
4492,273
4493,272
4494,272
4495,271
4496,271
4497,270
4498,270
4499,269
4500,269
4501,268
4502,267
4503,267
4504,266
4505,266
4506,266
4507,265
4508,262
4509,262
4510,260
4511,260
4512,260
4513,260
4514,259
4515,257
4516,256
4517,254
4518,253
4519,253
4520,250
4521,250
4522,249
4523,247
4524,243
4525,242
4526,237
4527,236
4528,234
4529,233
4530,231
4531,228
4532,224
4533,224
4534,222
4535,218
4536,217
4537,217
4538,217
4539,217
4540,215
4541,214
4542,212
4543,211
4544,209
4545,207
4546,206
4547,204
4548,204
4549,203
4550,203
4551,200
4552,198
4553,198
4554,197
4555,197
4556,194
4557,194
4558,194
4559,192
4560,192
4561,192
4562,190
4563,188
4564,188
4565,187
4566,183
4567,181
4568,180
4569,178
4570,177
4571,173
4572,172
4573,172
4574,170
4575,170
4576,170
4577,164
4578,159
4579,157
4580,153
4581,151
4582,148
4583,147
4584,145
4585,145
4586,141
4587,136
4588,131
4589,127
4590,124
4591,115
4592,107
4593,98
4594,89
4595,77
4596,65
4597,55
4598,55
4599,55
4600,55
4601,55
4602,55
4603,55
4604,55
4605,55
4606,55
4607,55
4608,55
4609,55
4610,55
4611,55
4612,55
4613,55
4614,55
4615,55
4616,55
4617,55
4618,55
4619,55
4620,55
4621,55
4622,55
4623,55
4624,55
4625,55
4626,55
4627,55
4628,55
4629,55
4630,55
4631,55
4632,55
4633,55
4634,55
4635,55
4636,55
4637,55
4638,55
4639,55
4640,55
4641,55
4642,55
4643,55
4644,55
4645,55
4646,55
4647,55
4648,55
4649,55
4650,55
4651,55
4652,55
4653,55
4654,55
4655,55
4656,55
4657,55
4658,55
4659,55
4660,55
4661,55
4662,55
4663,55
4664,55
4665,55
4666,55
4667,55
4668,55
4669,55
4670,55
4671,55
4672,55
4673,55
4674,55
4675,55
4676,55
4677,55
4678,55
4679,55
4680,55
4681,55
4682,55
4683,55
4684,55
4685,55
4686,55
4687,55
4688,55
4689,55
4690,55
4691,55
4692,55
4693,55
4694,55
4695,55
4696,55
4697,55
4698,55
4699,55
4700,55
4701,55
4702,55
4703,55
4704,55
4705,55
4706,55
4707,55
4708,55
4709,55
4710,55
4711,55
4712,55
4713,55
4714,55
4715,55
4716,55
4717,55
4718,55
4719,55
4720,55
4721,55
4722,55
4723,55
4724,55
4725,55
4726,55
4727,55
4728,55
4729,55
4730,55
4731,55
4732,55
4733,55
4734,55
4735,55
4736,55
4737,55
4738,55
4739,55
4740,55
4741,55
4742,55
4743,55
4744,55
4745,55
4746,55
4747,55
4748,55
4749,55
4750,55
4751,55
4752,55
4753,55
4754,55
4755,55
4756,55
4757,55
4758,55
4759,55
4760,55
4761,55
4762,55
4763,55
4764,55
4765,55
4766,55
4767,55
4768,55
4769,55
4770,55
4771,55
4772,55
4773,55
4774,55
4775,55
4776,55
4777,55
4778,55
4779,55
4780,55
4781,55
4782,55
4783,55
4784,55
4785,55
4786,55
4787,55
4788,55
4789,55
4790,55
4791,55
4792,55
4793,55
4794,55
4795,55
4796,55
4797,55
4798,55
4799,55
4800,55
4801,55
4802,55
4803,55
4804,55
4805,55
4806,55
4807,55
4808,55
4809,55
4810,55
4811,55
4812,55
4813,55
4814,55
4815,55
4816,55
4817,55
4818,55
4819,55
4820,55
4821,55
4822,55
4823,55
4824,55
4825,55
4826,55
4827,55
4828,55
4829,55
4830,55
4831,55
4832,55
4833,55
4834,55
4835,55
4836,55
4837,55
4838,55
4839,55
4840,55
4841,55
4842,55
4843,55
4844,55
4845,55
4846,55
4847,55
4848,55
4849,55
4850,55
4851,55
4852,55
4853,55
4854,55
4855,55
4856,55
4857,55
4858,55
4859,55
4860,55
4861,55
4862,55
4863,55
4864,55
4865,55
4866,55
4867,55
4868,55
4869,55
4870,55
4871,55
4872,55
4873,55
4874,55
4875,55
4876,55
4877,55
4878,55
4879,55
4880,55
4881,55
4882,55
4883,55
4884,55
4885,55
4886,55
4887,55
4888,55
4889,55
4890,55
4891,55
4892,55
4893,55
4894,55
4895,55
4896,55
4897,55
4898,55
4899,55
4900,55
4901,55
4902,55
4903,55
4904,55
4905,55
4906,55
4907,55
4908,55
4909,55
4910,55
4911,55
4912,55
4913,55
4914,55
4915,55
4916,55
4917,55
4918,55
4919,55
4920,55
4921,55
4922,55
4923,55
4924,55
4925,55
4926,55
4927,55
4928,55
4929,55
4930,55
4931,55
4932,55
4933,55
4934,55
4935,55
4936,55
4937,55
4938,55
4939,55
4940,55
4941,55
4942,55
4943,55
4944,55
4945,55
4946,55
4947,55
4948,55
4949,55
4950,55
4951,55
4952,55
4953,55
4954,55
4955,55
4956,55
4957,55
4958,55
4959,55
4960,55
4961,55
4962,55
4963,55
4964,55
4965,55
4966,55
4967,55
4968,55
4969,55
4970,55
4971,55
4972,55
4973,55
4974,55
4975,55
4976,55
4977,55
4978,55
4979,55
4980,55
4981,55
4982,55
4983,55
4984,55
4985,55
4986,55
4987,55
4988,55
4989,55
4990,55
4991,55
4992,55
4993,55
4994,55
4995,55
4996,55
4997,55
4998,55
4999,55
5000,55
5001,55
5002,55
5003,55
5004,55
5005,55
5006,55
5007,55
5008,55
5009,55
5010,55
5011,55
5012,55
5013,55
5014,55
5015,55
5016,55
5017,55
5018,55
5019,55
5020,55
5021,55
5022,55
5023,55
5024,55
5025,55
5026,55
5027,55
5028,55
5029,55
5030,55
5031,55
5032,55
5033,55
5034,55
5035,55
5036,55
5037,55
5038,55
5039,55
5040,55
5041,55
5042,55
5043,55
5044,55
5045,55
5046,55
5047,55
5048,55
5049,55
5050,55
5051,55
5052,55
5053,55
5054,55
5055,55
5056,55
5057,55
5058,55
5059,55
5060,55
5061,55
5062,55
5063,55
5064,55
5065,55
5066,55
5067,55
5068,55
5069,55
5070,55
5071,55
5072,55
5073,55
5074,55
5075,55
5076,55
5077,55
5078,55
5079,55
5080,55
5081,55
5082,55
5083,55
5084,55
5085,55
5086,55
5087,55
5088,55
5089,55
5090,55
5091,55
5092,55
5093,55
5094,55
5095,55
5096,55
5097,55
5098,55
5099,55
5100,55
5101,55
5102,55
5103,55
5104,55
5105,55
5106,55
5107,55
5108,55
5109,55
5110,55
5111,55
5112,55
5113,55
5114,55
5115,55
5116,55
5117,55
5118,55
5119,55
5120,55
5121,55
5122,55
5123,55
5124,55
5125,55
5126,55
5127,55
5128,55
5129,55
5130,55
5131,55
5132,55
5133,55
5134,55
5135,55
5136,55
5137,55
5138,55
5139,55
5140,55
5141,55
5142,55
5143,55
5144,55
5145,55
5146,55
5147,55
5148,55
5149,55
5150,55
5151,55
5152,55
5153,55
5154,55
5155,55
5156,55
5157,55
5158,55
5159,55
5160,55
5161,55
5162,55
5163,55
5164,55
5165,55
5166,55
5167,55
5168,55
5169,55
5170,55
5171,55
5172,55
5173,55
5174,55
5175,55
5176,55
5177,55
5178,55
5179,55
5180,55
5181,55
5182,55
5183,55
5184,55
5185,55
5186,55
5187,55
5188,55
5189,55
5190,55
5191,55
5192,55
5193,55
5194,55
5195,55
5196,55
5197,55
5198,55
5199,55
5200,55
5201,55
5202,55
5203,55
5204,55
5205,55
5206,55
5207,55
5208,55
5209,55
5210,55
5211,55
5212,55
5213,55
5214,55
5215,55
5216,55
5217,55
5218,55
5219,55
5220,55
5221,55
5222,55
5223,55
5224,55
5225,55
5226,55
5227,55
5228,55
5229,55
5230,55
5231,55
5232,55
5233,55
5234,55
5235,55
5236,55
5237,55
5238,55
5239,55
5240,55
5241,55
5242,55
5243,55
5244,55
5245,55
5246,55
5247,55
5248,55
5249,55
5250,55
5251,55
5252,55
5253,55
5254,55
5255,55
5256,55
5257,55
5258,55
5259,55
5260,55
5261,55
5262,55
5263,55
5264,55
5265,55
5266,55
5267,55
5268,55
5269,55
5270,55
5271,55
5272,55
5273,55
5274,55
5275,55
5276,55
5277,55
5278,55
5279,55
5280,55
5281,55
5282,55
5283,55
5284,55
5285,55
5286,55
5287,55
5288,55
5289,55
5290,55
5291,55
5292,55
5293,55
5294,55
5295,55
5296,55
5297,55
5298,55
5299,55
5300,55
5301,55
5302,55
5303,55
5304,55
5305,55
5306,55
5307,55
5308,55
5309,55
5310,55
5311,55
5312,55
5313,55
5314,55
5315,55
5316,55
5317,55
5318,55
5319,55
5320,55
5321,55
5322,55
5323,55
5324,55
5325,55
5326,55
5327,55
5328,55
5329,55
5330,55
5331,55
5332,55
5333,55
5334,55
5335,55
5336,55
5337,55
5338,55
5339,55
5340,55
5341,55
5342,55
5343,55
5344,55
5345,55
5346,55
5347,55
5348,55
5349,55
5350,55
5351,55
5352,55
5353,55
5354,55
5355,55
5356,55
5357,55
5358,55
5359,55
5360,55
5361,55
5362,55
5363,55
5364,55
5365,55
5366,55
5367,55
5368,55
5369,55
5370,55
5371,55
5372,55
5373,55
5374,55
5375,55
5376,55
5377,55
5378,55
5379,55
5380,55
5381,55
5382,55
5383,55
5384,55
5385,55
5386,55
5387,55
5388,55
5389,55
5390,55
5391,55
5392,55
5393,55
5394,55
5395,55
5396,55
5397,55
5398,55
5399,55
5400,55
5401,55
5402,55
5403,55
5404,55
5405,55
5406,55
5407,55
5408,55
5409,55
5410,55
5411,55
5412,55
5413,55
5414,55
5415,55
5416,55
5417,55
5418,55
5419,55
5420,55
5421,55
5422,55
5423,55
5424,55
5425,55
5426,55
5427,55
5428,55
5429,55
5430,55
5431,55
5432,55
5433,55
5434,55
5435,55
5436,55
5437,55
5438,55
5439,55
5440,55
5441,55
5442,55
5443,55
5444,55
5445,55
5446,55
5447,55
5448,55
5449,55
5450,55
5451,55
5452,55
5453,55
5454,55
5455,55
5456,55
5457,55
5458,55
5459,55
5460,55
5461,55
5462,55
5463,55
5464,55
5465,55
5466,55
5467,55
5468,55
5469,55
5470,55
5471,55
5472,55
5473,55
5474,55
5475,55
5476,55
5477,55
5478,55
5479,55
5480,55
5481,55
5482,55
5483,55
5484,55
5485,55
5486,55
5487,55
5488,55
5489,55
5490,55
5491,55
5492,55
5493,55
5494,55
5495,55
5496,55
5497,55
5498,55
5499,55
5500,55
5501,55
5502,55
5503,55
5504,55
5505,55
5506,55
5507,55
5508,55
5509,55
5510,55
5511,55
5512,55
5513,55
5514,55
5515,55
5516,55
5517,55
5518,55
5519,54
5520,54
5521,54
5522,54
5523,54
5524,54
5525,54
5526,54
5527,54
5528,54
5529,54
5530,54
5531,54
5532,54
5533,54
5534,54
5535,54
5536,54
5537,54
5538,54
5539,54
5540,54
5541,54
5542,54
5543,54
5544,54
5545,54
5546,54
5547,54
5548,54
5549,54
5550,54
5551,54
5552,54
5553,54
5554,54
5555,54
5556,54
5557,54
5558,54
5559,54
5560,54
5561,54
5562,54
5563,54
5564,54
5565,54
5566,54
5567,54
5568,54
5569,54
5570,54
5571,54
5572,54
5573,54
5574,54
5575,54
5576,54
5577,54
5578,54
5579,54
5580,54
5581,54
5582,54
5583,54
5584,54
5585,54
5586,54
5587,54
5588,54
5589,54
5590,54
5591,54
5592,54
5593,54
5594,54
5595,54
5596,54
5597,54
5598,54
5599,54
5600,54
5601,54
5602,54
5603,54
5604,54
5605,54
5606,54
5607,54
5608,54
5609,54
5610,54
5611,54
5612,54
5613,54
5614,54
5615,54
5616,54
5617,54
5618,54
5619,54
5620,54
5621,54
5622,54
5623,54
5624,54
5625,54
5626,54
5627,54
5628,54
5629,54
5630,54
5631,54
5632,54
5633,54
5634,54
5635,54
5636,54
5637,54
5638,54
5639,54
5640,54
5641,54
5642,54
5643,54
5644,54
5645,54
5646,54
5647,54
5648,54
5649,54
5650,54
5651,54
5652,54
5653,54
5654,54
5655,54
5656,54
5657,54
5658,54
5659,54
5660,54
5661,54
5662,54
5663,54
5664,54
5665,54
5666,54
5667,54
5668,54
5669,54
5670,54
5671,54
5672,54
5673,54
5674,54
5675,54
5676,54
5677,54
5678,54
5679,54
5680,54
5681,54
5682,54
5683,54
5684,54
5685,54
5686,54
5687,54
5688,54
5689,54
5690,54
5691,54
5692,54
5693,54
5694,54
5695,54
5696,54
5697,54
5698,54
5699,54
5700,54
5701,54
5702,54
5703,54
5704,54
5705,54
5706,54
5707,54
5708,54
5709,54
5710,54
5711,54
5712,54
5713,54
5714,54
5715,54
5716,54
5717,54
5718,54
5719,54
5720,54
5721,54
5722,54
5723,54
5724,54
5725,54
5726,54
5727,54
5728,54
5729,54
5730,54
5731,54
5732,54
5733,54
5734,54
5735,54
5736,54
5737,54
5738,54
5739,54
5740,54
5741,54
5742,54
5743,54
5744,54
5745,54
5746,54
5747,54
5748,54
5749,54
5750,54
5751,54
5752,54
5753,54
5754,54
5755,54
5756,54
5757,54
5758,54
5759,54
5760,54
5761,54
5762,54
5763,54
5764,54
5765,54
5766,54
5767,54
5768,54
5769,54
5770,54
5771,54
5772,54
5773,54
5774,54
5775,54
5776,54
5777,54
5778,54
5779,54
5780,54
5781,54
5782,54
5783,54
5784,54
5785,54
5786,54
5787,54
5788,54
5789,54
5790,54
5791,54
5792,54
5793,54
5794,54
5795,54
5796,54
5797,54
5798,54
5799,54
5800,54
5801,54
5802,54
5803,54
5804,54
5805,54
5806,54
5807,54
5808,54
5809,54
5810,54
5811,54
5812,54
5813,54
5814,54
5815,54
5816,54
5817,54
5818,54
5819,54
5820,54
5821,54
5822,54
5823,54
5824,54
5825,54
5826,54
5827,54
5828,54
5829,54
5830,54
5831,54
5832,54
5833,54
5834,54
5835,54
5836,54
5837,54
5838,54
5839,54
5840,54
5841,54
5842,54
5843,54
5844,54
5845,54
5846,54
5847,54
5848,54
5849,54
5850,54
5851,54
5852,54
5853,54
5854,54
5855,54
5856,54
5857,54
5858,54
5859,54
5860,54
5861,54
5862,54
5863,54
5864,54
5865,54
5866,54
5867,54
5868,54
5869,54
5870,54
5871,54
5872,54
5873,54
5874,54
5875,54
5876,54
5877,54
5878,54
5879,54
5880,54
5881,54
5882,54
5883,54
5884,54
5885,54
5886,54
5887,54
5888,54
5889,54
5890,54
5891,54
5892,54
5893,54
5894,54
5895,54
5896,54
5897,54
5898,54
5899,54
5900,54
5901,54
5902,54
5903,54
5904,54
5905,54
5906,54
5907,54
5908,54
5909,54
5910,54
5911,54
5912,54
5913,54
5914,54
5915,54
5916,54
5917,54
5918,54
5919,54
5920,54
5921,54
5922,54
5923,54
5924,54
5925,54
5926,54
5927,54
5928,54
5929,54
5930,54
5931,54
5932,54
5933,54
5934,54
5935,54
5936,54
5937,54
5938,54
5939,54
5940,54
5941,54
5942,54
5943,54
5944,54
5945,54
5946,54
5947,54
5948,54
5949,54
5950,54
5951,54
5952,54
5953,54
5954,54
5955,54
5956,54
5957,54
5958,54
5959,54
5960,54
5961,54
5962,54
5963,54
5964,54
5965,54
5966,54
5967,54
5968,54
5969,54
5970,54
5971,54
5972,54
5973,54
5974,54
5975,54
5976,54
5977,54
5978,54
5979,54
5980,54
5981,54
5982,54
5983,54
5984,54
5985,54
5986,54
5987,54
5988,54
5989,54
5990,54
5991,54
5992,54
5993,54
5994,54
5995,54
5996,54
5997,54
5998,54
5999,54
6000,54
6001,54
6002,54
6003,54
6004,54
6005,54
6006,54
6007,54
6008,54
6009,54
6010,54
6011,54
6012,54
6013,54
6014,54
6015,54
6016,54
6017,54
6018,54
6019,54
6020,54
6021,54
6022,54
6023,54
6024,54
6025,54
6026,54
6027,54
6028,54
6029,54
6030,54
6031,54
6032,54
6033,54
6034,54
6035,54
6036,54
6037,54
6038,54
6039,54
6040,54
6041,54
6042,54
6043,54
6044,54
6045,54
6046,54
6047,54
6048,54
6049,54
6050,54
6051,54
6052,54
6053,54
6054,54
6055,54
6056,54
6057,54
6058,54
6059,54
6060,54
6061,54
6062,54
6063,54
6064,54
6065,54
6066,54
6067,54
6068,54
6069,54
6070,54
6071,54
6072,54
6073,54
6074,54
6075,54
6076,54
6077,54
6078,54
6079,54
6080,54
6081,54
6082,54
6083,54
6084,54
6085,54
6086,54
6087,54
6088,54
6089,54
6090,54
6091,54
6092,54
6093,54
6094,54
6095,54
6096,54
6097,54
6098,54
6099,54
6100,54
6101,54
6102,54
6103,54
6104,54
6105,54
6106,54
6107,54
6108,54
6109,54
6110,54
6111,54
6112,54
6113,54
6114,54
6115,54
6116,54
6117,54
6118,54
6119,54
6120,54
6121,54
6122,54
6123,54
6124,54
6125,54
6126,54
6127,54
6128,54
6129,54
6130,54
6131,54
6132,54
6133,54
6134,54
6135,54
6136,54
6137,54
6138,54
6139,54
6140,54
6141,54
6142,54
6143,54
6144,54
6145,54
6146,54
6147,54
6148,54
6149,54
6150,54
6151,54
6152,54
6153,54
6154,54
6155,54
6156,54
6157,54
6158,54
6159,54
6160,54
6161,54
6162,54
6163,54
6164,54
6165,54
6166,54
6167,54
6168,54
6169,54
6170,54
6171,54
6172,54
6173,54
6174,54
6175,54
6176,54
6177,54
6178,54
6179,54
6180,54
6181,54
6182,54
6183,54
6184,54
6185,54
6186,54
6187,54
6188,54
6189,54
6190,54
6191,54
6192,54
6193,54
6194,54
6195,54
6196,54
6197,54
6198,54
6199,54
6200,54
6201,54
6202,54
6203,54
6204,54
6205,54
6206,54
6207,54
6208,54
6209,54
6210,54
6211,54
6212,54
6213,54
6214,54
6215,54
6216,54
6217,54
6218,54
6219,54
6220,54
6221,54
6222,54
6223,54
6224,54
6225,54
6226,54
6227,54
6228,54
6229,54
6230,54
6231,54
6232,54
6233,54
6234,54
6235,54
6236,54
6237,54
6238,54
6239,54
6240,54
6241,54
6242,54
6243,54
6244,54
6245,54
6246,54
6247,54
6248,54
6249,54
6250,54
6251,54
6252,54
6253,54
6254,54
6255,54
6256,54
6257,54
6258,54
6259,54
6260,54
6261,54
6262,54
6263,54
6264,54
6265,54
6266,54
6267,54
6268,54
6269,54
6270,54
6271,54
6272,54
6273,54
6274,54
6275,54
6276,54
6277,54
6278,54
6279,54
6280,54
6281,54
6282,54
6283,54
6284,54
6285,54
6286,54
6287,54
6288,54
6289,54
6290,54
6291,54
6292,54
6293,54
6294,54
6295,54
6296,54
6297,54
6298,54
6299,54
6300,54
6301,54
6302,54
6303,54
6304,54
6305,54
6306,54
6307,54
6308,54
6309,54
6310,54
6311,54
6312,54
6313,54
6314,54
6315,54
6316,54
6317,54
6318,54
6319,54
6320,54
6321,54
6322,54
6323,54
6324,54
6325,54
6326,54
6327,54
6328,54
6329,54
6330,54
6331,54
6332,54
6333,54
6334,54
6335,54
6336,54
6337,54
6338,54
6339,54
6340,54
6341,54
6342,54
6343,54
6344,54
6345,54
6346,54
6347,54
6348,54
6349,54
6350,53
6351,53
6352,53
6353,52
6354,52
6355,52
6356,52
6357,52
6358,52
6359,52
6360,52
6361,52
6362,51
6363,50
6364,50
6365,49
6366,49
6367,49
6368,49
6369,49
6370,49
6371,49
6372,49
6373,49
6374,49
6375,49
6376,49
6377,49
6378,49
6379,49
6380,49
6381,49
6382,49
6383,49
6384,49
6385,49
6386,49
6387,49
6388,49
6389,49
6390,49
6391,49
6392,49
6393,49
6394,49
6395,49
6396,49
6397,49
6398,49
6399,49
6400,49
6401,49
6402,49
6403,49
6404,49
6405,49
6406,49
6407,49
6408,49
6409,49
6410,49
6411,49
6412,49
6413,49
6414,49
6415,49
6416,49
6417,49
6418,49
6419,49
6420,49
6421,49
6422,49
6423,49
6424,49
6425,49
6426,49
6427,49
6428,49
6429,49
6430,49
6431,49
6432,49
6433,49
6434,49
6435,49
6436,49
6437,49
6438,49
6439,49
6440,49
6441,49
6442,49
6443,49
6444,49
6445,49
6446,49
6447,49
6448,49
6449,49
6450,49
6451,49
6452,49
6453,49
6454,49
6455,49
6456,49
6457,49
6458,49
6459,49
6460,49
6461,49
6462,49
6463,49
6464,49
6465,49
6466,49
6467,49
6468,49
6469,49
6470,49
6471,49
6472,49
6473,49
6474,49
6475,49
6476,49
6477,49
6478,49
6479,49
6480,49
6481,49
6482,49
6483,49
6484,49
6485,49
6486,49
6487,49
6488,49
6489,49
6490,49
6491,49
6492,49
6493,49
6494,49
6495,49
6496,49
6497,49
6498,49
6499,49
6500,49
6501,49
6502,49
6503,49
6504,49
6505,49
6506,49
6507,49
6508,49
6509,49
6510,49
6511,49
6512,49
6513,49
6514,49
6515,49
6516,49
6517,49
6518,49
6519,49
6520,49
6521,49
6522,49
6523,49
6524,49
6525,49
6526,49
6527,49
6528,49
6529,49
6530,49
6531,49
6532,49
6533,49
6534,49
6535,49
6536,49
6537,49
6538,49
6539,49
6540,49
6541,49
6542,49
6543,49
6544,49
6545,49
6546,49
6547,49
6548,49
6549,49
6550,49
6551,49
6552,49
6553,49
6554,49
6555,49
6556,49
6557,49
6558,49
6559,49
6560,49
6561,49
6562,49
6563,49
6564,49
6565,49
6566,49
6567,49
6568,49
6569,49
6570,49
6571,49
6572,49
6573,49
6574,49
6575,49
6576,49
6577,49
6578,49
6579,49
6580,49
6581,49
6582,49
6583,49
6584,49
6585,49
6586,49
6587,49
6588,49
6589,49
6590,49
6591,49
6592,49
6593,49
6594,49
6595,49
6596,49
6597,49
6598,49
6599,49
6600,49
6601,49
6602,49
6603,49
6604,49
6605,49
6606,49
6607,49
6608,49
6609,49
6610,49
6611,49
6612,49
6613,49
6614,49
6615,49
6616,49
6617,49
6618,49
6619,49
6620,49
6621,49
6622,49
6623,49
6624,49
6625,49
6626,49
6627,49
6628,49
6629,49
6630,49
6631,49
6632,49
6633,49
6634,49
6635,49
6636,49
6637,49
6638,49
6639,49
6640,49
6641,49
6642,49
6643,49
6644,49
6645,49
6646,49
6647,49
6648,49
6649,49
6650,49
6651,49
6652,49
6653,49
6654,49
6655,49
6656,49
6657,49
6658,49
6659,49
6660,49
6661,49
6662,49
6663,49
6664,49
6665,49
6666,49
6667,49
6668,49
6669,49
6670,49
6671,49
6672,49
6673,49
6674,49
6675,49
6676,49
6677,49
6678,49
6679,49
6680,49
6681,49
6682,49
6683,49
6684,49
6685,49
6686,49
6687,49
6688,49
6689,49
6690,49
6691,49
6692,49
6693,49
6694,49
6695,49
6696,49
6697,49
6698,49
6699,49
6700,49
6701,49
6702,49
6703,49
6704,49
6705,49
6706,49
6707,49
6708,49
6709,49
6710,49
6711,49
6712,49
6713,49
6714,49
6715,49
6716,49
6717,49
6718,49
6719,49
6720,49
6721,49
6722,49
6723,49
6724,49
6725,49
6726,49
6727,49
6728,49
6729,49
6730,49
6731,49
6732,49
6733,49
6734,49
6735,49
6736,49
6737,49
6738,49
6739,49
6740,49
6741,49
6742,49
6743,49
6744,49
6745,49
6746,49
6747,49
6748,49
6749,49
6750,49
6751,49
6752,49
6753,49
6754,49
6755,49
6756,49
6757,49
6758,49
6759,49
6760,49
6761,49
6762,49
6763,49
6764,49
6765,49
6766,49
6767,49
6768,49
6769,49
6770,49
6771,49
6772,49
6773,49
6774,49
6775,49
6776,49
6777,49
6778,49
6779,49
6780,49
6781,49
6782,49
6783,49
6784,49
6785,49
6786,49
6787,49
6788,49
6789,49
6790,49
6791,49
6792,49
6793,49
6794,49
6795,49
6796,49
6797,49
6798,49
6799,49
6800,49
6801,49
6802,49
6803,49
6804,49
6805,49
6806,49
6807,49
6808,49
6809,49
6810,49
6811,49
6812,49
6813,49
6814,49
6815,49
6816,49
6817,49
6818,49
6819,49
6820,49
6821,49
6822,49
6823,49
6824,49
6825,49
6826,49
6827,49
6828,49
6829,49
6830,49
6831,49
6832,49
6833,49
6834,49
6835,49
6836,49
6837,49
6838,49
6839,49
6840,49
6841,49
6842,49
6843,49
6844,49
6845,49
6846,49
6847,49
6848,49
6849,49
6850,49
6851,49
6852,49
6853,49
6854,49
6855,49
6856,49
6857,49
6858,49
6859,49
6860,49
6861,49
6862,49
6863,49
6864,49
6865,49
6866,49
6867,49
6868,49
6869,49
6870,49
6871,49
6872,49
6873,49
6874,49
6875,49
6876,49
6877,49
6878,49
6879,49
6880,49
6881,49
6882,49
6883,49
6884,49
6885,49
6886,49
6887,49
6888,49
6889,49
6890,49
6891,49
6892,49
6893,49
6894,49
6895,49
6896,49
6897,49
6898,49
6899,49
6900,49
6901,49
6902,49
6903,49
6904,49
6905,49
6906,49
6907,49
6908,49
6909,49
6910,49
6911,49
6912,49
6913,49
6914,49
6915,49
6916,49
6917,49
6918,49
6919,49
6920,49
6921,49
6922,49
6923,49
6924,49
6925,49
6926,49
6927,49
6928,49
6929,49
6930,49
6931,49
6932,49
6933,49
6934,49
6935,49
6936,49
6937,49
6938,49
6939,49
6940,49
6941,49
6942,49
6943,49
6944,49
6945,49
6946,49
6947,49
6948,49
6949,49
6950,49
6951,49
6952,49
6953,49
6954,49
6955,49
6956,49
6957,49
6958,49
6959,49
6960,49
6961,49
6962,49
6963,49
6964,49
6965,49
6966,49
6967,49
6968,49
6969,49
6970,49
6971,49
6972,49
6973,49
6974,49
6975,49
6976,49
6977,49
6978,49
6979,49
6980,49
6981,49
6982,49
6983,49
6984,49
6985,49
6986,49
6987,49
6988,49
6989,49
6990,49
6991,49
6992,49
6993,49
6994,49
6995,49
6996,49
6997,49
6998,49
6999,49
7000,49
7001,49
7002,49
7003,49
7004,49
7005,49
7006,49
7007,49
7008,49
7009,49
7010,49
7011,49
7012,49
7013,49
7014,49
7015,49
7016,49
7017,49
7018,49
7019,49
7020,49
7021,49
7022,49
7023,49
7024,49
7025,49
7026,49
7027,49
7028,49
7029,49
7030,49
7031,49
7032,49
7033,49
7034,49
7035,49
7036,49
7037,49
7038,49
7039,49
7040,49
7041,49
7042,49
7043,49
7044,49
7045,49
7046,49
7047,49
7048,49
7049,49
7050,49
7051,49
7052,49
7053,49
7054,49
7055,49
7056,49
7057,49
7058,49
7059,49
7060,49
7061,49
7062,49
7063,49
7064,49
7065,49
7066,49
7067,49
7068,49
7069,49
7070,49
7071,49
7072,49
7073,49
7074,49
7075,49
7076,49
7077,49
7078,49
7079,49
7080,49
7081,49
7082,49
7083,49
7084,49
7085,49
7086,49
7087,49
7088,49
7089,49
7090,49
7091,49
7092,49
7093,49
7094,49
7095,49
7096,49
7097,49
7098,49
7099,49
7100,49
7101,49
7102,49
7103,49
7104,49
7105,49
7106,49
7107,49
7108,49
7109,49
7110,49
7111,49
7112,49
7113,49
7114,49
7115,49
7116,49
7117,49
7118,49
7119,49
7120,49
7121,49
7122,49
7123,49
7124,49
7125,49
7126,49
7127,49
7128,49
7129,49
7130,49
7131,49
7132,49
7133,49
7134,49
7135,49
7136,49
7137,49
7138,49
7139,49
7140,49
7141,49
7142,49
7143,49
7144,49
7145,49
7146,49
7147,49
7148,49
7149,49
7150,49
7151,49
7152,49
7153,49
7154,49
7155,49
7156,49
7157,49
7158,49
7159,49
7160,49
7161,49
7162,49
7163,49
7164,49
7165,49
7166,49
7167,49
7168,49
7169,49
7170,49
7171,49
7172,49
7173,49
7174,49
7175,49
7176,49
7177,49
7178,49
7179,49
7180,49
7181,49
7182,49
7183,49
7184,49
7185,49
7186,49
7187,49
7188,49
7189,49
7190,49
7191,49
7192,49
7193,49
7194,49
7195,49
7196,49
7197,49
7198,49
7199,49
7200,49
7201,49
7202,49
7203,49
7204,49
7205,49
7206,49
7207,49
7208,49
7209,49
7210,49
7211,49
7212,49
7213,49
7214,49
7215,49
7216,49
7217,49
7218,49
7219,49
7220,49
7221,49
7222,49
7223,49
7224,49
7225,49
7226,49
7227,49
7228,49
7229,49
7230,49
7231,49
7232,49
7233,49
7234,49
7235,49
7236,49
7237,49
7238,49
7239,49
7240,49
7241,49
7242,49
7243,49
7244,49
7245,49
7246,49
7247,49
7248,49
7249,49
7250,49
7251,49
7252,49
7253,49
7254,49
7255,49
7256,49
7257,49
7258,49
7259,49
7260,49
7261,49
7262,49
7263,49
7264,49
7265,49
7266,49
7267,49
7268,49
7269,49
7270,49
7271,49
7272,49
7273,49
7274,49
7275,49
7276,49
7277,49
7278,49
7279,49
7280,49
7281,49
7282,49
7283,49
7284,49
7285,49
7286,49
7287,49
7288,49
7289,49
7290,49
7291,49
7292,49
7293,49
7294,49
7295,49
7296,49
7297,49
7298,49
7299,49
7300,49
7301,49
7302,49
7303,49
7304,49
7305,49
7306,49
7307,49
7308,49
7309,49
7310,49
7311,49
7312,49
7313,49
7314,49
7315,49
7316,49
7317,49
7318,49
7319,49
7320,49
7321,49
7322,49
7323,49
7324,49
7325,49
7326,49
7327,49
7328,49
7329,49
7330,49
7331,49
7332,49
7333,49
7334,49
7335,49
7336,49
7337,49
7338,49
7339,49
7340,49
7341,49
7342,49
7343,49
7344,49
7345,49
7346,49
7347,49
7348,49
7349,49
7350,49
7351,49
7352,49
7353,49
7354,49
7355,49
7356,49
7357,49
7358,49
7359,49
7360,49
7361,49
7362,49
7363,49
7364,49
7365,49
7366,49
7367,49
7368,49
7369,49
7370,49
7371,49
7372,49
7373,49
7374,49
7375,49
7376,49
7377,49
7378,49
7379,49
7380,49
7381,49
7382,49
7383,49
7384,49
7385,49
7386,49
7387,49
7388,49
7389,49
7390,49
7391,49
7392,49
7393,49
7394,49
7395,49
7396,49
7397,49
7398,49
7399,49
7400,49
7401,49
7402,49
7403,49
7404,49
7405,49
7406,49
7407,49
7408,49
7409,49
7410,49
7411,49
7412,49
7413,49
7414,49
7415,49
7416,49
7417,49
7418,49
7419,49
7420,49
7421,49
7422,49
7423,49
7424,49
7425,49
7426,49
7427,49
7428,49
7429,49
7430,49
7431,49
7432,49
7433,49
7434,49
7435,49
7436,49
7437,49
7438,49
7439,49
7440,49
7441,49
7442,49
7443,49
7444,49
7445,49
7446,49
7447,49
7448,49
7449,49
7450,49
7451,49
7452,49
7453,49
7454,49
7455,49
7456,49
7457,49
7458,49
7459,49
7460,49
7461,49
7462,49
7463,49
7464,49
7465,49
7466,49
7467,49
7468,49
7469,49
7470,49
7471,49
7472,49
7473,49
7474,49
7475,49
7476,49
7477,49
7478,49
7479,49
7480,49
7481,49
7482,49
7483,49
7484,49
7485,49
7486,49
7487,49
7488,49
7489,49
7490,49
7491,49
7492,49
7493,49
7494,49
7495,49
7496,49
7497,49
7498,49
7499,49
7500,49
7501,49
7502,49
7503,49
7504,49
7505,49
7506,49
7507,49
7508,49
7509,49
7510,49
7511,49
7512,49
7513,49
7514,49
7515,49
7516,49
7517,49
7518,49
7519,49
7520,49
7521,49
7522,49
7523,49
7524,49
7525,49
7526,49
7527,49
7528,49
7529,49
7530,49
7531,49
7532,49
7533,49
7534,49
7535,49
7536,49
7537,49
7538,49
7539,49
7540,49
7541,49
7542,49
7543,49
7544,49
7545,49
7546,49
7547,49
7548,49
7549,49
7550,49
7551,49
7552,49
7553,49
7554,49
7555,49
7556,49
7557,49
7558,49
7559,49
7560,49
7561,49
7562,49
7563,49
7564,49
7565,49
7566,49
7567,49
7568,49
7569,49
7570,49
7571,49
7572,49
7573,49
7574,49
7575,49
7576,49
7577,49
7578,49
7579,49
7580,49
7581,49
7582,49
7583,49
7584,49
7585,49
7586,49
7587,49
7588,49
7589,49
7590,49
7591,49
7592,49
7593,49
7594,49
7595,49
7596,49
7597,49
7598,49
7599,49
7600,49
7601,49
7602,49
7603,49
7604,49
7605,49
7606,49
7607,49
7608,49
7609,49
7610,49
7611,49
7612,49
7613,49
7614,49
7615,49
7616,49
7617,49
7618,49
7619,49
7620,49
7621,49
7622,49
7623,49
7624,49
7625,49
7626,49
7627,49
7628,49
7629,49
7630,49
7631,49
7632,49
7633,49
7634,49
7635,49
7636,49
7637,49
7638,49
7639,49
7640,49
7641,49
7642,49
7643,49
7644,49
7645,49
7646,49
7647,49
7648,49
7649,49
7650,49
7651,49
7652,49
7653,49
7654,49
7655,49
7656,49
7657,49
7658,49
7659,49
7660,49
7661,49
7662,49
7663,49
7664,49
7665,49
7666,49
7667,49
7668,49
7669,49
7670,49
7671,49
7672,49
7673,49
7674,49
7675,49
7676,49
7677,49
7678,49
7679,49
7680,49
7681,49
7682,49
7683,49
7684,49
7685,49
7686,49
7687,49
7688,49
7689,49
7690,49
7691,49
7692,49
7693,49
7694,49
7695,49
7696,49
7697,49
7698,49
7699,49
7700,49
7701,49
7702,49
7703,49
7704,49
7705,49
7706,49
7707,49
7708,49
7709,49
7710,49
7711,49
7712,49
7713,49
7714,49
7715,49
7716,49
7717,49
7718,49
7719,49
7720,49
7721,49
7722,49
7723,49
7724,49
7725,49
7726,49
7727,49
7728,49
7729,49
7730,49
7731,49
7732,49
7733,49
7734,49
7735,49
7736,49
7737,49
7738,49
7739,49
7740,49
7741,49
7742,49
7743,49
7744,49
7745,49
7746,49
7747,49
7748,49
7749,49
7750,49
7751,49
7752,49
7753,49
7754,49
7755,49
7756,49
7757,49
7758,49
7759,49
7760,49
7761,49
7762,49
7763,49
7764,49
7765,49
7766,49
7767,49
7768,49
7769,49
7770,49
7771,49
7772,49
7773,49
7774,49
7775,49
7776,49
7777,49
7778,49
7779,49
7780,49
7781,49
7782,49
7783,49
7784,49
7785,49
7786,49
7787,49
7788,49
7789,49
7790,49
7791,49
7792,49
7793,49
7794,49
7795,49
7796,49
7797,49
7798,49
7799,49
7800,49
7801,49
7802,49
7803,49
7804,49
7805,49
7806,49
7807,49
7808,49
7809,49
7810,49
7811,49
7812,49
7813,49
7814,49
7815,49
7816,49
7817,49
7818,49
7819,49
7820,49
7821,49
7822,49
7823,49
7824,49
7825,49
7826,49
7827,49
7828,49
7829,49
7830,49
7831,49
7832,49
7833,49
7834,49
7835,49
7836,49
7837,49
7838,49
7839,49
7840,49
7841,49
7842,49
7843,49
7844,49
7845,49
7846,49
7847,49
7848,49
7849,49
7850,49
7851,49
7852,49
7853,49
7854,49
7855,49
7856,49
7857,49
7858,49
7859,49
7860,49
7861,49
7862,49
7863,49
7864,49
7865,49
7866,49
7867,49
7868,49
7869,49
7870,49
7871,49
7872,49
7873,49
7874,49
7875,49
7876,49
7877,49
7878,49
7879,49
7880,49
7881,49
7882,49
7883,49
7884,49
7885,49
7886,49
7887,49
7888,49
7889,49
7890,49
7891,49
7892,49
7893,49
7894,48
7895,48
7896,48
7897,48
7898,47
7899,47
7900,47
7901,47
7902,47
7903,47
7904,47
7905,47
7906,47
7907,47
7908,47
7909,47
7910,47
7911,47
7912,47
7913,47
7914,47
7915,47
7916,47
7917,47
7918,47
7919,47
7920,47
7921,47
7922,47
7923,47
7924,47
7925,47
7926,47
7927,47
7928,47
7929,47
7930,47
7931,47
7932,47
7933,47
7934,47
7935,47
7936,47
7937,47
7938,47
7939,47
7940,47
7941,47
7942,47
7943,47
7944,47
7945,47
7946,47
7947,47
7948,47
7949,47
7950,47
7951,47
7952,47
7953,47
7954,47
7955,47
7956,47
7957,47
7958,47
7959,47
7960,47
7961,47
7962,47
7963,47
7964,47
7965,47
7966,47
7967,47
7968,47
7969,47
7970,47
7971,47
7972,47
7973,47
7974,47
7975,47
7976,47
7977,47
7978,47
7979,47
7980,47
7981,47
7982,47
7983,47
7984,47
7985,47
7986,47
7987,47
7988,47
7989,47
7990,47
7991,47
7992,47
7993,47
7994,47
7995,47
7996,47
7997,47
7998,47
7999,47
8000,47
8001,47
8002,47
8003,47
8004,47
8005,47
8006,47
8007,47
8008,47
8009,47
8010,47
8011,47
8012,47
8013,47
8014,47
8015,47
8016,47
8017,47
8018,47
8019,47
8020,47
8021,47
8022,47
8023,47
8024,47
8025,47
8026,47
8027,47
8028,47
8029,47
8030,47
8031,47
8032,47
8033,47
8034,47
8035,47
8036,47
8037,47
8038,47
8039,47
8040,47
8041,47
8042,47
8043,47
8044,47
8045,47
8046,47
8047,47
8048,47
8049,47
8050,47
8051,47
8052,47
8053,47
8054,47
8055,47
8056,47
8057,47
8058,47
8059,47
8060,47
8061,47
8062,47
8063,47
8064,47
8065,47
8066,47
8067,47
8068,47
8069,47
8070,47
8071,47
8072,47
8073,47
8074,47
8075,47
8076,47
8077,47
8078,47
8079,47
8080,47
8081,47
8082,47
8083,47
8084,47
8085,47
8086,47
8087,47
8088,47
8089,47
8090,47
8091,47
8092,47
8093,47
8094,47
8095,47
8096,47
8097,47
8098,47
8099,47
8100,47
8101,47
8102,47
8103,47
8104,47
8105,47
8106,47
8107,47
8108,47
8109,47
8110,47
8111,47
8112,47
8113,47
8114,47
8115,47
8116,47
8117,47
8118,47
8119,47
8120,47
8121,47
8122,47
8123,47
8124,47
8125,47
8126,47
8127,47
8128,47
8129,47
8130,47
8131,47
8132,47
8133,47
8134,47
8135,47
8136,47
8137,47
8138,47
8139,47
8140,47
8141,47
8142,47
8143,47
8144,47
8145,47
8146,47
8147,47
8148,47
8149,47
8150,47
8151,47
8152,47
8153,47
8154,47
8155,47
8156,47
8157,47
8158,47
8159,47
8160,47
8161,47
8162,47
8163,46
8164,46
8165,46
8166,46
8167,46
8168,46
8169,46
8170,46
8171,46
8172,46
8173,46
8174,46
8175,46
8176,46
8177,46
8178,46
8179,46
8180,46
8181,46
8182,46
8183,46
8184,46
8185,46
8186,46
8187,46
8188,46
8189,46
8190,46
8191,46
8192,46
8193,46
8194,46
8195,46
8196,46
8197,46
8198,46
8199,46
8200,46
8201,46
8202,46
8203,46
8204,46
8205,46
8206,46
8207,46
8208,46
8209,46
8210,46
8211,46
8212,46
8213,46
8214,46
8215,46
8216,46
8217,46
8218,46
8219,46
8220,46
8221,46
8222,46
8223,46
8224,46
8225,46
8226,46
8227,46
8228,46
8229,46
8230,46
8231,46
8232,46
8233,46
8234,46
8235,46
8236,46
8237,46
8238,46
8239,46
8240,46
8241,46
8242,46
8243,46
8244,46
8245,46
8246,46
8247,46
8248,46
8249,46
8250,46
8251,46
8252,46
8253,46
8254,46
8255,46
8256,46
8257,46
8258,46
8259,46
8260,46
8261,46
8262,46
8263,46
8264,46
8265,46
8266,46
8267,46
8268,46
8269,46
8270,46
8271,46
8272,46
8273,46
8274,46
8275,46
8276,46
8277,46
8278,46
8279,46
8280,46
8281,46
8282,46
8283,46
8284,46
8285,46
8286,46
8287,46
8288,46
8289,46
8290,46
8291,46
8292,46
8293,46
8294,46
8295,46
8296,46
8297,46
8298,46
8299,46
8300,46
8301,46
8302,46
8303,46
8304,46
8305,46
8306,46
8307,46
8308,46
8309,46
8310,46
8311,46
8312,46
8313,46
8314,46
8315,46
8316,46
8317,46
8318,46
8319,46
8320,46
8321,46
8322,46
8323,46
8324,46
8325,46
8326,46
8327,46
8328,46
8329,46
8330,46
8331,46
8332,46
8333,46
8334,46
8335,46
8336,46
8337,46
8338,46
8339,46
8340,46
8341,46
8342,46
8343,46
8344,46
8345,46
8346,46
8347,46
8348,46
8349,46
8350,46
8351,46
8352,46
8353,46
8354,46
8355,46
8356,46
8357,46
8358,46
8359,46
8360,46
8361,46
8362,46
8363,46
8364,46
8365,46
8366,46
8367,46
8368,46
8369,46
8370,46
8371,46
8372,46
8373,46
8374,46
8375,46
8376,46
8377,46
8378,46
8379,46
8380,46
8381,46
8382,46
8383,46
8384,46
8385,46
8386,46
8387,46
8388,46
8389,46
8390,46
8391,46
8392,46
8393,46
8394,46
8395,46
8396,46
8397,46
8398,46
8399,46
8400,46
8401,46
8402,46
8403,46
8404,46
8405,46
8406,46
8407,46
8408,46
8409,46
8410,46
8411,46
8412,46
8413,46
8414,46
8415,46
8416,46
8417,46
8418,46
8419,46
8420,46
8421,46
8422,46
8423,46
8424,46
8425,46
8426,46
8427,46
8428,46
8429,46
8430,46
8431,46
8432,46
8433,46
8434,46
8435,46
8436,46
8437,46
8438,46
8439,46
8440,46
8441,46
8442,46
8443,46
8444,46
8445,46
8446,46
8447,46
8448,46
8449,46
8450,46
8451,46
8452,46
8453,46
8454,46
8455,46
8456,46
8457,46
8458,46
8459,46
8460,46
8461,46
8462,46
8463,46
8464,46
8465,46
8466,46
8467,46
8468,46
8469,46
8470,46
8471,46
8472,46
8473,46
8474,46
8475,46
8476,46
8477,46
8478,46
8479,46
8480,46
8481,46
8482,46
8483,46
8484,46
8485,46
8486,46
8487,46
8488,46
8489,46
8490,46
8491,46
8492,46
8493,46
8494,46
8495,46
8496,46
8497,46
8498,46
8499,46
8500,46
8501,46
8502,46
8503,46
8504,46
8505,46
8506,46
8507,46
8508,46
8509,46
8510,46
8511,46
8512,46
8513,46
8514,46
8515,46
8516,46
8517,46
8518,46
8519,46
8520,46
8521,46
8522,46
8523,46
8524,46
8525,46
8526,46
8527,46
8528,46
8529,46
8530,46
8531,46
8532,46
8533,46
8534,46
8535,46
8536,46
8537,46
8538,46
8539,46
8540,46
8541,46
8542,46
8543,46
8544,46
8545,46
8546,46
8547,46
8548,46
8549,46
8550,46
8551,46
8552,46
8553,46
8554,46
8555,46
8556,46
8557,46
8558,46
8559,46
8560,46
8561,46
8562,46
8563,46
8564,46
8565,46
8566,46
8567,46
8568,46
8569,46
8570,46
8571,46
8572,46
8573,46
8574,46
8575,46
8576,46
8577,46
8578,46
8579,46
8580,46
8581,46
8582,46
8583,46
8584,46
8585,46
8586,46
8587,46
8588,46
8589,46
8590,46
8591,46
8592,46
8593,46
8594,46
8595,46
8596,46
8597,46
8598,46
8599,46
8600,46
8601,46
8602,46
8603,46
8604,46
8605,46
8606,46
8607,46
8608,46
8609,46
8610,46
8611,46
8612,46
8613,46
8614,46
8615,46
8616,46
8617,46
8618,46
8619,46
8620,46
8621,46
8622,46
8623,46
8624,46
8625,46
8626,46
8627,46
8628,46
8629,46
8630,46
8631,46
8632,46
8633,46
8634,46
8635,46
8636,46
8637,46
8638,46
8639,46
8640,46
8641,46
8642,46
8643,46
8644,46
8645,46
8646,46
8647,46
8648,46
8649,46
8650,46
8651,46
8652,46
8653,46
8654,46
8655,46
8656,46
8657,46
8658,46
8659,46
8660,46
8661,46
8662,46
8663,46
8664,46
8665,46
8666,46
8667,46
8668,46
8669,46
8670,46
8671,46
8672,46
8673,46
8674,46
8675,46
8676,46
8677,46
8678,46
8679,46
8680,46
8681,46
8682,46
8683,46
8684,46
8685,46
8686,46
8687,46
8688,46
8689,46
8690,46
8691,46
8692,46
8693,46
8694,46
8695,46
8696,46
8697,46
8698,46
8699,46
8700,46
8701,46
8702,46
8703,46
8704,46
8705,46
8706,46
8707,46
8708,46
8709,46
8710,46
8711,46
8712,46
8713,46
8714,46
8715,46
8716,46
8717,46
8718,46
8719,46
8720,46
8721,46
8722,46
8723,46
8724,46
8725,46
8726,46
8727,46
8728,46
8729,46
8730,46
8731,46
8732,46
8733,46
8734,46
8735,46
8736,46
8737,46
8738,46
8739,46
8740,46
8741,46
8742,46
8743,46
8744,46
8745,46
8746,46
8747,46
8748,46
8749,46
8750,46
8751,46
8752,46
8753,46
8754,46
8755,46
8756,46
8757,46
8758,46
8759,46
8760,46
8761,46
8762,46
8763,46
8764,46
8765,46
8766,46
8767,46
8768,46
8769,46
8770,46
8771,46
8772,46
8773,46
8774,46
8775,46
8776,46
8777,46
8778,46
8779,46
8780,46
8781,46
8782,46
8783,46
8784,46
8785,46
8786,46
8787,46
8788,46
8789,46
8790,46
8791,46
8792,46
8793,46
8794,46
8795,46
8796,46
8797,46
8798,46
8799,46
8800,46
8801,46
8802,46
8803,46
8804,46
8805,46
8806,46
8807,46
8808,46
8809,46
8810,46
8811,46
8812,46
8813,46
8814,46
8815,46
8816,46
8817,46
8818,46
8819,46
8820,46
8821,46
8822,46
8823,46
8824,46
8825,46
8826,46
8827,46
8828,46
8829,46
8830,46
8831,46
8832,46
8833,46
8834,46
8835,46
8836,46
8837,46
8838,46
8839,46
8840,46
8841,46
8842,46
8843,46
8844,46
8845,46
8846,46
8847,46
8848,46
8849,46
8850,46
8851,46
8852,46
8853,46
8854,46
8855,46
8856,46
8857,46
8858,46
8859,46
8860,46
8861,46
8862,46
8863,46
8864,46
8865,46
8866,46
8867,46
8868,46
8869,46
8870,46
8871,46
8872,46
8873,46
8874,46
8875,46
8876,46
8877,46
8878,46
8879,46
8880,46
8881,46
8882,46
8883,46
8884,46
8885,46
8886,46
8887,46
8888,46
8889,46
8890,46
8891,46
8892,46
8893,46
8894,46
8895,46
8896,46
8897,46
8898,46
8899,46
8900,46
8901,46
8902,46
8903,46
8904,46
8905,46
8906,46
8907,46
8908,46
8909,46
8910,46
8911,46
8912,46
8913,46
8914,46
8915,46
8916,46
8917,46
8918,46
8919,46
8920,46
8921,46
8922,46
8923,46
8924,46
8925,46
8926,46
8927,46
8928,46
8929,46
8930,46
8931,46
8932,46
8933,46
8934,46
8935,46
8936,46
8937,46
8938,46
8939,46
8940,46
8941,46
8942,46
8943,46
8944,46
8945,46
8946,46
8947,46
8948,46
8949,46
8950,46
8951,46
8952,46
8953,46
8954,46
8955,46
8956,46
8957,46
8958,46
8959,46
8960,46
8961,46
8962,46
8963,46
8964,46
8965,46
8966,46
8967,46
8968,46
8969,46
8970,46
8971,46
8972,46
8973,46
8974,46
8975,46
8976,46
8977,46
8978,46
8979,46
8980,46
8981,46
8982,46
8983,46
8984,46
8985,46
8986,46
8987,46
8988,46
8989,46
8990,46
8991,46
8992,46
8993,46
8994,46
8995,46
8996,46
8997,46
8998,46
8999,46
9000,46
9001,46
9002,46
9003,46
9004,46
9005,46
9006,46
9007,46
9008,46
9009,46
9010,46
9011,46
9012,46
9013,46
9014,46
9015,46
9016,46
9017,46
9018,46
9019,46
9020,46
9021,46
9022,46
9023,46
9024,46
9025,46
9026,46
9027,46
9028,46
9029,46
9030,46
9031,46
9032,46
9033,46
9034,46
9035,46
9036,46
9037,46
9038,46
9039,46
9040,46
9041,46
9042,46
9043,46
9044,46
9045,46
9046,46
9047,46
9048,46
9049,46
9050,46
9051,46
9052,46
9053,46
9054,46
9055,46
9056,46
9057,46
9058,46
9059,46
9060,46
9061,46
9062,46
9063,46
9064,46
9065,46
9066,46
9067,46
9068,46
9069,46
9070,46
9071,46
9072,46
9073,46
9074,46
9075,46
9076,46
9077,46
9078,46
9079,46
9080,46
9081,46
9082,46
9083,46
9084,46
9085,46
9086,46
9087,46
9088,46
9089,46
9090,46
9091,46
9092,46
9093,46
9094,46
9095,46
9096,46
9097,46
9098,46
9099,46
9100,46
9101,46
9102,46
9103,46
9104,46
9105,46
9106,46
9107,46
9108,46
9109,46
9110,46
9111,46
9112,46
9113,46
9114,46
9115,46
9116,46
9117,46
9118,46
9119,46
9120,46
9121,46
9122,46
9123,46
9124,46
9125,46
9126,46
9127,46
9128,46
9129,46
9130,46
9131,46
9132,46
9133,46
9134,46
9135,46
9136,46
9137,46
9138,46
9139,46
9140,46
9141,46
9142,46
9143,46
9144,46
9145,46
9146,46
9147,46
9148,46
9149,46
9150,46
9151,46
9152,46
9153,46
9154,46
9155,46
9156,46
9157,46
9158,46
9159,46
9160,46
9161,46
9162,46
9163,46
9164,46
9165,46
9166,46
9167,46
9168,46
9169,46
9170,46
9171,46
9172,46
9173,46
9174,46
9175,46
9176,46
9177,46
9178,46
9179,46
9180,46
9181,46
9182,46
9183,46
9184,46
9185,46
9186,46
9187,46
9188,46
9189,46
9190,46
9191,46
9192,46
9193,46
9194,46
9195,46
9196,46
9197,46
9198,46
9199,46
9200,46
9201,46
9202,46
9203,46
9204,46
9205,46
9206,46
9207,46
9208,46
9209,46
9210,46
9211,46
9212,46
9213,46
9214,46
9215,46
9216,46
9217,46
9218,46
9219,46
9220,46
9221,46
9222,46
9223,46
9224,46
9225,46
9226,46
9227,46
9228,46
9229,46
9230,46
9231,46
9232,46
9233,46
9234,46
9235,46
9236,46
9237,46
9238,46
9239,46
9240,46
9241,46
9242,46
9243,46
9244,46
9245,46
9246,46
9247,46
9248,46
9249,46
9250,46
9251,46
9252,46
9253,46
9254,46
9255,46
9256,46
9257,46
9258,46
9259,46
9260,46
9261,46
9262,46
9263,46
9264,46
9265,46
9266,46
9267,46
9268,46
9269,46
9270,46
9271,46
9272,46
9273,46
9274,46
9275,46
9276,46
9277,46
9278,46
9279,46
9280,46
9281,46
9282,46
9283,46
9284,46
9285,46
9286,46
9287,46
9288,46
9289,46
9290,46
9291,46
9292,46
9293,46
9294,46
9295,46
9296,46
9297,46
9298,46
9299,46
9300,46
9301,46
9302,46
9303,46
9304,46
9305,46
9306,46
9307,46
9308,46
9309,46
9310,46
9311,46
9312,46
9313,46
9314,46
9315,46
9316,46
9317,46
9318,46
9319,46
9320,46
9321,46
9322,46
9323,46
9324,46
9325,46
9326,46
9327,46
9328,46
9329,46
9330,46
9331,46
9332,46
9333,46
9334,46
9335,46
9336,46
9337,46
9338,46
9339,46
9340,46
9341,46
9342,46
9343,46
9344,46
9345,46
9346,46
9347,46
9348,46
9349,46
9350,46
9351,46
9352,46
9353,46
9354,46
9355,46
9356,46
9357,46
9358,46
9359,46
9360,46
9361,46
9362,46
9363,46
9364,46
9365,46
9366,46
9367,46
9368,46
9369,46
9370,46
9371,46
9372,46
9373,46
9374,46
9375,46
9376,46
9377,46
9378,46
9379,46
9380,46
9381,46
9382,46
9383,46
9384,46
9385,46
9386,46
9387,46
9388,46
9389,46
9390,46
9391,46
9392,46
9393,46
9394,46
9395,46
9396,46
9397,46
9398,46
9399,46
9400,46
9401,46
9402,46
9403,46
9404,46
9405,46
9406,46
9407,46
9408,46
9409,46
9410,46
9411,46
9412,46
9413,46
9414,46
9415,46
9416,46
9417,46
9418,46
9419,46
9420,46
9421,46
9422,46
9423,46
9424,46
9425,46
9426,46
9427,46
9428,46
9429,46
9430,46
9431,46
9432,46
9433,46
9434,46
9435,46
9436,46
9437,46
9438,46
9439,46
9440,46
9441,46
9442,46
9443,46
9444,46
9445,46
9446,46
9447,46
9448,46
9449,46
9450,46
9451,46
9452,46
9453,46
9454,46
9455,46
9456,46
9457,46
9458,46
9459,46
9460,46
9461,46
9462,46
9463,46
9464,46
9465,46
9466,46
9467,46
9468,46
9469,46
9470,46
9471,46
9472,46
9473,46
9474,46
9475,46
9476,46
9477,46
9478,46
9479,46
9480,46
9481,46
9482,46
9483,46
9484,46
9485,46
9486,46
9487,46
9488,46
9489,46
9490,46
9491,46
9492,46
9493,46
9494,46
9495,46
9496,46
9497,46
9498,46
9499,46
9500,46
9501,46
9502,46
9503,46
9504,46
9505,46
9506,46
9507,46
9508,46
9509,46
9510,46
9511,46
9512,46
9513,46
9514,46
9515,46
9516,46
9517,46
9518,46
9519,46
9520,46
9521,46
9522,46
9523,46
9524,46
9525,46
9526,46
9527,46
9528,46
9529,46
9530,46
9531,46
9532,46
9533,46
9534,46
9535,46
9536,46
9537,46
9538,46
9539,46
9540,46
9541,46
9542,46
9543,46
9544,46
9545,46
9546,46
9547,46
9548,46
9549,46
9550,46
9551,46
9552,46
9553,46
9554,46
9555,46
9556,46
9557,46
9558,46
9559,46
9560,46
9561,46
9562,46
9563,46
9564,46
9565,46
9566,46
9567,46
9568,46
9569,46
9570,46
9571,46
9572,46
9573,46
9574,46
9575,46
9576,46
9577,46
9578,46
9579,46
9580,46
9581,46
9582,46
9583,46
9584,46
9585,46
9586,46
9587,46
9588,46
9589,46
9590,46
9591,46
9592,46
9593,46
9594,46
9595,46
9596,46
9597,46
9598,46
9599,46
9600,46
9601,46
9602,46
9603,46
9604,46
9605,46
9606,46
9607,46
9608,46
9609,46
9610,46
9611,46
9612,46
9613,46
9614,46
9615,46
9616,46
9617,46
9618,46
9619,46
9620,46
9621,46
9622,46
9623,46
9624,46
9625,46
9626,46
9627,46
9628,46
9629,46
9630,46
9631,46
9632,46
9633,46
9634,46
9635,46
9636,46
9637,46
9638,46
9639,46
9640,46
9641,46
9642,46
9643,46
9644,46
9645,46
9646,46
9647,46
9648,46
9649,46
9650,46
9651,46
9652,46
9653,46
9654,46
9655,46
9656,46
9657,46
9658,46
9659,46
9660,46
9661,46
9662,46
9663,46
9664,46
9665,46
9666,46
9667,46
9668,46
9669,46
9670,46
9671,46
9672,46
9673,46
9674,46
9675,46
9676,46
9677,46
9678,46
9679,46
9680,46
9681,46
9682,46
9683,46
9684,46
9685,46
9686,46
9687,46
9688,46
9689,46
9690,46
9691,46
9692,46
9693,46
9694,46
9695,46
9696,46
9697,46
9698,46
9699,46
9700,46
9701,46
9702,46
9703,46
9704,46
9705,46
9706,46
9707,46
9708,46
9709,46
9710,46
9711,46
9712,46
9713,46
9714,46
9715,46
9716,46
9717,46
9718,46
9719,46
9720,46
9721,46
9722,46
9723,46
9724,46
9725,46
9726,46
9727,46
9728,46
9729,46
9730,46
9731,46
9732,46
9733,46
9734,46
9735,46
9736,46
9737,46
9738,46
9739,46
9740,46
9741,46
9742,46
9743,46
9744,46
9745,46
9746,46
9747,46
9748,46
9749,46
9750,46
9751,46
9752,46
9753,46
9754,46
9755,46
9756,46
9757,46
9758,46
9759,46
9760,46
9761,46
9762,46
9763,46
9764,46
9765,46
9766,46
9767,46
9768,46
9769,46
9770,46
9771,46
9772,46
9773,46
9774,46
9775,46
9776,46
9777,46
9778,46
9779,46
9780,46
9781,46
9782,46
9783,46
9784,46
9785,46
9786,46
9787,46
9788,46
9789,46
9790,46
9791,46
9792,46
9793,46
9794,46
9795,46
9796,46
9797,46
9798,46
9799,46
9800,46
9801,46
9802,46
9803,46
9804,46
9805,46
9806,46
9807,46
9808,46
9809,46
9810,46
9811,46
9812,46
9813,46
9814,46
9815,46
9816,46
9817,46
9818,46
9819,46
9820,46
9821,46
9822,46
9823,46
9824,46
9825,46
9826,46
9827,46
9828,46
9829,46
9830,46
9831,46
9832,46
9833,46
9834,46
9835,46
9836,46
9837,46
9838,46
9839,46
9840,46
9841,46
9842,46
9843,46
9844,46
9845,46
9846,46
9847,46
9848,46
9849,46
9850,46
9851,46
9852,46
9853,46
9854,46
9855,46
9856,46
9857,46
9858,46
9859,46
9860,46
9861,46
9862,46
9863,46
9864,46
9865,46
9866,46
9867,46
9868,46
9869,46
9870,46
9871,46
9872,46
9873,46
9874,46
9875,46
9876,46
9877,46
9878,46
9879,46
9880,46
9881,46
9882,46
9883,46
9884,46
9885,46
9886,46
9887,46
9888,46
9889,46
9890,46
9891,46
9892,46
9893,46
9894,46
9895,46
9896,46
9897,46
9898,46
9899,46
9900,46
9901,46
9902,46
9903,46
9904,46
9905,46
9906,46
9907,46
9908,46
9909,46
9910,46
9911,46
9912,46
9913,46
9914,46
9915,46
9916,46
9917,46
9918,46
9919,46
9920,46
9921,46
9922,46
9923,46
9924,46
9925,46
9926,46
9927,46
9928,46
9929,46
9930,46
9931,46
9932,46
9933,46
9934,46
9935,46
9936,46
9937,46
9938,46
9939,46
9940,46
9941,46
9942,46
9943,46
9944,46
9945,46
9946,46
9947,46
9948,46
9949,46
9950,46
9951,46
9952,46
9953,46
9954,46
9955,46
9956,46
9957,46
9958,46
9959,46
9960,46
9961,46
9962,46
9963,46
9964,46
9965,46
9966,46
9967,46
9968,46
9969,46
9970,46
9971,46
9972,46
9973,46
9974,46
9975,46
9976,46
9977,46
9978,46
9979,46
9980,46
9981,46
9982,46
9983,46
9984,46
9985,46
9986,46
9987,46
9988,46
9989,46
9990,46
9991,46
9992,46
9993,46
9994,46
9995,46
9996,46
9997,46
9998,46
9999,46
