,pso
0,300
1,300
2,300
3,300
4,300
5,300
6,300
7,300
8,300
9,300
10,300
11,300
12,300
13,300
14,300
15,300
16,300
17,300
18,300
19,300
20,300
21,300
22,300
23,300
24,300
25,300
26,300
27,300
28,300
29,300
30,300
31,300
32,300
33,300
34,300
35,300
36,300
37,300
38,300
39,300
40,300
41,300
42,300
43,300
44,300
45,300
46,300
47,300
48,300
49,300
50,300
51,300
52,300
53,300
54,300
55,300
56,300
57,300
58,300
59,300
60,300
61,300
62,300
63,300
64,300
65,300
66,300
67,300
68,300
69,300
70,300
71,300
72,300
73,300
74,300
75,300
76,300
77,300
78,300
79,300
80,300
81,300
82,300
83,300
84,300
85,300
86,300
87,300
88,300
89,300
90,300
91,300
92,300
93,300
94,300
95,300
96,300
97,300
98,300
99,300
100,300
101,300
102,300
103,300
104,300
105,300
106,300
107,300
108,300
109,300
110,300
111,300
112,300
113,300
114,300
115,300
116,300
117,300
118,300
119,300
120,300
121,300
122,300
123,300
124,300
125,300
126,300
127,300
128,300
129,300
130,300
131,300
132,300
133,300
134,300
135,300
136,300
137,300
138,300
139,300
140,300
141,300
142,300
143,300
144,300
145,300
146,300
147,300
148,300
149,300
150,300
151,300
152,300
153,300
154,300
155,300
156,300
157,300
158,300
159,300
160,300
161,300
162,300
163,300
164,300
165,300
166,300
167,300
168,300
169,300
170,300
171,300
172,300
173,300
174,300
175,300
176,300
177,300
178,300
179,300
180,300
181,300
182,300
183,300
184,300
185,300
186,300
187,300
188,300
189,300
190,300
191,300
192,300
193,300
194,300
195,300
196,300
197,300
198,300
199,300
200,300
201,300
202,300
203,300
204,300
205,300
206,300
207,300
208,300
209,300
210,300
211,300
212,300
213,300
214,300
215,300
216,300
217,300
218,300
219,300
220,300
221,300
222,300
223,300
224,300
225,300
226,300
227,300
228,300
229,300
230,300
231,300
232,300
233,300
234,300
235,300
236,300
237,300
238,300
239,300
240,300
241,300
242,300
243,300
244,300
245,300
246,300
247,300
248,300
249,300
250,300
251,300
252,300
253,300
254,300
255,300
256,300
257,300
258,300
259,300
260,300
261,300
262,300
263,300
264,300
265,300
266,300
267,300
268,300
269,300
270,300
271,300
272,300
273,300
274,300
275,300
276,300
277,300
278,300
279,300
280,300
281,300
282,300
283,300
284,300
285,300
286,300
287,300
288,300
289,300
290,300
291,300
292,300
293,300
294,300
295,300
296,300
297,300
298,300
299,300
300,300
301,300
302,300
303,300
304,300
305,300
306,300
307,300
308,300
309,300
310,300
311,300
312,300
313,300
314,300
315,300
316,300
317,300
318,300
319,300
320,300
321,300
322,300
323,300
324,300
325,300
326,300
327,300
328,300
329,300
330,300
331,300
332,300
333,300
334,300
335,300
336,300
337,300
338,300
339,300
340,300
341,300
342,300
343,300
344,300
345,300
346,300
347,300
348,300
349,300
350,300
351,300
352,300
353,300
354,300
355,300
356,300
357,300
358,300
359,300
360,300
361,300
362,300
363,300
364,300
365,300
366,300
367,300
368,300
369,300
370,300
371,300
372,300
373,300
374,300
375,300
376,300
377,300
378,300
379,300
380,300
381,300
382,300
383,300
384,300
385,300
386,300
387,300
388,300
389,300
390,300
391,300
392,300
393,300
394,300
395,300
396,300
397,300
398,300
399,300
400,300
401,300
402,300
403,300
404,300
405,300
406,300
407,300
408,300
409,300
410,300
411,300
412,300
413,300
414,300
415,300
416,300
417,300
418,300
419,300
420,300
421,300
422,300
423,300
424,300
425,300
426,300
427,300
428,300
429,300
430,300
431,300
432,300
433,300
434,300
435,300
436,300
437,300
438,300
439,300
440,300
441,300
442,300
443,300
444,300
445,300
446,300
447,300
448,300
449,300
450,300
451,300
452,300
453,300
454,300
455,300
456,300
457,300
458,300
459,300
460,300
461,300
462,300
463,300
464,300
465,300
466,300
467,300
468,300
469,300
470,300
471,300
472,300
473,300
474,300
475,300
476,300
477,300
478,300
479,300
480,300
481,300
482,300
483,300
484,300
485,300
486,300
487,300
488,300
489,300
490,300
491,300
492,300
493,300
494,300
495,300
496,300
497,300
498,300
499,300
500,300
501,300
502,300
503,300
504,300
505,300
506,300
507,300
508,300
509,300
510,300
511,300
512,300
513,300
514,300
515,300
516,300
517,300
518,300
519,300
520,300
521,300
522,300
523,300
524,300
525,300
526,300
527,300
528,300
529,300
530,300
531,300
532,300
533,300
534,300
535,300
536,300
537,300
538,300
539,300
540,300
541,300
542,300
543,300
544,300
545,300
546,300
547,300
548,300
549,300
550,300
551,300
552,300
553,300
554,300
555,300
556,300
557,300
558,300
559,300
560,300
561,300
562,300
563,300
564,300
565,300
566,300
567,300
568,300
569,300
570,300
571,300
572,300
573,300
574,300
575,300
576,300
577,300
578,300
579,300
580,300
581,300
582,300
583,300
584,300
585,300
586,300
587,300
588,300
589,300
590,300
591,300
592,300
593,300
594,300
595,300
596,300
597,300
598,300
599,300
600,300
601,300
602,300
603,300
604,300
605,300
606,300
607,300
608,300
609,300
610,300
611,300
612,300
613,300
614,300
615,300
616,300
617,300
618,300
619,300
620,300
621,300
622,300
623,300
624,300
625,300
626,300
627,300
628,300
629,300
630,300
631,300
632,300
633,300
634,300
635,300
636,300
637,300
638,300
639,300
640,300
641,300
642,300
643,300
644,300
645,300
646,300
647,300
648,300
649,300
650,300
651,300
652,300
653,300
654,300
655,300
656,300
657,300
658,300
659,300
660,300
661,300
662,300
663,300
664,300
665,300
666,300
667,300
668,300
669,300
670,300
671,300
672,300
673,300
674,300
675,300
676,300
677,300
678,300
679,300
680,300
681,300
682,300
683,300
684,300
685,300
686,300
687,300
688,300
689,300
690,300
691,300
692,300
693,300
694,300
695,300
696,300
697,300
698,300
699,300
700,300
701,300
702,300
703,300
704,300
705,300
706,300
707,300
708,300
709,300
710,300
711,300
712,300
713,300
714,300
715,300
716,300
717,300
718,300
719,300
720,300
721,300
722,300
723,300
724,300
725,300
726,300
727,300
728,300
729,300
730,300
731,300
732,300
733,300
734,300
735,300
736,300
737,300
738,300
739,300
740,300
741,300
742,300
743,300
744,300
745,300
746,300
747,300
748,300
749,300
750,300
751,300
752,300
753,300
754,300
755,300
756,300
757,300
758,300
759,300
760,300
761,300
762,300
763,300
764,300
765,300
766,300
767,300
768,300
769,300
770,300
771,300
772,300
773,300
774,300
775,300
776,300
777,300
778,300
779,300
780,300
781,300
782,300
783,300
784,300
785,300
786,300
787,300
788,300
789,300
790,300
791,300
792,300
793,300
794,300
795,300
796,300
797,300
798,300
799,300
800,300
801,300
802,300
803,300
804,300
805,300
806,300
807,300
808,300
809,300
810,300
811,300
812,300
813,300
814,300
815,300
816,300
817,300
818,300
819,300
820,300
821,300
822,300
823,300
824,300
825,300
826,300
827,300
828,300
829,300
830,300
831,300
832,300
833,300
834,300
835,300
836,300
837,300
838,300
839,300
840,300
841,300
842,300
843,300
844,300
845,300
846,300
847,300
848,300
849,300
850,300
851,300
852,300
853,300
854,300
855,300
856,300
857,300
858,300
859,300
860,300
861,300
862,300
863,300
864,300
865,300
866,300
867,300
868,300
869,300
870,300
871,300
872,300
873,300
874,300
875,300
876,300
877,300
878,300
879,300
880,300
881,300
882,300
883,300
884,300
885,300
886,300
887,300
888,300
889,300
890,300
891,300
892,300
893,300
894,300
895,300
896,300
897,300
898,300
899,300
900,300
901,300
902,300
903,300
904,300
905,300
906,300
907,300
908,300
909,300
910,300
911,300
912,300
913,300
914,300
915,300
916,300
917,300
918,300
919,300
920,300
921,300
922,300
923,300
924,300
925,300
926,300
927,300
928,300
929,300
930,300
931,300
932,300
933,300
934,300
935,300
936,300
937,300
938,300
939,300
940,300
941,300
942,300
943,300
944,300
945,300
946,300
947,300
948,300
949,300
950,300
951,300
952,300
953,300
954,300
955,300
956,300
957,300
958,300
959,300
960,300
961,300
962,300
963,300
964,300
965,300
966,300
967,300
968,300
969,300
970,300
971,300
972,300
973,300
974,300
975,300
976,300
977,300
978,300
979,300
980,300
981,300
982,300
983,300
984,300
985,300
986,300
987,300
988,300
989,300
990,300
991,300
992,300
993,300
994,300
995,300
996,300
997,300
998,300
999,300
1000,300
1001,300
1002,300
1003,300
1004,300
1005,300
1006,300
1007,300
1008,300
1009,300
1010,300
1011,300
1012,300
1013,300
1014,300
1015,300
1016,300
1017,300
1018,300
1019,300
1020,300
1021,300
1022,300
1023,300
1024,300
1025,300
1026,300
1027,300
1028,300
1029,300
1030,300
1031,300
1032,300
1033,300
1034,300
1035,300
1036,300
1037,300
1038,300
1039,300
1040,300
1041,300
1042,300
1043,300
1044,300
1045,300
1046,300
1047,300
1048,300
1049,300
1050,300
1051,300
1052,300
1053,300
1054,300
1055,300
1056,300
1057,300
1058,300
1059,300
1060,300
1061,300
1062,300
1063,300
1064,300
1065,300
1066,300
1067,300
1068,300
1069,300
1070,300
1071,300
1072,300
1073,300
1074,300
1075,300
1076,300
1077,300
1078,300
1079,300
1080,300
1081,300
1082,300
1083,300
1084,300
1085,300
1086,300
1087,300
1088,300
1089,300
1090,300
1091,300
1092,300
1093,300
1094,300
1095,300
1096,300
1097,300
1098,300
1099,300
1100,300
1101,300
1102,300
1103,300
1104,300
1105,300
1106,300
1107,300
1108,300
1109,300
1110,300
1111,300
1112,300
1113,300
1114,300
1115,300
1116,300
1117,300
1118,300
1119,300
1120,300
1121,300
1122,300
1123,300
1124,300
1125,300
1126,300
1127,300
1128,300
1129,300
1130,300
1131,300
1132,300
1133,300
1134,300
1135,300
1136,300
1137,300
1138,300
1139,300
1140,300
1141,300
1142,300
1143,300
1144,300
1145,300
1146,300
1147,300
1148,300
1149,300
1150,300
1151,300
1152,300
1153,300
1154,300
1155,300
1156,300
1157,300
1158,300
1159,300
1160,300
1161,300
1162,300
1163,300
1164,300
1165,300
1166,300
1167,300
1168,300
1169,300
1170,300
1171,300
1172,300
1173,300
1174,300
1175,300
1176,300
1177,300
1178,300
1179,300
1180,300
1181,300
1182,300
1183,300
1184,300
1185,300
1186,300
1187,300
1188,300
1189,300
1190,300
1191,300
1192,300
1193,300
1194,300
1195,300
1196,300
1197,300
1198,300
1199,300
1200,300
1201,300
1202,300
1203,300
1204,300
1205,300
1206,300
1207,300
1208,300
1209,300
1210,300
1211,300
1212,300
1213,300
1214,300
1215,300
1216,300
1217,300
1218,300
1219,300
1220,300
1221,300
1222,300
1223,300
1224,300
1225,300
1226,300
1227,300
1228,300
1229,300
1230,300
1231,300
1232,300
1233,300
1234,300
1235,300
1236,300
1237,300
1238,300
1239,300
1240,300
1241,300
1242,300
1243,300
1244,300
1245,300
1246,300
1247,300
1248,300
1249,300
1250,300
1251,300
1252,300
1253,300
1254,300
1255,300
1256,300
1257,300
1258,300
1259,300
1260,300
1261,300
1262,300
1263,300
1264,300
1265,300
1266,300
1267,300
1268,300
1269,300
1270,300
1271,300
1272,300
1273,300
1274,300
1275,300
1276,300
1277,300
1278,300
1279,300
1280,300
1281,300
1282,300
1283,300
1284,300
1285,300
1286,300
1287,300
1288,300
1289,300
1290,300
1291,300
1292,300
1293,300
1294,300
1295,300
1296,300
1297,300
1298,300
1299,300
1300,300
1301,300
1302,300
1303,300
1304,300
1305,300
1306,300
1307,300
1308,300
1309,300
1310,300
1311,300
1312,300
1313,300
1314,300
1315,300
1316,300
1317,300
1318,300
1319,300
1320,300
1321,300
1322,300
1323,300
1324,300
1325,300
1326,300
1327,300
1328,300
1329,300
1330,300
1331,300
1332,300
1333,300
1334,300
1335,300
1336,300
1337,300
1338,300
1339,300
1340,300
1341,300
1342,300
1343,300
1344,300
1345,300
1346,300
1347,300
1348,300
1349,300
1350,300
1351,300
1352,300
1353,300
1354,300
1355,300
1356,300
1357,300
1358,300
1359,300
1360,300
1361,300
1362,300
1363,300
1364,300
1365,300
1366,300
1367,300
1368,300
1369,300
1370,300
1371,300
1372,300
1373,300
1374,300
1375,300
1376,300
1377,300
1378,300
1379,300
1380,300
1381,300
1382,300
1383,300
1384,300
1385,300
1386,300
1387,300
1388,300
1389,300
1390,300
1391,300
1392,300
1393,300
1394,300
1395,300
1396,300
1397,300
1398,300
1399,300
1400,300
1401,300
1402,300
1403,300
1404,300
1405,300
1406,300
1407,300
1408,300
1409,300
1410,300
1411,300
1412,300
1413,300
1414,300
1415,300
1416,300
1417,300
1418,300
1419,300
1420,300
1421,300
1422,300
1423,300
1424,300
1425,300
1426,300
1427,300
1428,300
1429,300
1430,300
1431,300
1432,300
1433,300
1434,300
1435,300
1436,300
1437,300
1438,300
1439,300
1440,300
1441,300
1442,300
1443,300
1444,300
1445,300
1446,300
1447,300
1448,300
1449,300
1450,300
1451,300
1452,300
1453,300
1454,300
1455,300
1456,300
1457,300
1458,300
1459,300
1460,300
1461,300
1462,300
1463,300
1464,300
1465,300
1466,300
1467,300
1468,300
1469,300
1470,300
1471,300
1472,300
1473,300
1474,300
1475,300
1476,300
1477,300
1478,300
1479,300
1480,300
1481,300
1482,300
1483,300
1484,300
1485,300
1486,300
1487,300
1488,300
1489,300
1490,300
1491,300
1492,300
1493,300
1494,300
1495,300
1496,300
1497,300
1498,300
1499,300
1500,300
1501,300
1502,300
1503,300
1504,300
1505,300
1506,300
1507,300
1508,300
1509,300
1510,300
1511,300
1512,300
1513,300
1514,300
1515,300
1516,300
1517,300
1518,300
1519,300
1520,300
1521,300
1522,300
1523,300
1524,300
1525,300
1526,300
1527,300
1528,300
1529,300
1530,300
1531,300
1532,300
1533,300
1534,300
1535,300
1536,300
1537,300
1538,300
1539,300
1540,300
1541,300
1542,300
1543,300
1544,300
1545,300
1546,300
1547,300
1548,300
1549,300
1550,300
1551,300
1552,300
1553,300
1554,300
1555,300
1556,300
1557,300
1558,300
1559,300
1560,300
1561,300
1562,300
1563,300
1564,300
1565,300
1566,300
1567,300
1568,300
1569,300
1570,300
1571,300
1572,300
1573,300
1574,300
1575,300
1576,300
1577,300
1578,300
1579,300
1580,300
1581,300
1582,300
1583,300
1584,300
1585,300
1586,300
1587,300
1588,300
1589,300
1590,300
1591,300
1592,300
1593,300
1594,300
1595,300
1596,300
1597,300
1598,300
1599,300
1600,300
1601,300
1602,300
1603,300
1604,300
1605,300
1606,300
1607,300
1608,300
1609,300
1610,300
1611,300
1612,300
1613,300
1614,300
1615,300
1616,300
1617,300
1618,300
1619,300
1620,300
1621,300
1622,300
1623,300
1624,300
1625,300
1626,300
1627,300
1628,300
1629,300
1630,300
1631,300
1632,300
1633,300
1634,300
1635,300
1636,300
1637,300
1638,300
1639,300
1640,300
1641,300
1642,300
1643,300
1644,300
1645,300
1646,300
1647,300
1648,300
1649,300
1650,300
1651,300
1652,300
1653,300
1654,300
1655,300
1656,300
1657,300
1658,300
1659,300
1660,300
1661,300
1662,300
1663,300
1664,300
1665,300
1666,300
1667,300
1668,300
1669,300
1670,300
1671,300
1672,300
1673,300
1674,300
1675,300
1676,300
1677,300
1678,300
1679,300
1680,300
1681,300
1682,300
1683,300
1684,300
1685,300
1686,300
1687,300
1688,300
1689,300
1690,300
1691,300
1692,300
1693,300
1694,300
1695,299
1696,299
1697,298
1698,298
1699,298
1700,298
1701,297
1702,296
1703,296
1704,296
1705,296
1706,296
1707,295
1708,295
1709,295
1710,294
1711,294
1712,294
1713,294
1714,293
1715,293
1716,293
1717,292
1718,292
1719,292
1720,291
1721,291
1722,291
1723,289
1724,288
1725,287
1726,286
1727,285
1728,284
1729,283
1730,282
1731,281
1732,280
1733,280
1734,279
1735,277
1736,276
1737,273
1738,272
1739,271
1740,270
1741,269
1742,268
1743,266
1744,264
1745,263
1746,262
1747,261
1748,260
1749,259
1750,258
1751,257
1752,256
1753,255
1754,254
1755,253
1756,253
1757,253
1758,253
1759,253
1760,253
1761,253
1762,253
1763,253
1764,253
1765,253
1766,253
1767,253
1768,253
1769,253
1770,253
1771,253
1772,253
1773,253
1774,253
1775,253
1776,253
1777,253
1778,253
1779,253
1780,253
1781,253
1782,253
1783,253
1784,253
1785,253
1786,253
1787,253
1788,253
1789,253
1790,253
1791,253
1792,253
1793,253
1794,253
1795,253
1796,253
1797,253
1798,253
1799,253
1800,253
1801,253
1802,253
1803,253
1804,253
1805,253
1806,253
1807,253
1808,253
1809,253
1810,253
1811,253
1812,253
1813,253
1814,253
1815,253
1816,253
1817,253
1818,253
1819,253
1820,253
1821,253
1822,253
1823,253
1824,253
1825,253
1826,253
1827,253
1828,253
1829,253
1830,253
1831,253
1832,253
1833,253
1834,253
1835,253
1836,253
1837,253
1838,253
1839,253
1840,253
1841,253
1842,253
1843,253
1844,253
1845,253
1846,253
1847,253
1848,253
1849,253
1850,253
1851,253
1852,253
1853,253
1854,253
1855,253
1856,253
1857,253
1858,253
1859,253
1860,253
1861,253
1862,253
1863,253
1864,253
1865,253
1866,253
1867,253
1868,253
1869,253
1870,253
1871,253
1872,253
1873,253
1874,253
1875,253
1876,253
1877,253
1878,253
1879,253
1880,253
1881,253
1882,253
1883,253
1884,253
1885,253
1886,253
1887,253
1888,253
1889,253
1890,253
1891,253
1892,253
1893,253
1894,253
1895,253
1896,253
1897,253
1898,253
1899,253
1900,253
1901,253
1902,253
1903,253
1904,253
1905,253
1906,253
1907,253
1908,253
1909,253
1910,253
1911,253
1912,253
1913,253
1914,253
1915,253
1916,253
1917,253
1918,253
1919,253
1920,253
1921,253
1922,253
1923,253
1924,253
1925,253
1926,253
1927,253
1928,253
1929,253
1930,253
1931,253
1932,253
1933,253
1934,253
1935,253
1936,253
1937,253
1938,253
1939,253
1940,253
1941,253
1942,253
1943,253
1944,253
1945,253
1946,253
1947,253
1948,253
1949,253
1950,253
1951,253
1952,253
1953,253
1954,253
1955,253
1956,253
1957,253
1958,253
1959,253
1960,253
1961,253
1962,253
1963,253
1964,253
1965,253
1966,253
1967,253
1968,253
1969,253
1970,253
1971,253
1972,253
1973,253
1974,253
1975,253
1976,253
1977,253
1978,253
1979,253
1980,253
1981,253
1982,253
1983,253
1984,253
1985,253
1986,253
1987,253
1988,253
1989,253
1990,253
1991,253
1992,253
1993,253
1994,253
1995,253
1996,253
1997,253
1998,253
1999,253
2000,253
2001,253
2002,253
2003,253
2004,253
2005,253
2006,253
2007,253
2008,253
2009,253
2010,253
2011,253
2012,253
2013,253
2014,253
2015,253
2016,253
2017,253
2018,253
2019,253
2020,253
2021,253
2022,253
2023,253
2024,253
2025,253
2026,253
2027,253
2028,253
2029,253
2030,253
2031,253
2032,253
2033,253
2034,253
2035,253
2036,253
2037,253
2038,253
2039,253
2040,253
2041,253
2042,253
2043,253
2044,253
2045,253
2046,253
2047,253
2048,253
2049,253
2050,253
2051,253
2052,253
2053,253
2054,253
2055,253
2056,253
2057,253
2058,253
2059,253
2060,253
2061,253
2062,253
2063,253
2064,253
2065,253
2066,253
2067,253
2068,253
2069,253
2070,253
2071,253
2072,253
2073,253
2074,253
2075,253
2076,253
2077,253
2078,253
2079,253
2080,253
2081,253
2082,253
2083,253
2084,253
2085,253
2086,253
2087,253
2088,253
2089,253
2090,253
2091,253
2092,253
2093,253
2094,253
2095,253
2096,253
2097,253
2098,253
2099,253
2100,253
2101,253
2102,253
2103,253
2104,253
2105,253
2106,253
2107,253
2108,253
2109,253
2110,253
2111,253
2112,253
2113,253
2114,253
2115,253
2116,253
2117,253
2118,253
2119,253
2120,253
2121,253
2122,253
2123,253
2124,253
2125,253
2126,253
2127,253
2128,253
2129,253
2130,253
2131,253
2132,253
2133,253
2134,253
2135,253
2136,253
2137,253
2138,253
2139,253
2140,253
2141,253
2142,253
2143,253
2144,253
2145,253
2146,253
2147,253
2148,253
2149,253
2150,253
2151,253
2152,253
2153,253
2154,253
2155,253
2156,253
2157,253
2158,253
2159,253
2160,253
2161,253
2162,253
2163,253
2164,253
2165,253
2166,253
2167,253
2168,253
2169,253
2170,253
2171,253
2172,253
2173,253
2174,253
2175,253
2176,253
2177,253
2178,253
2179,253
2180,253
2181,253
2182,253
2183,253
2184,253
2185,253
2186,253
2187,253
2188,253
2189,253
2190,253
2191,253
2192,253
2193,253
2194,253
2195,253
2196,253
2197,253
2198,253
2199,253
2200,253
2201,253
2202,253
2203,253
2204,253
2205,253
2206,252
2207,251
2208,250
2209,249
2210,249
2211,249
2212,248
2213,247
2214,247
2215,246
2216,246
2217,245
2218,243
2219,242
2220,241
2221,240
2222,239
2223,239
2224,238
2225,237
2226,236
2227,234
2228,233
2229,232
2230,231
2231,230
2232,229
2233,228
2234,227
2235,226
2236,225
2237,224
2238,223
2239,222
2240,221
2241,220
2242,219
2243,218
2244,215
2245,214
2246,213
2247,212
2248,210
2249,209
2250,208
2251,206
2252,205
2253,204
2254,201
2255,196
2256,192
2257,190
2258,189
2259,189
2260,189
2261,189
2262,189
2263,189
2264,189
2265,189
2266,189
2267,189
2268,189
2269,189
2270,189
2271,189
2272,189
2273,189
2274,189
2275,189
2276,189
2277,189
2278,189
2279,189
2280,189
2281,189
2282,189
2283,189
2284,189
2285,189
2286,189
2287,189
2288,189
2289,189
2290,189
2291,189
2292,189
2293,189
2294,189
2295,189
2296,189
2297,189
2298,189
2299,189
2300,189
2301,189
2302,189
2303,189
2304,189
2305,189
2306,189
2307,189
2308,189
2309,189
2310,189
2311,189
2312,189
2313,189
2314,189
2315,189
2316,189
2317,189
2318,189
2319,189
2320,189
2321,189
2322,189
2323,189
2324,189
2325,189
2326,189
2327,189
2328,189
2329,189
2330,189
2331,189
2332,189
2333,189
2334,189
2335,189
2336,189
2337,189
2338,189
2339,189
2340,189
2341,189
2342,189
2343,189
2344,189
2345,189
2346,189
2347,189
2348,189
2349,189
2350,189
2351,189
2352,189
2353,189
2354,189
2355,189
2356,189
2357,189
2358,189
2359,189
2360,189
2361,189
2362,189
2363,189
2364,189
2365,189
2366,189
2367,189
2368,189
2369,189
2370,189
2371,189
2372,189
2373,189
2374,189
2375,189
2376,189
2377,189
2378,189
2379,189
2380,189
2381,189
2382,189
2383,189
2384,189
2385,189
2386,189
2387,189
2388,189
2389,189
2390,189
2391,189
2392,189
2393,189
2394,189
2395,189
2396,189
2397,189
2398,189
2399,189
2400,189
2401,189
2402,189
2403,189
2404,189
2405,189
2406,189
2407,189
2408,189
2409,189
2410,189
2411,189
2412,189
2413,189
2414,189
2415,189
2416,189
2417,189
2418,189
2419,189
2420,189
2421,189
2422,189
2423,189
2424,189
2425,189
2426,189
2427,189
2428,189
2429,189
2430,189
2431,189
2432,189
2433,189
2434,189
2435,189
2436,189
2437,189
2438,189
2439,189
2440,189
2441,189
2442,189
2443,189
2444,189
2445,189
2446,189
2447,189
2448,189
2449,189
2450,189
2451,189
2452,189
2453,189
2454,189
2455,189
2456,189
2457,189
2458,189
2459,189
2460,189
2461,189
2462,189
2463,189
2464,189
2465,189
2466,189
2467,189
2468,189
2469,189
2470,189
2471,189
2472,189
2473,189
2474,189
2475,189
2476,189
2477,189
2478,189
2479,189
2480,189
2481,189
2482,189
2483,189
2484,189
2485,189
2486,189
2487,189
2488,189
2489,189
2490,189
2491,189
2492,189
2493,189
2494,189
2495,189
2496,189
2497,189
2498,189
2499,189
2500,189
2501,189
2502,189
2503,189
2504,189
2505,189
2506,189
2507,189
2508,189
2509,189
2510,189
2511,189
2512,189
2513,189
2514,189
2515,189
2516,189
2517,189
2518,189
2519,189
2520,189
2521,189
2522,189
2523,189
2524,189
2525,189
2526,189
2527,189
2528,189
2529,189
2530,189
2531,189
2532,189
2533,189
2534,189
2535,189
2536,189
2537,189
2538,189
2539,189
2540,189
2541,189
2542,189
2543,189
2544,189
2545,189
2546,189
2547,189
2548,189
2549,189
2550,189
2551,189
2552,189
2553,189
2554,189
2555,189
2556,189
2557,189
2558,189
2559,189
2560,189
2561,189
2562,189
2563,189
2564,189
2565,189
2566,189
2567,189
2568,189
2569,189
2570,189
2571,189
2572,189
2573,189
2574,189
2575,189
2576,189
2577,189
2578,189
2579,189
2580,189
2581,189
2582,189
2583,189
2584,189
2585,189
2586,189
2587,189
2588,189
2589,189
2590,189
2591,189
2592,189
2593,189
2594,189
2595,189
2596,189
2597,189
2598,189
2599,189
2600,189
2601,189
2602,189
2603,189
2604,189
2605,189
2606,189
2607,189
2608,189
2609,189
2610,189
2611,189
2612,189
2613,189
2614,189
2615,189
2616,189
2617,189
2618,189
2619,189
2620,189
2621,189
2622,189
2623,189
2624,189
2625,189
2626,189
2627,189
2628,189
2629,189
2630,189
2631,189
2632,189
2633,189
2634,189
2635,189
2636,189
2637,189
2638,189
2639,189
2640,189
2641,189
2642,189
2643,189
2644,189
2645,189
2646,189
2647,189
2648,189
2649,189
2650,189
2651,189
2652,189
2653,189
2654,189
2655,189
2656,189
2657,189
2658,189
2659,189
2660,189
2661,189
2662,189
2663,189
2664,189
2665,189
2666,189
2667,189
2668,189
2669,189
2670,189
2671,189
2672,189
2673,189
2674,189
2675,189
2676,189
2677,189
2678,189
2679,189
2680,189
2681,189
2682,189
2683,189
2684,189
2685,189
2686,189
2687,189
2688,189
2689,189
2690,189
2691,189
2692,189
2693,189
2694,189
2695,189
2696,189
2697,189
2698,189
2699,189
2700,189
2701,189
2702,189
2703,189
2704,189
2705,189
2706,189
2707,189
2708,189
2709,189
2710,189
2711,189
2712,189
2713,189
2714,189
2715,189
2716,189
2717,189
2718,189
2719,189
2720,189
2721,189
2722,189
2723,189
2724,189
2725,189
2726,189
2727,189
2728,189
2729,189
2730,189
2731,189
2732,189
2733,189
2734,189
2735,189
2736,189
2737,189
2738,189
2739,189
2740,189
2741,189
2742,189
2743,189
2744,189
2745,189
2746,189
2747,189
2748,189
2749,189
2750,189
2751,189
2752,189
2753,189
2754,189
2755,189
2756,189
2757,189
2758,189
2759,189
2760,189
2761,189
2762,189
2763,189
2764,189
2765,189
2766,189
2767,189
2768,189
2769,189
2770,189
2771,189
2772,189
2773,189
2774,189
2775,189
2776,189
2777,189
2778,189
2779,189
2780,189
2781,189
2782,189
2783,189
2784,189
2785,189
2786,189
2787,189
2788,189
2789,189
2790,189
2791,189
2792,189
2793,189
2794,189
2795,189
2796,189
2797,189
2798,189
2799,189
2800,189
2801,189
2802,189
2803,189
2804,189
2805,189
2806,189
2807,189
2808,189
2809,189
2810,189
2811,189
2812,189
2813,189
2814,189
2815,189
2816,189
2817,189
2818,189
2819,189
2820,189
2821,189
2822,189
2823,189
2824,189
2825,189
2826,189
2827,189
2828,189
2829,189
2830,189
2831,189
2832,189
2833,189
2834,189
2835,189
2836,189
2837,189
2838,189
2839,189
2840,189
2841,189
2842,189
2843,189
2844,189
2845,189
2846,189
2847,189
2848,189
2849,189
2850,189
2851,189
2852,189
2853,189
2854,189
2855,189
2856,189
2857,189
2858,189
2859,189
2860,189
2861,189
2862,189
2863,189
2864,189
2865,189
2866,189
2867,189
2868,189
2869,189
2870,189
2871,189
2872,189
2873,189
2874,189
2875,189
2876,189
2877,189
2878,189
2879,189
2880,189
2881,189
2882,189
2883,189
2884,189
2885,189
2886,189
2887,189
2888,189
2889,189
2890,189
2891,189
2892,189
2893,189
2894,189
2895,189
2896,189
2897,189
2898,189
2899,189
2900,189
2901,189
2902,189
2903,189
2904,189
2905,189
2906,189
2907,189
2908,189
2909,189
2910,189
2911,189
2912,189
2913,189
2914,189
2915,189
2916,189
2917,189
2918,189
2919,189
2920,189
2921,189
2922,189
2923,189
2924,189
2925,189
2926,189
2927,189
2928,189
2929,189
2930,189
2931,189
2932,189
2933,189
2934,189
2935,189
2936,189
2937,189
2938,189
2939,189
2940,189
2941,189
2942,189
2943,189
2944,189
2945,189
2946,189
2947,189
2948,189
2949,189
2950,189
2951,189
2952,189
2953,189
2954,189
2955,189
2956,189
2957,189
2958,189
2959,189
2960,189
2961,189
2962,189
2963,189
2964,189
2965,189
2966,189
2967,189
2968,189
2969,189
2970,189
2971,189
2972,189
2973,189
2974,189
2975,189
2976,189
2977,189
2978,189
2979,189
2980,189
2981,189
2982,189
2983,189
2984,189
2985,189
2986,189
2987,189
2988,189
2989,189
2990,189
2991,189
2992,189
2993,189
2994,189
2995,189
2996,189
2997,189
2998,189
2999,189
3000,189
3001,189
3002,189
3003,189
3004,189
3005,189
3006,189
3007,189
3008,189
3009,189
3010,189
3011,189
3012,189
3013,189
3014,189
3015,189
3016,189
3017,189
3018,189
3019,189
3020,189
3021,189
3022,189
3023,189
3024,189
3025,189
3026,189
3027,189
3028,189
3029,189
3030,189
3031,189
3032,189
3033,189
3034,189
3035,189
3036,189
3037,189
3038,189
3039,189
3040,189
3041,189
3042,189
3043,189
3044,189
3045,189
3046,189
3047,189
3048,189
3049,189
3050,189
3051,189
3052,189
3053,189
3054,189
3055,189
3056,189
3057,189
3058,189
3059,189
3060,189
3061,189
3062,189
3063,189
3064,189
3065,189
3066,189
3067,189
3068,189
3069,189
3070,189
3071,189
3072,189
3073,189
3074,189
3075,189
3076,189
3077,189
3078,189
3079,189
3080,189
3081,189
3082,189
3083,189
3084,189
3085,189
3086,189
3087,189
3088,189
3089,189
3090,189
3091,189
3092,189
3093,189
3094,189
3095,189
3096,189
3097,189
3098,189
3099,189
3100,189
3101,189
3102,189
3103,189
3104,189
3105,189
3106,189
3107,189
3108,189
3109,189
3110,189
3111,189
3112,189
3113,189
3114,189
3115,189
3116,189
3117,189
3118,189
3119,189
3120,189
3121,189
3122,189
3123,189
3124,189
3125,189
3126,189
3127,189
3128,189
3129,189
3130,189
3131,189
3132,189
3133,189
3134,189
3135,189
3136,189
3137,189
3138,189
3139,189
3140,189
3141,189
3142,189
3143,189
3144,189
3145,189
3146,189
3147,189
3148,189
3149,189
3150,189
3151,189
3152,189
3153,189
3154,189
3155,189
3156,189
3157,189
3158,189
3159,189
3160,189
3161,189
3162,189
3163,189
3164,189
3165,189
3166,189
3167,189
3168,189
3169,189
3170,189
3171,189
3172,189
3173,189
3174,189
3175,189
3176,189
3177,189
3178,189
3179,189
3180,189
3181,189
3182,189
3183,189
3184,189
3185,189
3186,189
3187,189
3188,189
3189,189
3190,189
3191,189
3192,188
3193,188
3194,188
3195,188
3196,188
3197,188
3198,188
3199,188
3200,188
3201,188
3202,188
3203,188
3204,188
3205,188
3206,188
3207,188
3208,188
3209,188
3210,188
3211,188
3212,188
3213,188
3214,188
3215,188
3216,188
3217,188
3218,188
3219,188
3220,188
3221,188
3222,188
3223,188
3224,188
3225,188
3226,188
3227,188
3228,188
3229,188
3230,188
3231,188
3232,188
3233,188
3234,188
3235,188
3236,188
3237,188
3238,188
3239,188
3240,188
3241,188
3242,188
3243,188
3244,188
3245,188
3246,188
3247,188
3248,188
3249,188
3250,188
3251,188
3252,188
3253,188
3254,188
3255,188
3256,188
3257,188
3258,188
3259,188
3260,188
3261,188
3262,188
3263,188
3264,188
3265,188
3266,188
3267,188
3268,188
3269,188
3270,188
3271,188
3272,188
3273,188
3274,188
3275,188
3276,188
3277,188
3278,188
3279,188
3280,188
3281,188
3282,188
3283,188
3284,188
3285,188
3286,188
3287,188
3288,188
3289,188
3290,188
3291,188
3292,188
3293,188
3294,188
3295,188
3296,188
3297,188
3298,188
3299,188
3300,188
3301,188
3302,188
3303,188
3304,188
3305,188
3306,188
3307,188
3308,188
3309,188
3310,188
3311,188
3312,188
3313,188
3314,188
3315,188
3316,188
3317,188
3318,188
3319,188
3320,188
3321,188
3322,188
3323,188
3324,188
3325,188
3326,188
3327,188
3328,188
3329,188
3330,188
3331,188
3332,188
3333,188
3334,188
3335,188
3336,188
3337,188
3338,188
3339,188
3340,188
3341,188
3342,188
3343,188
3344,188
3345,188
3346,188
3347,188
3348,188
3349,188
3350,188
3351,188
3352,188
3353,188
3354,188
3355,188
3356,188
3357,188
3358,188
3359,188
3360,188
3361,188
3362,188
3363,188
3364,188
3365,188
3366,188
3367,188
3368,188
3369,188
3370,188
3371,188
3372,188
3373,188
3374,188
3375,188
3376,188
3377,188
3378,188
3379,188
3380,188
3381,188
3382,188
3383,188
3384,188
3385,188
3386,188
3387,188
3388,188
3389,188
3390,188
3391,188
3392,188
3393,188
3394,188
3395,188
3396,188
3397,188
3398,188
3399,188
3400,188
3401,188
3402,188
3403,188
3404,188
3405,188
3406,188
3407,188
3408,188
3409,188
3410,188
3411,188
3412,188
3413,188
3414,188
3415,188
3416,188
3417,188
3418,188
3419,188
3420,188
3421,188
3422,188
3423,188
3424,188
3425,188
3426,188
3427,188
3428,188
3429,188
3430,188
3431,188
3432,188
3433,188
3434,188
3435,188
3436,188
3437,188
3438,188
3439,188
3440,188
3441,188
3442,188
3443,188
3444,188
3445,188
3446,188
3447,188
3448,188
3449,188
3450,188
3451,188
3452,188
3453,188
3454,188
3455,188
3456,188
3457,188
3458,188
3459,188
3460,188
3461,188
3462,188
3463,188
3464,188
3465,188
3466,188
3467,188
3468,188
3469,188
3470,188
3471,188
3472,188
3473,188
3474,188
3475,188
3476,188
3477,188
3478,188
3479,188
3480,188
3481,188
3482,188
3483,188
3484,188
3485,188
3486,188
3487,188
3488,188
3489,188
3490,188
3491,188
3492,188
3493,188
3494,188
3495,188
3496,188
3497,188
3498,188
3499,188
3500,188
3501,188
3502,188
3503,188
3504,188
3505,188
3506,188
3507,188
3508,188
3509,188
3510,188
3511,188
3512,188
3513,188
3514,188
3515,188
3516,188
3517,188
3518,188
3519,188
3520,188
3521,188
3522,188
3523,188
3524,188
3525,188
3526,188
3527,188
3528,188
3529,188
3530,188
3531,188
3532,188
3533,188
3534,188
3535,188
3536,188
3537,188
3538,188
3539,188
3540,188
3541,188
3542,188
3543,188
3544,188
3545,188
3546,188
3547,188
3548,188
3549,188
3550,188
3551,188
3552,188
3553,188
3554,188
3555,188
3556,188
3557,188
3558,188
3559,188
3560,188
3561,188
3562,188
3563,188
3564,188
3565,188
3566,188
3567,188
3568,188
3569,188
3570,188
3571,188
3572,188
3573,188
3574,188
3575,188
3576,188
3577,188
3578,188
3579,188
3580,188
3581,188
3582,188
3583,188
3584,188
3585,188
3586,188
3587,188
3588,188
3589,188
3590,188
3591,188
3592,188
3593,188
3594,188
3595,188
3596,188
3597,188
3598,188
3599,188
3600,188
3601,188
3602,188
3603,188
3604,188
3605,188
3606,188
3607,188
3608,188
3609,188
3610,188
3611,188
3612,188
3613,188
3614,188
3615,188
3616,188
3617,188
3618,188
3619,188
3620,188
3621,188
3622,188
3623,188
3624,188
3625,188
3626,188
3627,188
3628,188
3629,188
3630,188
3631,188
3632,188
3633,188
3634,188
3635,188
3636,188
3637,188
3638,188
3639,188
3640,188
3641,188
3642,188
3643,188
3644,188
3645,188
3646,188
3647,188
3648,188
3649,188
3650,188
3651,188
3652,188
3653,188
3654,188
3655,188
3656,188
3657,188
3658,188
3659,188
3660,188
3661,188
3662,188
3663,188
3664,188
3665,188
3666,188
3667,188
3668,188
3669,188
3670,188
3671,188
3672,188
3673,188
3674,188
3675,188
3676,188
3677,188
3678,188
3679,188
3680,188
3681,188
3682,188
3683,188
3684,188
3685,188
3686,188
3687,188
3688,188
3689,188
3690,188
3691,188
3692,188
3693,188
3694,188
3695,188
3696,188
3697,188
3698,188
3699,188
3700,188
3701,188
3702,188
3703,188
3704,188
3705,188
3706,188
3707,188
3708,188
3709,188
3710,188
3711,188
3712,188
3713,188
3714,188
3715,188
3716,188
3717,188
3718,188
3719,188
3720,188
3721,188
3722,188
3723,188
3724,188
3725,188
3726,188
3727,188
3728,188
3729,188
3730,188
3731,188
3732,188
3733,188
3734,188
3735,188
3736,188
3737,188
3738,188
3739,188
3740,188
3741,188
3742,188
3743,188
3744,188
3745,188
3746,188
3747,188
3748,188
3749,188
3750,188
3751,188
3752,188
3753,188
3754,188
3755,188
3756,188
3757,188
3758,188
3759,188
3760,188
3761,188
3762,188
3763,188
3764,188
3765,188
3766,188
3767,188
3768,188
3769,188
3770,188
3771,188
3772,188
3773,188
3774,187
3775,187
3776,187
3777,187
3778,187
3779,187
3780,187
3781,187
3782,187
3783,187
3784,187
3785,187
3786,187
3787,187
3788,187
3789,187
3790,187
3791,187
3792,187
3793,187
3794,187
3795,187
3796,187
3797,187
3798,187
3799,187
3800,187
3801,187
3802,187
3803,187
3804,187
3805,187
3806,187
3807,187
3808,187
3809,187
3810,187
3811,187
3812,187
3813,187
3814,187
3815,187
3816,187
3817,187
3818,187
3819,187
3820,187
3821,187
3822,187
3823,187
3824,187
3825,187
3826,187
3827,187
3828,187
3829,187
3830,187
3831,187
3832,187
3833,187
3834,187
3835,187
3836,187
3837,187
3838,187
3839,187
3840,187
3841,187
3842,187
3843,187
3844,187
3845,187
3846,187
3847,187
3848,187
3849,187
3850,187
3851,187
3852,187
3853,187
3854,187
3855,187
3856,187
3857,187
3858,187
3859,187
3860,187
3861,187
3862,187
3863,187
3864,187
3865,187
3866,187
3867,187
3868,187
3869,187
3870,187
3871,187
3872,187
3873,187
3874,187
3875,187
3876,187
3877,187
3878,187
3879,187
3880,187
3881,187
3882,187
3883,187
3884,187
3885,187
3886,187
3887,187
3888,187
3889,187
3890,187
3891,187
3892,187
3893,187
3894,187
3895,187
3896,187
3897,187
3898,187
3899,187
3900,187
3901,187
3902,187
3903,187
3904,187
3905,187
3906,187
3907,187
3908,187
3909,187
3910,187
3911,187
3912,187
3913,187
3914,187
3915,187
3916,187
3917,187
3918,187
3919,187
3920,187
3921,187
3922,187
3923,187
3924,187
3925,187
3926,187
3927,187
3928,187
3929,187
3930,187
3931,187
3932,187
3933,187
3934,187
3935,187
3936,187
3937,187
3938,187
3939,187
3940,187
3941,187
3942,187
3943,187
3944,187
3945,187
3946,187
3947,187
3948,187
3949,187
3950,187
3951,187
3952,187
3953,187
3954,187
3955,187
3956,187
3957,187
3958,187
3959,187
3960,187
3961,187
3962,187
3963,187
3964,187
3965,187
3966,187
3967,187
3968,187
3969,187
3970,187
3971,187
3972,187
3973,187
3974,187
3975,187
3976,187
3977,187
3978,187
3979,187
3980,187
3981,187
3982,187
3983,187
3984,187
3985,187
3986,187
3987,187
3988,187
3989,187
3990,187
3991,187
3992,187
3993,187
3994,187
3995,187
3996,187
3997,187
3998,187
3999,187
4000,187
4001,187
4002,187
4003,187
4004,187
4005,187
4006,187
4007,187
4008,187
4009,187
4010,187
4011,187
4012,187
4013,187
4014,187
4015,187
4016,187
4017,187
4018,187
4019,187
4020,187
4021,187
4022,187
4023,187
4024,187
4025,187
4026,187
4027,187
4028,187
4029,187
4030,187
4031,187
4032,187
4033,187
4034,187
4035,187
4036,187
4037,187
4038,187
4039,187
4040,187
4041,187
4042,187
4043,187
4044,187
4045,187
4046,187
4047,187
4048,187
4049,187
4050,187
4051,187
4052,187
4053,187
4054,187
4055,187
4056,187
4057,187
4058,187
4059,187
4060,187
4061,187
4062,187
4063,187
4064,187
4065,187
4066,187
4067,187
4068,187
4069,187
4070,187
4071,187
4072,187
4073,187
4074,187
4075,187
4076,187
4077,187
4078,187
4079,187
4080,187
4081,187
4082,187
4083,187
4084,187
4085,187
4086,187
4087,187
4088,187
4089,187
4090,187
4091,187
4092,187
4093,187
4094,187
4095,187
4096,187
4097,187
4098,187
4099,187
4100,187
4101,187
4102,187
4103,187
4104,187
4105,187
4106,187
4107,187
4108,187
4109,187
4110,187
4111,187
4112,187
4113,187
4114,187
4115,187
4116,187
4117,187
4118,187
4119,187
4120,187
4121,187
4122,187
4123,187
4124,187
4125,187
4126,187
4127,187
4128,187
4129,187
4130,187
4131,187
4132,187
4133,187
4134,187
4135,187
4136,187
4137,187
4138,187
4139,187
4140,187
4141,187
4142,187
4143,187
4144,187
4145,187
4146,187
4147,187
4148,187
4149,187
4150,187
4151,187
4152,187
4153,187
4154,187
4155,187
4156,187
4157,187
4158,187
4159,187
4160,187
4161,187
4162,187
4163,187
4164,187
4165,187
4166,187
4167,187
4168,187
4169,187
4170,187
4171,187
4172,187
4173,187
4174,187
4175,187
4176,187
4177,187
4178,187
4179,187
4180,187
4181,187
4182,187
4183,187
4184,187
4185,187
4186,187
4187,187
4188,187
4189,187
4190,187
4191,187
4192,187
4193,187
4194,187
4195,187
4196,187
4197,187
4198,187
4199,187
4200,187
4201,187
4202,187
4203,187
4204,187
4205,187
4206,187
4207,187
4208,187
4209,187
4210,187
4211,187
4212,187
4213,187
4214,187
4215,187
4216,187
4217,187
4218,187
4219,187
4220,187
4221,187
4222,187
4223,187
4224,187
4225,187
4226,187
4227,187
4228,187
4229,187
4230,187
4231,187
4232,187
4233,187
4234,187
4235,187
4236,187
4237,187
4238,187
4239,187
4240,187
4241,187
4242,187
4243,187
4244,187
4245,187
4246,187
4247,187
4248,187
4249,187
4250,187
4251,187
4252,187
4253,187
4254,187
4255,187
4256,187
4257,187
4258,187
4259,187
4260,187
4261,187
4262,187
4263,187
4264,187
4265,187
4266,187
4267,187
4268,187
4269,187
4270,187
4271,187
4272,187
4273,187
4274,187
4275,187
4276,187
4277,187
4278,187
4279,187
4280,187
4281,187
4282,187
4283,187
4284,187
4285,187
4286,187
4287,187
4288,187
4289,187
4290,187
4291,187
4292,187
4293,187
4294,187
4295,187
4296,187
4297,187
4298,187
4299,187
4300,187
4301,187
4302,187
4303,187
4304,187
4305,187
4306,187
4307,187
4308,187
4309,187
4310,187
4311,187
4312,187
4313,187
4314,187
4315,187
4316,187
4317,187
4318,187
4319,187
4320,187
4321,187
4322,187
4323,187
4324,187
4325,187
4326,187
4327,187
4328,187
4329,187
4330,187
4331,187
4332,187
4333,187
4334,187
4335,187
4336,187
4337,187
4338,187
4339,187
4340,187
4341,187
4342,187
4343,187
4344,187
4345,187
4346,187
4347,187
4348,187
4349,187
4350,187
4351,187
4352,187
4353,187
4354,187
4355,187
4356,187
4357,187
4358,187
4359,187
4360,187
4361,187
4362,187
4363,187
4364,187
4365,187
4366,187
4367,187
4368,187
4369,187
4370,187
4371,187
4372,187
4373,187
4374,187
4375,187
4376,187
4377,187
4378,187
4379,187
4380,187
4381,187
4382,187
4383,187
4384,187
4385,187
4386,187
4387,187
4388,187
4389,187
4390,187
4391,187
4392,187
4393,187
4394,187
4395,187
4396,187
4397,187
4398,187
4399,187
4400,187
4401,187
4402,187
4403,187
4404,187
4405,187
4406,187
4407,187
4408,187
4409,187
4410,187
4411,187
4412,187
4413,187
4414,187
4415,187
4416,187
4417,186
4418,186
4419,186
4420,185
4421,184
4422,184
4423,184
4424,184
4425,184
4426,184
4427,184
4428,184
4429,184
4430,183
4431,182
4432,181
4433,181
4434,181
4435,179
4436,178
4437,176
4438,175
4439,174
4440,173
4441,172
4442,171
4443,169
4444,167
4445,164
4446,161
4447,158
4448,155
4449,150
4450,148
4451,142
4452,142
4453,142
4454,142
4455,142
4456,142
4457,142
4458,141
4459,141
4460,141
4461,140
4462,139
4463,139
4464,138
4465,138
4466,138
4467,137
4468,136
4469,135
4470,134
4471,133
4472,132
4473,131
4474,130
4475,129
4476,128
4477,128
4478,128
4479,128
4480,128
4481,128
4482,128
4483,128
4484,128
4485,128
4486,128
4487,128
4488,128
4489,128
4490,128
4491,128
4492,128
4493,128
4494,128
4495,128
4496,128
4497,128
4498,128
4499,128
4500,128
4501,128
4502,128
4503,128
4504,128
4505,128
4506,128
4507,128
4508,128
4509,128
4510,128
4511,128
4512,128
4513,128
4514,128
4515,128
4516,128
4517,128
4518,128
4519,128
4520,128
4521,128
4522,128
4523,128
4524,128
4525,128
4526,128
4527,128
4528,128
4529,128
4530,128
4531,128
4532,128
4533,128
4534,128
4535,128
4536,128
4537,128
4538,128
4539,128
4540,128
4541,128
4542,128
4543,128
4544,128
4545,128
4546,128
4547,128
4548,128
4549,128
4550,128
4551,128
4552,128
4553,128
4554,128
4555,128
4556,128
4557,128
4558,128
4559,128
4560,128
4561,128
4562,128
4563,128
4564,128
4565,128
4566,128
4567,127
4568,127
4569,127
4570,127
4571,127
4572,127
4573,127
4574,127
4575,127
4576,127
4577,127
4578,127
4579,127
4580,127
4581,127
4582,127
4583,126
4584,126
4585,126
4586,126
4587,126
4588,126
4589,126
4590,126
4591,126
4592,126
4593,126
4594,126
4595,126
4596,126
4597,126
4598,126
4599,126
4600,126
4601,126
4602,126
4603,126
4604,126
4605,126
4606,126
4607,126
4608,126
4609,126
4610,126
4611,126
4612,126
4613,126
4614,126
4615,126
4616,126
4617,126
4618,126
4619,126
4620,126
4621,126
4622,126
4623,126
4624,126
4625,126
4626,126
4627,126
4628,126
4629,126
4630,126
4631,126
4632,126
4633,126
4634,126
4635,126
4636,126
4637,126
4638,126
4639,126
4640,126
4641,126
4642,126
4643,126
4644,126
4645,126
4646,126
4647,126
4648,126
4649,126
4650,126
4651,126
4652,126
4653,126
4654,126
4655,126
4656,126
4657,126
4658,126
4659,126
4660,126
4661,126
4662,126
4663,126
4664,126
4665,126
4666,126
4667,126
4668,126
4669,126
4670,126
4671,126
4672,126
4673,126
4674,126
4675,126
4676,126
4677,126
4678,126
4679,125
4680,125
4681,125
4682,125
4683,125
4684,125
4685,125
4686,125
4687,124
4688,122
4689,122
4690,122
4691,121
4692,121
4693,120
4694,120
4695,119
4696,119
4697,118
4698,117
4699,117
4700,117
4701,116
4702,116
4703,116
4704,115
4705,113
4706,112
4707,111
4708,110
4709,108
4710,108
4711,108
4712,107
4713,105
4714,104
4715,103
4716,102
4717,100
4718,99
4719,96
4720,95
4721,93
4722,92
4723,90
4724,88
4725,86
4726,84
4727,82
4728,78
4729,77
4730,76
4731,75
4732,71
4733,70
4734,70
4735,69
4736,68
4737,67
4738,66
4739,65
4740,64
4741,63
4742,62
4743,61
4744,60
4745,59
4746,58
4747,57
4748,56
4749,56
4750,56
4751,56
4752,56
4753,56
4754,56
4755,56
4756,56
4757,56
4758,56
4759,56
4760,56
4761,56
4762,55
4763,55
4764,55
4765,55
4766,55
4767,55
4768,55
4769,55
4770,55
4771,55
4772,55
4773,55
4774,55
4775,55
4776,55
4777,55
4778,55
4779,55
4780,55
4781,55
4782,55
4783,55
4784,55
4785,55
4786,55
4787,55
4788,55
4789,55
4790,55
4791,55
4792,55
4793,55
4794,55
4795,55
4796,55
4797,55
4798,55
4799,55
4800,55
4801,55
4802,55
4803,55
4804,55
4805,55
4806,55
4807,55
4808,55
4809,55
4810,55
4811,55
4812,55
4813,55
4814,55
4815,55
4816,55
4817,55
4818,55
4819,55
4820,55
4821,55
4822,55
4823,55
4824,55
4825,55
4826,55
4827,55
4828,55
4829,55
4830,55
4831,55
4832,55
4833,55
4834,55
4835,55
4836,55
4837,55
4838,55
4839,55
4840,55
4841,55
4842,55
4843,55
4844,55
4845,55
4846,55
4847,55
4848,55
4849,55
4850,55
4851,55
4852,55
4853,55
4854,55
4855,55
4856,55
4857,55
4858,55
4859,55
4860,55
4861,55
4862,55
4863,55
4864,55
4865,55
4866,55
4867,55
4868,55
4869,55
4870,55
4871,55
4872,55
4873,55
4874,55
4875,55
4876,55
4877,55
4878,55
4879,55
4880,55
4881,55
4882,55
4883,55
4884,55
4885,55
4886,55
4887,55
4888,55
4889,55
4890,55
4891,55
4892,55
4893,55
4894,55
4895,55
4896,55
4897,55
4898,55
4899,55
4900,55
4901,55
4902,55
4903,55
4904,55
4905,55
4906,55
4907,55
4908,55
4909,55
4910,55
4911,55
4912,55
4913,55
4914,55
4915,55
4916,55
4917,54
4918,54
4919,54
4920,54
4921,54
4922,54
4923,54
4924,54
4925,54
4926,54
4927,54
4928,54
4929,54
4930,54
4931,54
4932,54
4933,54
4934,54
4935,54
4936,54
4937,54
4938,54
4939,54
4940,54
4941,54
4942,54
4943,54
4944,54
4945,54
4946,54
4947,54
4948,54
4949,54
4950,54
4951,54
4952,54
4953,54
4954,54
4955,54
4956,54
4957,54
4958,54
4959,54
4960,54
4961,54
4962,54
4963,54
4964,54
4965,54
4966,54
4967,54
4968,54
4969,54
4970,54
4971,54
4972,54
4973,54
4974,54
4975,54
4976,54
4977,54
4978,54
4979,54
4980,54
4981,54
4982,54
4983,54
4984,54
4985,54
4986,54
4987,54
4988,54
4989,54
4990,54
4991,54
4992,54
4993,54
4994,54
4995,54
4996,54
4997,54
4998,54
4999,54
5000,54
5001,54
5002,54
5003,54
5004,54
5005,54
5006,54
5007,54
5008,54
5009,54
5010,54
5011,54
5012,54
5013,54
5014,54
5015,54
5016,54
5017,54
5018,54
5019,54
5020,54
5021,54
5022,54
5023,54
5024,54
5025,54
5026,54
5027,54
5028,54
5029,54
5030,54
5031,54
5032,54
5033,54
5034,54
5035,54
5036,54
5037,54
5038,54
5039,54
5040,54
5041,54
5042,54
5043,54
5044,54
5045,54
5046,54
5047,54
5048,54
5049,54
5050,54
5051,53
5052,53
5053,53
5054,53
5055,53
5056,53
5057,53
5058,53
5059,53
5060,53
5061,53
5062,53
5063,53
5064,53
5065,53
5066,53
5067,53
5068,53
5069,53
5070,53
5071,53
5072,53
5073,53
5074,53
5075,53
5076,53
5077,53
5078,53
5079,53
5080,53
5081,53
5082,52
5083,52
5084,52
5085,52
5086,52
5087,52
5088,52
5089,52
5090,52
5091,52
5092,52
5093,52
5094,52
5095,52
5096,52
5097,52
5098,52
5099,52
5100,52
5101,52
5102,52
5103,52
5104,52
5105,52
5106,52
5107,52
5108,52
5109,51
5110,51
5111,51
5112,51
5113,51
5114,51
5115,51
5116,51
5117,51
5118,51
5119,51
5120,51
5121,51
5122,51
5123,51
5124,51
5125,51
5126,51
5127,51
5128,51
5129,51
5130,51
5131,51
5132,51
5133,51
5134,51
5135,51
5136,51
5137,51
5138,51
5139,51
5140,51
5141,51
5142,51
5143,51
5144,51
5145,51
5146,51
5147,51
5148,51
5149,51
5150,51
5151,51
5152,51
5153,51
5154,51
5155,51
5156,51
5157,51
5158,51
5159,51
5160,51
5161,51
5162,51
5163,51
5164,51
5165,51
5166,50
5167,50
5168,50
5169,50
5170,50
5171,50
5172,50
5173,50
5174,50
5175,50
5176,49
5177,48
5178,48
5179,48
5180,48
5181,48
5182,48
5183,48
5184,48
5185,48
5186,48
5187,48
5188,48
5189,48
5190,48
5191,48
5192,48
5193,48
5194,48
5195,48
5196,48
5197,48
5198,47
5199,47
5200,47
5201,47
5202,47
5203,47
5204,47
5205,47
5206,47
5207,47
5208,47
5209,47
5210,47
5211,47
5212,47
5213,46
5214,46
5215,46
5216,46
5217,46
5218,45
5219,45
5220,45
5221,45
5222,45
5223,45
5224,45
5225,45
5226,45
5227,45
5228,45
5229,45
5230,44
5231,44
5232,44
5233,44
5234,44
5235,44
5236,44
5237,44
5238,43
5239,42
5240,40
5241,39
5242,36
5243,35
5244,33
5245,33
5246,32
5247,30
5248,30
5249,30
5250,30
5251,30
5252,30
5253,29
5254,29
5255,29
5256,29
5257,28
5258,28
5259,28
5260,28
5261,28
5262,28
5263,28
5264,28
5265,28
5266,28
5267,28
5268,28
5269,28
5270,28
5271,28
5272,28
5273,28
5274,28
5275,28
5276,28
5277,28
5278,28
5279,28
5280,27
5281,27
5282,27
5283,27
5284,26
5285,25
5286,25
5287,24
5288,24
5289,23
5290,23
5291,22
5292,21
5293,21
5294,20
5295,20
5296,19
5297,19
5298,18
5299,17
5300,17
5301,16
5302,15
5303,14
5304,13
5305,13
5306,12
5307,11
5308,10
5309,9
5310,8
5311,7
5312,6
5313,5
5314,4
5315,3
5316,2
5317,1
