,pso
0,300
1,300
2,300
3,300
4,300
5,300
6,300
7,300
8,300
9,300
10,300
11,300
12,300
13,300
14,300
15,300
16,300
17,300
18,300
19,300
20,300
21,300
22,300
23,300
24,300
25,300
26,300
27,300
28,300
29,300
30,300
31,300
32,300
33,300
34,300
35,300
36,300
37,300
38,300
39,300
40,300
41,300
42,300
43,300
44,300
45,300
46,300
47,300
48,300
49,300
50,300
51,300
52,300
53,300
54,300
55,300
56,300
57,300
58,300
59,300
60,300
61,300
62,300
63,300
64,300
65,300
66,300
67,300
68,300
69,300
70,300
71,300
72,300
73,300
74,300
75,300
76,300
77,300
78,300
79,300
80,300
81,300
82,300
83,300
84,300
85,300
86,300
87,300
88,300
89,300
90,300
91,300
92,300
93,300
94,300
95,300
96,300
97,300
98,300
99,300
100,300
101,300
102,300
103,300
104,300
105,300
106,300
107,300
108,300
109,300
110,300
111,300
112,300
113,300
114,300
115,300
116,300
117,300
118,300
119,300
120,300
121,300
122,300
123,300
124,300
125,300
126,300
127,300
128,300
129,300
130,300
131,300
132,300
133,300
134,300
135,300
136,300
137,300
138,300
139,300
140,300
141,300
142,300
143,300
144,300
145,300
146,300
147,300
148,300
149,300
150,300
151,300
152,300
153,300
154,300
155,300
156,300
157,300
158,300
159,300
160,300
161,300
162,300
163,300
164,300
165,300
166,300
167,300
168,300
169,300
170,300
171,300
172,300
173,300
174,300
175,300
176,300
177,300
178,300
179,300
180,300
181,300
182,300
183,300
184,300
185,300
186,300
187,300
188,300
189,300
190,300
191,300
192,300
193,300
194,300
195,300
196,300
197,300
198,300
199,300
200,300
201,300
202,300
203,300
204,300
205,300
206,300
207,300
208,300
209,300
210,300
211,300
212,300
213,300
214,300
215,300
216,300
217,300
218,300
219,300
220,300
221,300
222,300
223,300
224,300
225,300
226,300
227,300
228,300
229,300
230,300
231,300
232,300
233,300
234,300
235,300
236,300
237,300
238,300
239,300
240,300
241,300
242,300
243,300
244,300
245,300
246,300
247,300
248,300
249,300
250,300
251,300
252,300
253,300
254,300
255,300
256,300
257,300
258,300
259,300
260,300
261,300
262,300
263,300
264,300
265,300
266,300
267,300
268,300
269,300
270,300
271,300
272,300
273,300
274,300
275,300
276,300
277,300
278,300
279,300
280,300
281,300
282,300
283,300
284,300
285,300
286,300
287,300
288,300
289,300
290,300
291,300
292,300
293,300
294,300
295,300
296,300
297,300
298,300
299,300
300,300
301,300
302,300
303,300
304,300
305,300
306,300
307,300
308,300
309,300
310,300
311,300
312,300
313,300
314,300
315,300
316,300
317,300
318,300
319,300
320,300
321,300
322,300
323,300
324,300
325,300
326,300
327,300
328,300
329,300
330,300
331,300
332,300
333,300
334,300
335,300
336,300
337,300
338,300
339,300
340,300
341,300
342,300
343,300
344,300
345,300
346,300
347,300
348,300
349,300
350,300
351,300
352,300
353,300
354,300
355,300
356,300
357,300
358,300
359,300
360,300
361,300
362,300
363,300
364,300
365,300
366,300
367,300
368,300
369,300
370,300
371,300
372,300
373,300
374,300
375,300
376,300
377,300
378,300
379,300
380,300
381,300
382,300
383,300
384,300
385,300
386,300
387,300
388,300
389,300
390,300
391,300
392,300
393,300
394,300
395,300
396,300
397,300
398,300
399,300
400,300
401,300
402,300
403,300
404,300
405,300
406,300
407,300
408,300
409,300
410,300
411,300
412,300
413,300
414,300
415,300
416,300
417,300
418,300
419,300
420,300
421,300
422,300
423,300
424,300
425,300
426,300
427,300
428,300
429,300
430,300
431,300
432,300
433,300
434,300
435,300
436,300
437,300
438,300
439,300
440,300
441,300
442,300
443,300
444,300
445,300
446,300
447,300
448,300
449,300
450,300
451,300
452,300
453,300
454,300
455,300
456,300
457,300
458,300
459,300
460,300
461,300
462,300
463,300
464,300
465,300
466,300
467,300
468,300
469,300
470,300
471,300
472,300
473,300
474,300
475,300
476,300
477,300
478,300
479,300
480,300
481,300
482,300
483,300
484,300
485,300
486,300
487,300
488,300
489,300
490,300
491,300
492,300
493,300
494,300
495,300
496,300
497,300
498,300
499,300
500,300
501,300
502,300
503,300
504,300
505,300
506,300
507,300
508,300
509,300
510,300
511,300
512,300
513,300
514,300
515,300
516,300
517,300
518,300
519,300
520,300
521,300
522,300
523,300
524,300
525,300
526,300
527,300
528,300
529,300
530,300
531,300
532,300
533,300
534,300
535,300
536,300
537,300
538,300
539,300
540,300
541,300
542,300
543,300
544,300
545,300
546,300
547,300
548,300
549,300
550,300
551,300
552,300
553,300
554,300
555,300
556,300
557,300
558,300
559,300
560,300
561,300
562,300
563,300
564,300
565,300
566,300
567,300
568,300
569,300
570,300
571,300
572,300
573,300
574,300
575,300
576,300
577,300
578,300
579,300
580,300
581,300
582,300
583,300
584,300
585,300
586,300
587,300
588,300
589,300
590,300
591,300
592,300
593,300
594,300
595,300
596,300
597,300
598,300
599,300
600,300
601,300
602,300
603,300
604,300
605,300
606,300
607,300
608,300
609,300
610,300
611,300
612,300
613,300
614,300
615,300
616,300
617,300
618,300
619,300
620,300
621,300
622,300
623,300
624,300
625,300
626,300
627,300
628,300
629,300
630,300
631,300
632,300
633,300
634,300
635,300
636,300
637,300
638,300
639,300
640,300
641,300
642,300
643,300
644,300
645,300
646,300
647,300
648,300
649,300
650,300
651,300
652,300
653,300
654,300
655,300
656,300
657,300
658,300
659,300
660,300
661,300
662,300
663,300
664,300
665,300
666,300
667,300
668,300
669,300
670,300
671,300
672,300
673,300
674,300
675,300
676,300
677,300
678,300
679,300
680,300
681,300
682,300
683,300
684,300
685,300
686,300
687,300
688,300
689,300
690,300
691,300
692,300
693,300
694,300
695,300
696,300
697,300
698,300
699,300
700,300
701,300
702,300
703,300
704,300
705,300
706,300
707,300
708,300
709,300
710,300
711,300
712,300
713,300
714,300
715,300
716,300
717,300
718,300
719,300
720,300
721,300
722,300
723,300
724,300
725,300
726,300
727,300
728,300
729,300
730,300
731,300
732,300
733,300
734,300
735,300
736,300
737,300
738,300
739,300
740,300
741,300
742,300
743,300
744,300
745,300
746,300
747,300
748,300
749,300
750,300
751,300
752,300
753,300
754,300
755,300
756,300
757,300
758,300
759,300
760,300
761,300
762,300
763,300
764,300
765,300
766,300
767,300
768,300
769,300
770,300
771,300
772,300
773,300
774,300
775,300
776,300
777,300
778,300
779,300
780,300
781,300
782,300
783,300
784,300
785,300
786,300
787,300
788,300
789,300
790,300
791,300
792,300
793,300
794,300
795,300
796,300
797,300
798,300
799,300
800,300
801,300
802,300
803,300
804,300
805,300
806,300
807,300
808,300
809,300
810,300
811,300
812,300
813,300
814,300
815,300
816,300
817,300
818,300
819,300
820,300
821,300
822,300
823,300
824,300
825,300
826,300
827,300
828,300
829,300
830,300
831,300
832,300
833,300
834,300
835,300
836,300
837,300
838,300
839,300
840,300
841,300
842,300
843,300
844,300
845,300
846,300
847,300
848,300
849,300
850,300
851,300
852,300
853,300
854,300
855,300
856,300
857,300
858,300
859,300
860,300
861,300
862,300
863,300
864,300
865,300
866,300
867,300
868,300
869,300
870,300
871,300
872,300
873,300
874,300
875,300
876,300
877,300
878,300
879,300
880,300
881,300
882,300
883,300
884,300
885,300
886,300
887,300
888,300
889,300
890,300
891,300
892,300
893,300
894,300
895,300
896,300
897,300
898,300
899,300
900,300
901,300
902,300
903,300
904,300
905,300
906,300
907,300
908,300
909,300
910,300
911,300
912,300
913,300
914,300
915,300
916,300
917,300
918,300
919,300
920,300
921,300
922,300
923,300
924,300
925,300
926,300
927,300
928,300
929,300
930,300
931,300
932,300
933,300
934,300
935,300
936,300
937,300
938,300
939,300
940,300
941,300
942,300
943,300
944,300
945,300
946,300
947,300
948,300
949,300
950,300
951,300
952,300
953,300
954,300
955,300
956,300
957,300
958,300
959,300
960,300
961,300
962,300
963,300
964,300
965,300
966,300
967,300
968,300
969,300
970,300
971,300
972,300
973,300
974,300
975,300
976,300
977,300
978,300
979,300
980,300
981,300
982,300
983,300
984,300
985,300
986,300
987,300
988,300
989,300
990,300
991,300
992,300
993,300
994,300
995,300
996,300
997,300
998,300
999,300
1000,300
1001,300
1002,300
1003,300
1004,300
1005,300
1006,300
1007,300
1008,300
1009,300
1010,300
1011,300
1012,300
1013,300
1014,300
1015,300
1016,300
1017,300
1018,300
1019,300
1020,300
1021,300
1022,300
1023,300
1024,300
1025,300
1026,300
1027,300
1028,300
1029,300
1030,300
1031,300
1032,300
1033,300
1034,300
1035,300
1036,300
1037,300
1038,300
1039,300
1040,300
1041,300
1042,300
1043,300
1044,300
1045,300
1046,300
1047,300
1048,300
1049,300
1050,300
1051,300
1052,300
1053,300
1054,300
1055,300
1056,300
1057,300
1058,300
1059,300
1060,300
1061,300
1062,300
1063,300
1064,300
1065,300
1066,300
1067,300
1068,300
1069,300
1070,300
1071,300
1072,300
1073,300
1074,300
1075,300
1076,300
1077,300
1078,300
1079,300
1080,300
1081,300
1082,300
1083,300
1084,300
1085,300
1086,300
1087,300
1088,300
1089,300
1090,300
1091,300
1092,300
1093,300
1094,300
1095,300
1096,300
1097,300
1098,300
1099,300
1100,300
1101,300
1102,300
1103,300
1104,300
1105,300
1106,300
1107,300
1108,300
1109,300
1110,300
1111,300
1112,300
1113,300
1114,300
1115,300
1116,300
1117,300
1118,300
1119,300
1120,300
1121,300
1122,300
1123,300
1124,300
1125,300
1126,300
1127,300
1128,300
1129,300
1130,300
1131,300
1132,300
1133,300
1134,300
1135,300
1136,300
1137,300
1138,300
1139,300
1140,300
1141,300
1142,300
1143,300
1144,300
1145,300
1146,300
1147,300
1148,300
1149,300
1150,300
1151,300
1152,300
1153,300
1154,300
1155,300
1156,300
1157,300
1158,300
1159,300
1160,300
1161,300
1162,300
1163,300
1164,300
1165,300
1166,300
1167,300
1168,300
1169,300
1170,300
1171,300
1172,300
1173,300
1174,300
1175,300
1176,300
1177,300
1178,300
1179,300
1180,300
1181,300
1182,300
1183,300
1184,300
1185,300
1186,300
1187,300
1188,300
1189,300
1190,300
1191,300
1192,300
1193,300
1194,300
1195,300
1196,300
1197,300
1198,300
1199,300
1200,300
1201,300
1202,300
1203,300
1204,300
1205,300
1206,300
1207,300
1208,300
1209,300
1210,300
1211,300
1212,300
1213,300
1214,300
1215,300
1216,300
1217,300
1218,300
1219,300
1220,300
1221,300
1222,300
1223,300
1224,300
1225,300
1226,300
1227,300
1228,300
1229,300
1230,300
1231,300
1232,300
1233,300
1234,300
1235,300
1236,300
1237,300
1238,300
1239,300
1240,300
1241,300
1242,300
1243,300
1244,300
1245,300
1246,300
1247,300
1248,300
1249,300
1250,300
1251,300
1252,300
1253,300
1254,300
1255,300
1256,300
1257,300
1258,300
1259,300
1260,300
1261,300
1262,300
1263,300
1264,300
1265,300
1266,300
1267,300
1268,300
1269,300
1270,300
1271,300
1272,300
1273,300
1274,300
1275,300
1276,300
1277,300
1278,300
1279,300
1280,300
1281,300
1282,300
1283,300
1284,300
1285,300
1286,300
1287,300
1288,300
1289,300
1290,300
1291,300
1292,300
1293,300
1294,300
1295,300
1296,300
1297,300
1298,300
1299,300
1300,300
1301,300
1302,300
1303,300
1304,300
1305,300
1306,300
1307,300
1308,300
1309,300
1310,300
1311,300
1312,300
1313,300
1314,300
1315,300
1316,300
1317,300
1318,300
1319,300
1320,300
1321,300
1322,300
1323,300
1324,300
1325,300
1326,300
1327,300
1328,300
1329,300
1330,300
1331,300
1332,300
1333,300
1334,300
1335,300
1336,300
1337,300
1338,300
1339,300
1340,300
1341,300
1342,300
1343,300
1344,300
1345,300
1346,300
1347,300
1348,300
1349,300
1350,300
1351,300
1352,300
1353,300
1354,300
1355,300
1356,300
1357,300
1358,300
1359,300
1360,300
1361,300
1362,300
1363,300
1364,300
1365,300
1366,300
1367,300
1368,300
1369,300
1370,300
1371,300
1372,300
1373,300
1374,300
1375,300
1376,300
1377,300
1378,300
1379,300
1380,300
1381,300
1382,300
1383,300
1384,300
1385,300
1386,300
1387,300
1388,300
1389,300
1390,300
1391,300
1392,300
1393,300
1394,300
1395,300
1396,300
1397,300
1398,300
1399,300
1400,300
1401,300
1402,300
1403,300
1404,300
1405,300
1406,300
1407,300
1408,300
1409,300
1410,300
1411,300
1412,300
1413,300
1414,300
1415,300
1416,300
1417,300
1418,300
1419,300
1420,300
1421,300
1422,300
1423,300
1424,300
1425,300
1426,300
1427,300
1428,300
1429,300
1430,300
1431,300
1432,300
1433,300
1434,300
1435,300
1436,300
1437,300
1438,300
1439,300
1440,300
1441,300
1442,300
1443,300
1444,300
1445,300
1446,300
1447,300
1448,300
1449,300
1450,300
1451,300
1452,300
1453,300
1454,300
1455,300
1456,300
1457,300
1458,300
1459,300
1460,300
1461,300
1462,300
1463,300
1464,300
1465,300
1466,300
1467,300
1468,300
1469,300
1470,300
1471,300
1472,300
1473,300
1474,300
1475,300
1476,300
1477,300
1478,300
1479,300
1480,300
1481,300
1482,300
1483,300
1484,300
1485,300
1486,300
1487,300
1488,300
1489,300
1490,300
1491,300
1492,300
1493,300
1494,300
1495,300
1496,300
1497,300
1498,300
1499,300
1500,300
1501,300
1502,300
1503,300
1504,300
1505,300
1506,300
1507,300
1508,300
1509,300
1510,300
1511,300
1512,300
1513,300
1514,300
1515,300
1516,300
1517,300
1518,300
1519,300
1520,300
1521,300
1522,300
1523,300
1524,300
1525,300
1526,300
1527,300
1528,300
1529,300
1530,300
1531,300
1532,300
1533,300
1534,300
1535,300
1536,300
1537,300
1538,300
1539,300
1540,299
1541,299
1542,299
1543,299
1544,299
1545,299
1546,299
1547,299
1548,299
1549,299
1550,299
1551,299
1552,299
1553,299
1554,299
1555,299
1556,299
1557,299
1558,299
1559,299
1560,299
1561,299
1562,299
1563,299
1564,299
1565,299
1566,299
1567,299
1568,299
1569,299
1570,299
1571,299
1572,299
1573,299
1574,299
1575,299
1576,299
1577,299
1578,299
1579,299
1580,299
1581,299
1582,299
1583,299
1584,299
1585,299
1586,299
1587,299
1588,299
1589,298
1590,298
1591,298
1592,298
1593,298
1594,298
1595,298
1596,298
1597,298
1598,298
1599,298
1600,298
1601,298
1602,298
1603,298
1604,298
1605,298
1606,298
1607,298
1608,298
1609,298
1610,298
1611,298
1612,298
1613,298
1614,298
1615,298
1616,298
1617,298
1618,298
1619,298
1620,298
1621,298
1622,298
1623,298
1624,298
1625,298
1626,298
1627,298
1628,298
1629,298
1630,298
1631,298
1632,298
1633,298
1634,298
1635,298
1636,298
1637,298
1638,298
1639,298
1640,298
1641,298
1642,298
1643,298
1644,298
1645,298
1646,298
1647,298
1648,298
1649,298
1650,297
1651,297
1652,297
1653,297
1654,297
1655,297
1656,297
1657,296
1658,296
1659,295
1660,294
1661,294
1662,294
1663,294
1664,294
1665,294
1666,293
1667,293
1668,291
1669,291
1670,290
1671,290
1672,289
1673,288
1674,288
1675,287
1676,286
1677,285
1678,284
1679,283
1680,282
1681,281
1682,280
1683,278
1684,277
1685,276
1686,274
1687,272
1688,270
1689,269
1690,268
1691,265
1692,263
1693,261
1694,260
1695,259
1696,258
1697,257
1698,254
1699,252
1700,251
1701,250
1702,249
1703,248
1704,248
1705,248
1706,248
1707,248
1708,248
1709,248
1710,248
1711,248
1712,248
1713,248
1714,248
1715,248
1716,248
1717,248
1718,248
1719,248
1720,248
1721,248
1722,248
1723,248
1724,248
1725,248
1726,248
1727,248
1728,248
1729,248
1730,248
1731,248
1732,248
1733,248
1734,248
1735,248
1736,248
1737,248
1738,248
1739,248
1740,248
1741,248
1742,248
1743,248
1744,248
1745,248
1746,248
1747,248
1748,248
1749,248
1750,248
1751,248
1752,248
1753,248
1754,248
1755,248
1756,248
1757,248
1758,248
1759,248
1760,248
1761,248
1762,248
1763,248
1764,248
1765,248
1766,248
1767,248
1768,248
1769,248
1770,248
1771,248
1772,248
1773,248
1774,248
1775,248
1776,248
1777,248
1778,248
1779,248
1780,248
1781,248
1782,248
1783,248
1784,248
1785,248
1786,248
1787,248
1788,248
1789,248
1790,248
1791,248
1792,248
1793,248
1794,248
1795,248
1796,248
1797,248
1798,248
1799,248
1800,248
1801,248
1802,248
1803,248
1804,248
1805,248
1806,248
1807,248
1808,248
1809,248
1810,248
1811,248
1812,248
1813,248
1814,248
1815,248
1816,248
1817,248
1818,248
1819,248
1820,248
1821,248
1822,248
1823,248
1824,248
1825,248
1826,248
1827,248
1828,248
1829,248
1830,248
1831,248
1832,248
1833,248
1834,248
1835,248
1836,248
1837,248
1838,248
1839,248
1840,248
1841,248
1842,248
1843,248
1844,248
1845,248
1846,248
1847,248
1848,248
1849,248
1850,248
1851,248
1852,248
1853,248
1854,248
1855,248
1856,248
1857,248
1858,248
1859,248
1860,248
1861,248
1862,248
1863,248
1864,248
1865,248
1866,248
1867,248
1868,248
1869,248
1870,248
1871,248
1872,248
1873,248
1874,248
1875,248
1876,248
1877,248
1878,248
1879,248
1880,248
1881,248
1882,248
1883,248
1884,248
1885,248
1886,248
1887,248
1888,248
1889,248
1890,248
1891,248
1892,248
1893,248
1894,248
1895,248
1896,248
1897,248
1898,248
1899,248
1900,248
1901,248
1902,247
1903,247
1904,247
1905,247
1906,247
1907,247
1908,247
1909,247
1910,247
1911,247
1912,247
1913,247
1914,247
1915,247
1916,247
1917,247
1918,247
1919,247
1920,247
1921,247
1922,247
1923,247
1924,247
1925,247
1926,247
1927,247
1928,247
1929,247
1930,247
1931,247
1932,247
1933,247
1934,247
1935,247
1936,247
1937,247
1938,247
1939,247
1940,247
1941,247
1942,247
1943,247
1944,247
1945,247
1946,247
1947,247
1948,247
1949,247
1950,247
1951,247
1952,247
1953,247
1954,247
1955,247
1956,247
1957,247
1958,247
1959,247
1960,247
1961,247
1962,247
1963,247
1964,247
1965,247
1966,247
1967,247
1968,247
1969,247
1970,247
1971,247
1972,247
1973,247
1974,247
1975,247
1976,247
1977,247
1978,247
1979,247
1980,247
1981,247
1982,247
1983,247
1984,247
1985,247
1986,247
1987,247
1988,247
1989,247
1990,247
1991,247
1992,247
1993,247
1994,247
1995,247
1996,246
1997,246
1998,246
1999,246
2000,246
2001,246
2002,246
2003,246
2004,246
2005,246
2006,246
2007,246
2008,246
2009,246
2010,246
2011,246
2012,246
2013,245
2014,245
2015,245
2016,245
2017,245
2018,245
2019,245
2020,245
2021,245
2022,245
2023,245
2024,245
2025,245
2026,245
2027,245
2028,245
2029,245
2030,245
2031,245
2032,245
2033,245
2034,245
2035,245
2036,245
2037,245
2038,245
2039,245
2040,245
2041,245
2042,245
2043,245
2044,245
2045,245
2046,245
2047,245
2048,245
2049,245
2050,245
2051,245
2052,245
2053,245
2054,245
2055,245
2056,245
2057,245
2058,245
2059,245
2060,245
2061,245
2062,245
2063,245
2064,245
2065,245
2066,245
2067,245
2068,245
2069,245
2070,245
2071,245
2072,245
2073,245
2074,245
2075,245
2076,245
2077,245
2078,245
2079,244
2080,244
2081,244
2082,244
2083,244
2084,244
2085,244
2086,244
2087,244
2088,244
2089,244
2090,244
2091,244
2092,244
2093,244
2094,244
2095,244
2096,244
2097,244
2098,244
2099,244
2100,244
2101,244
2102,244
2103,244
2104,244
2105,243
2106,243
2107,243
2108,243
2109,243
2110,243
2111,243
2112,243
2113,243
2114,243
2115,243
2116,243
2117,243
2118,243
2119,243
2120,243
2121,243
2122,243
2123,243
2124,243
2125,243
2126,243
2127,243
2128,243
2129,243
2130,243
2131,243
2132,243
2133,243
2134,243
2135,243
2136,243
2137,243
2138,243
2139,243
2140,243
2141,243
2142,243
2143,243
2144,243
2145,243
2146,243
2147,243
2148,243
2149,243
2150,243
2151,243
2152,243
2153,243
2154,243
2155,243
2156,243
2157,243
2158,243
2159,243
2160,243
2161,243
2162,243
2163,243
2164,243
2165,243
2166,243
2167,243
2168,243
2169,243
2170,243
2171,243
2172,243
2173,243
2174,243
2175,243
2176,243
2177,243
2178,243
2179,243
2180,243
2181,243
2182,243
2183,243
2184,243
2185,243
2186,243
2187,243
2188,243
2189,243
2190,243
2191,243
2192,243
2193,243
2194,243
2195,243
2196,243
2197,243
2198,243
2199,243
2200,243
2201,243
2202,243
2203,243
2204,243
2205,243
2206,243
2207,243
2208,243
2209,243
2210,243
2211,243
2212,243
2213,243
2214,243
2215,243
2216,243
2217,243
2218,243
2219,243
2220,243
2221,243
2222,243
2223,243
2224,243
2225,243
2226,243
2227,243
2228,243
2229,243
2230,243
2231,243
2232,243
2233,243
2234,243
2235,243
2236,243
2237,243
2238,243
2239,243
2240,243
2241,243
2242,243
2243,243
2244,243
2245,243
2246,243
2247,243
2248,243
2249,243
2250,243
2251,243
2252,243
2253,243
2254,243
2255,243
2256,243
2257,243
2258,243
2259,243
2260,243
2261,243
2262,243
2263,243
2264,243
2265,243
2266,243
2267,243
2268,243
2269,243
2270,243
2271,243
2272,243
2273,243
2274,242
2275,242
2276,242
2277,242
2278,242
2279,242
2280,242
2281,242
2282,242
2283,242
2284,242
2285,242
2286,242
2287,242
2288,241
2289,241
2290,241
2291,241
2292,241
2293,241
2294,241
2295,241
2296,241
2297,241
2298,241
2299,241
2300,241
2301,241
2302,241
2303,241
2304,241
2305,241
2306,241
2307,241
2308,241
2309,241
2310,241
2311,240
2312,240
2313,240
2314,240
2315,240
2316,240
2317,240
2318,240
2319,240
2320,240
2321,240
2322,240
2323,240
2324,240
2325,240
2326,240
2327,240
2328,240
2329,240
2330,240
2331,240
2332,240
2333,240
2334,240
2335,240
2336,240
2337,240
2338,240
2339,240
2340,240
2341,240
2342,240
2343,240
2344,240
2345,240
2346,240
2347,240
2348,240
2349,240
2350,240
2351,240
2352,240
2353,240
2354,240
2355,240
2356,240
2357,240
2358,240
2359,240
2360,240
2361,240
2362,240
2363,240
2364,240
2365,240
2366,240
2367,240
2368,240
2369,240
2370,240
2371,240
2372,240
2373,240
2374,240
2375,240
2376,240
2377,240
2378,240
2379,240
2380,240
2381,240
2382,240
2383,240
2384,240
2385,240
2386,240
2387,238
2388,237
2389,236
2390,235
2391,235
2392,235
2393,235
2394,234
2395,234
2396,234
2397,233
2398,233
2399,232
2400,232
2401,231
2402,231
2403,231
2404,231
2405,230
2406,229
2407,229
2408,228
2409,227
2410,226
2411,226
2412,225
2413,224
2414,223
2415,222
2416,220
2417,219
2418,218
2419,218
2420,217
2421,214
2422,213
2423,212
2424,211
2425,211
2426,210
2427,210
2428,209
2429,207
2430,206
2431,205
2432,203
2433,201
2434,200
2435,199
2436,198
2437,196
2438,195
2439,194
2440,192
2441,190
2442,189
2443,187
2444,186
2445,184
2446,183
2447,179
2448,177
2449,176
2450,172
2451,170
2452,170
2453,170
2454,170
2455,170
2456,170
2457,170
2458,170
2459,170
2460,170
2461,170
2462,170
2463,170
2464,170
2465,170
2466,170
2467,170
2468,170
2469,170
2470,170
2471,170
2472,170
2473,170
2474,170
2475,170
2476,170
2477,170
2478,170
2479,170
2480,170
2481,170
2482,170
2483,170
2484,170
2485,170
2486,170
2487,170
2488,170
2489,170
2490,170
2491,170
2492,170
2493,170
2494,170
2495,170
2496,170
2497,170
2498,170
2499,170
2500,170
2501,170
2502,170
2503,170
2504,170
2505,170
2506,170
2507,170
2508,170
2509,170
2510,170
2511,170
2512,170
2513,170
2514,170
2515,170
2516,170
2517,170
2518,170
2519,170
2520,170
2521,170
2522,170
2523,170
2524,170
2525,170
2526,170
2527,170
2528,170
2529,170
2530,170
2531,170
2532,170
2533,169
2534,169
2535,169
2536,169
2537,169
2538,169
2539,169
2540,169
2541,169
2542,169
2543,169
2544,169
2545,169
2546,169
2547,169
2548,169
2549,169
2550,169
2551,169
2552,169
2553,169
2554,169
2555,169
2556,169
2557,169
2558,169
2559,169
2560,169
2561,169
2562,169
2563,169
2564,168
2565,168
2566,168
2567,168
2568,168
2569,168
2570,168
2571,168
2572,168
2573,168
2574,168
2575,168
2576,168
2577,168
2578,168
2579,168
2580,168
2581,168
2582,168
2583,168
2584,168
2585,167
2586,167
2587,167
2588,167
2589,167
2590,167
2591,167
2592,167
2593,167
2594,167
2595,167
2596,167
2597,167
2598,167
2599,167
2600,167
2601,167
2602,167
2603,167
2604,167
2605,167
2606,167
2607,167
2608,167
2609,167
2610,167
2611,167
2612,167
2613,167
2614,167
2615,167
2616,167
2617,167
2618,167
2619,167
2620,167
2621,167
2622,167
2623,167
2624,167
2625,167
2626,167
2627,167
2628,167
2629,167
2630,167
2631,167
2632,167
2633,167
2634,167
2635,167
2636,167
2637,167
2638,167
2639,167
2640,167
2641,167
2642,167
2643,167
2644,167
2645,167
2646,167
2647,167
2648,167
2649,167
2650,167
2651,167
2652,167
2653,167
2654,167
2655,167
2656,167
2657,167
2658,167
2659,167
2660,167
2661,167
2662,167
2663,167
2664,167
2665,167
2666,167
2667,167
2668,167
2669,167
2670,167
2671,167
2672,167
2673,167
2674,167
2675,167
2676,167
2677,167
2678,167
2679,165
2680,165
2681,165
2682,165
2683,165
2684,165
2685,165
2686,165
2687,165
2688,165
2689,165
2690,165
2691,165
2692,165
2693,165
2694,165
2695,165
2696,165
2697,165
2698,165
2699,165
2700,165
2701,165
2702,165
2703,165
2704,164
2705,164
2706,164
2707,164
2708,164
2709,164
2710,164
2711,164
2712,164
2713,164
2714,164
2715,164
2716,164
2717,164
2718,164
2719,164
2720,164
2721,164
2722,164
2723,164
2724,164
2725,164
2726,164
2727,163
2728,163
2729,163
2730,163
2731,163
2732,163
2733,163
2734,163
2735,163
2736,163
2737,163
2738,163
2739,163
2740,163
2741,163
2742,163
2743,163
2744,163
2745,163
2746,163
2747,163
2748,163
2749,163
2750,163
2751,163
2752,163
2753,163
2754,163
2755,163
2756,163
2757,163
2758,163
2759,163
2760,163
2761,163
2762,163
2763,163
2764,163
2765,163
2766,163
2767,163
2768,163
2769,163
2770,163
2771,163
2772,163
2773,163
2774,163
2775,163
2776,162
2777,162
2778,162
2779,162
2780,162
2781,162
2782,162
2783,162
2784,162
2785,162
2786,162
2787,162
2788,162
2789,162
2790,162
2791,162
2792,162
2793,162
2794,162
2795,162
2796,162
2797,162
2798,162
2799,162
2800,162
2801,162
2802,162
2803,162
2804,162
2805,162
2806,162
2807,162
2808,162
2809,162
2810,162
2811,162
2812,162
2813,162
2814,162
2815,162
2816,162
2817,162
2818,162
2819,162
2820,162
2821,162
2822,162
2823,162
2824,162
2825,162
2826,162
2827,162
2828,162
2829,162
2830,162
2831,162
2832,162
2833,162
2834,162
2835,162
2836,162
2837,162
2838,162
2839,162
2840,162
2841,162
2842,162
2843,162
2844,162
2845,162
2846,162
2847,162
2848,162
2849,162
2850,162
2851,162
2852,162
2853,162
2854,162
2855,162
2856,162
2857,162
2858,162
2859,162
2860,162
2861,162
2862,162
2863,161
2864,161
2865,161
2866,161
2867,161
2868,161
2869,161
2870,161
2871,161
2872,161
2873,161
2874,161
2875,161
2876,161
2877,161
2878,161
2879,161
2880,161
2881,161
2882,161
2883,161
2884,161
2885,161
2886,161
2887,161
2888,161
2889,161
2890,161
2891,161
2892,161
2893,161
2894,161
2895,161
2896,161
2897,161
2898,161
2899,161
2900,161
2901,161
2902,161
2903,161
2904,161
2905,161
2906,161
2907,161
2908,161
2909,161
2910,161
2911,161
2912,161
2913,161
2914,161
2915,161
2916,161
2917,161
2918,161
2919,161
2920,161
2921,160
2922,160
2923,160
2924,160
2925,160
2926,160
2927,160
2928,160
2929,160
2930,160
2931,160
2932,160
2933,159
2934,159
2935,159
2936,159
2937,159
2938,159
2939,159
2940,159
2941,159
2942,159
2943,159
2944,159
2945,159
2946,159
2947,159
2948,159
2949,159
2950,159
2951,159
2952,159
2953,159
2954,159
2955,159
2956,159
2957,159
2958,159
2959,159
2960,159
2961,159
2962,159
2963,159
2964,159
2965,159
2966,159
2967,159
2968,159
2969,158
2970,157
2971,157
2972,157
2973,157
2974,157
2975,157
2976,157
2977,157
2978,157
2979,157
2980,157
2981,157
2982,157
2983,157
2984,157
2985,157
2986,157
2987,157
2988,157
2989,157
2990,157
2991,157
2992,157
2993,157
2994,157
2995,157
2996,157
2997,157
2998,157
2999,157
3000,157
3001,157
3002,157
3003,157
3004,156
3005,156
3006,156
3007,156
3008,156
3009,156
3010,156
3011,156
3012,156
3013,156
3014,156
3015,156
3016,156
3017,156
3018,156
3019,156
3020,156
3021,156
3022,156
3023,156
3024,156
3025,156
3026,156
3027,156
3028,156
3029,156
3030,156
3031,156
3032,156
3033,156
3034,156
3035,156
3036,156
3037,156
3038,156
3039,156
3040,156
3041,156
3042,156
3043,156
3044,156
3045,156
3046,156
3047,156
3048,156
3049,155
3050,155
3051,155
3052,155
3053,155
3054,155
3055,155
3056,155
3057,155
3058,155
3059,155
3060,155
3061,155
3062,155
3063,155
3064,155
3065,155
3066,155
3067,155
3068,155
3069,155
3070,155
3071,155
3072,155
3073,155
3074,155
3075,155
3076,155
3077,155
3078,155
3079,155
3080,155
3081,155
3082,155
3083,155
3084,155
3085,155
3086,155
3087,155
3088,155
3089,155
3090,155
3091,155
3092,155
3093,155
3094,155
3095,155
3096,155
3097,155
3098,155
3099,155
3100,155
3101,155
3102,155
3103,155
3104,155
3105,155
3106,155
3107,155
3108,155
3109,155
3110,155
3111,155
3112,155
3113,155
3114,155
3115,155
3116,155
3117,155
3118,155
3119,155
3120,155
3121,155
3122,155
3123,155
3124,155
3125,155
3126,155
3127,155
3128,155
3129,155
3130,155
3131,155
3132,155
3133,155
3134,155
3135,155
3136,154
3137,154
3138,154
3139,154
3140,154
3141,154
3142,154
3143,154
3144,154
3145,154
3146,154
3147,154
3148,154
3149,154
3150,153
3151,153
3152,153
3153,153
3154,153
3155,153
3156,153
3157,153
3158,153
3159,153
3160,153
3161,153
3162,153
3163,153
3164,153
3165,153
3166,153
3167,153
3168,153
3169,153
3170,153
3171,153
3172,153
3173,153
3174,153
3175,153
3176,153
3177,153
3178,153
3179,153
3180,152
3181,152
3182,152
3183,152
3184,152
3185,152
3186,152
3187,152
3188,152
3189,152
3190,152
3191,152
3192,152
3193,152
3194,152
3195,152
3196,152
3197,152
3198,152
3199,152
3200,152
3201,152
3202,152
3203,152
3204,151
3205,151
3206,151
3207,151
3208,151
3209,151
3210,151
3211,151
3212,151
3213,151
3214,151
3215,151
3216,151
3217,150
3218,150
3219,149
3220,149
3221,149
3222,149
3223,149
3224,148
3225,147
3226,147
3227,146
3228,145
3229,144
3230,144
3231,143
3232,142
3233,141
3234,140
3235,138
3236,137
3237,135
3238,133
3239,132
3240,129
3241,125
3242,123
3243,119
3244,118
3245,117
3246,115
3247,113
3248,111
3249,110
3250,109
3251,108
3252,108
3253,108
3254,108
3255,108
3256,108
3257,108
3258,108
3259,108
3260,107
3261,107
3262,107
3263,107
3264,107
3265,107
3266,107
3267,107
3268,107
3269,107
3270,107
3271,107
3272,107
3273,107
3274,107
3275,107
3276,107
3277,107
3278,107
3279,107
3280,107
3281,107
3282,107
3283,107
3284,107
3285,107
3286,107
3287,107
3288,107
3289,107
3290,107
3291,107
3292,107
3293,107
3294,107
3295,107
3296,107
3297,107
3298,107
3299,107
3300,106
3301,106
3302,106
3303,106
3304,106
3305,106
3306,106
3307,106
3308,106
3309,106
3310,106
3311,106
3312,106
3313,106
3314,106
3315,105
3316,105
3317,105
3318,105
3319,105
3320,105
3321,105
3322,105
3323,105
3324,105
3325,105
3326,105
3327,105
3328,105
3329,105
3330,105
3331,105
3332,105
3333,105
3334,105
3335,105
3336,105
3337,105
3338,105
3339,105
3340,105
3341,105
3342,105
3343,105
3344,105
3345,105
3346,105
3347,105
3348,105
3349,105
3350,105
3351,105
3352,105
3353,105
3354,105
3355,105
3356,105
3357,105
3358,105
3359,105
3360,105
3361,105
3362,105
3363,104
3364,104
3365,104
3366,104
3367,104
3368,104
3369,104
3370,104
3371,104
3372,104
3373,104
3374,104
3375,104
3376,104
3377,104
3378,104
3379,103
3380,103
3381,103
3382,103
3383,103
3384,103
3385,103
3386,103
3387,103
3388,103
3389,103
3390,103
3391,103
3392,103
3393,103
3394,103
3395,103
3396,103
3397,103
3398,103
3399,102
3400,102
3401,102
3402,102
3403,101
3404,101
3405,101
3406,101
3407,101
3408,101
3409,101
3410,101
3411,101
3412,101
3413,101
3414,101
3415,101
3416,100
3417,100
3418,100
3419,100
3420,100
3421,100
3422,100
3423,100
3424,100
3425,100
3426,100
3427,100
3428,100
3429,100
3430,100
3431,100
3432,100
3433,100
3434,100
3435,100
3436,100
3437,100
3438,100
3439,100
3440,100
3441,100
3442,100
3443,100
3444,100
3445,100
3446,100
3447,100
3448,100
3449,100
3450,100
3451,100
3452,100
3453,100
3454,100
3455,100
3456,100
3457,100
3458,100
3459,100
3460,100
3461,100
3462,100
3463,100
3464,100
3465,100
3466,100
3467,100
3468,100
3469,100
3470,100
3471,100
3472,100
3473,100
3474,100
3475,100
3476,100
3477,100
3478,100
3479,100
3480,100
3481,100
3482,100
3483,100
3484,100
3485,100
3486,100
3487,100
3488,100
3489,100
3490,100
3491,100
3492,100
3493,100
3494,100
3495,100
3496,100
3497,100
3498,100
3499,100
3500,100
3501,100
3502,100
3503,100
3504,100
3505,100
3506,100
3507,100
3508,100
3509,100
3510,100
3511,100
3512,100
3513,100
3514,100
3515,100
3516,100
3517,100
3518,100
3519,100
3520,100
3521,100
3522,100
3523,100
3524,100
3525,100
3526,100
3527,100
3528,100
3529,100
3530,100
3531,100
3532,100
3533,100
3534,100
3535,100
3536,100
3537,100
3538,100
3539,100
3540,100
3541,100
3542,100
3543,100
3544,100
3545,100
3546,100
3547,100
3548,100
3549,100
3550,100
3551,100
3552,100
3553,100
3554,100
3555,100
3556,100
3557,100
3558,100
3559,100
3560,100
3561,100
3562,100
3563,100
3564,100
3565,100
3566,100
3567,100
3568,100
3569,100
3570,100
3571,100
3572,100
3573,100
3574,99
3575,98
3576,98
3577,98
3578,98
3579,98
3580,98
3581,98
3582,98
3583,98
3584,98
3585,98
3586,98
3587,98
3588,98
3589,98
3590,98
3591,98
3592,98
3593,98
3594,98
3595,98
3596,98
3597,98
3598,98
3599,98
3600,97
3601,97
3602,97
3603,97
3604,97
3605,97
3606,97
3607,97
3608,97
3609,97
3610,97
3611,97
3612,97
3613,97
3614,97
3615,97
3616,97
3617,97
3618,97
3619,97
3620,97
3621,97
3622,97
3623,97
3624,97
3625,97
3626,97
3627,97
3628,97
3629,97
3630,97
3631,97
3632,97
3633,97
3634,96
3635,96
3636,96
3637,96
3638,96
3639,96
3640,96
3641,96
3642,96
3643,96
3644,96
3645,96
3646,96
3647,96
3648,96
3649,96
3650,96
3651,96
3652,96
3653,96
3654,96
3655,96
3656,96
3657,96
3658,96
3659,96
3660,96
3661,96
3662,96
3663,96
3664,96
3665,96
3666,96
3667,96
3668,96
3669,96
3670,96
3671,96
3672,96
3673,96
3674,96
3675,96
3676,96
3677,96
3678,96
3679,96
3680,96
3681,96
3682,96
3683,96
3684,96
3685,96
3686,96
3687,96
3688,96
3689,96
3690,96
3691,96
3692,96
3693,96
3694,96
3695,96
3696,96
3697,96
3698,96
3699,96
3700,96
3701,96
3702,96
3703,96
3704,96
3705,96
3706,96
3707,96
3708,96
3709,95
3710,95
3711,95
3712,95
3713,95
3714,95
3715,95
3716,95
3717,95
3718,95
3719,95
3720,95
3721,95
3722,95
3723,95
3724,95
3725,95
3726,95
3727,95
3728,95
3729,95
3730,95
3731,95
3732,95
3733,95
3734,95
3735,95
3736,95
3737,95
3738,95
3739,95
3740,95
3741,95
3742,95
3743,95
3744,95
3745,95
3746,95
3747,95
3748,95
3749,95
3750,95
3751,95
3752,95
3753,95
3754,95
3755,95
3756,95
3757,95
3758,95
3759,95
3760,95
3761,95
3762,95
3763,95
3764,95
3765,95
3766,95
3767,95
3768,95
3769,95
3770,95
3771,95
3772,95
3773,95
3774,95
3775,95
3776,95
3777,95
3778,95
3779,95
3780,95
3781,95
3782,95
3783,95
3784,95
3785,95
3786,95
3787,95
3788,94
3789,94
3790,94
3791,94
3792,94
3793,94
3794,94
3795,94
3796,94
3797,94
3798,94
3799,94
3800,94
3801,94
3802,94
3803,94
3804,94
3805,94
3806,94
3807,94
3808,94
3809,94
3810,94
3811,94
3812,94
3813,94
3814,94
3815,94
3816,94
3817,94
3818,94
3819,94
3820,94
3821,94
3822,94
3823,94
3824,94
3825,94
3826,94
3827,93
3828,93
3829,93
3830,93
3831,93
3832,93
3833,93
3834,93
3835,93
3836,93
3837,93
3838,93
3839,93
3840,93
3841,93
3842,93
3843,93
3844,93
3845,93
3846,93
3847,93
3848,93
3849,93
3850,93
3851,93
3852,93
3853,93
3854,93
3855,93
3856,93
3857,93
3858,93
3859,93
3860,93
3861,93
3862,93
3863,93
3864,93
3865,93
3866,93
3867,93
3868,93
3869,93
3870,93
3871,93
3872,93
3873,93
3874,93
3875,93
3876,93
3877,93
3878,93
3879,93
3880,93
3881,93
3882,93
3883,92
3884,92
3885,92
3886,92
3887,92
3888,92
3889,92
3890,91
3891,91
3892,91
3893,91
3894,91
3895,91
3896,91
3897,91
3898,91
3899,91
3900,91
3901,91
3902,91
3903,91
3904,91
3905,91
3906,91
3907,91
3908,91
3909,91
3910,91
3911,91
3912,91
3913,91
3914,91
3915,91
3916,91
3917,91
3918,91
3919,91
3920,91
3921,91
3922,91
3923,91
3924,91
3925,91
3926,91
3927,91
3928,91
3929,91
3930,91
3931,91
3932,91
3933,91
3934,91
3935,91
3936,91
3937,91
3938,91
3939,91
3940,91
3941,91
3942,91
3943,91
3944,91
3945,91
3946,91
3947,91
3948,91
3949,91
3950,91
3951,91
3952,91
3953,91
3954,91
3955,91
3956,91
3957,91
3958,91
3959,91
3960,91
3961,91
3962,91
3963,91
3964,91
3965,91
3966,91
3967,91
3968,91
3969,91
3970,91
3971,91
3972,91
3973,91
3974,91
3975,91
3976,91
3977,91
3978,91
3979,91
3980,91
3981,91
3982,91
3983,91
3984,91
3985,91
3986,91
3987,91
3988,91
3989,91
3990,91
3991,91
3992,91
3993,91
3994,91
3995,91
3996,91
3997,91
3998,91
3999,91
4000,91
4001,91
4002,91
4003,91
4004,91
4005,91
4006,91
4007,91
4008,91
4009,91
4010,91
4011,91
4012,91
4013,91
4014,91
4015,91
4016,91
4017,91
4018,91
4019,91
4020,91
4021,91
4022,91
4023,91
4024,91
4025,91
4026,91
4027,91
4028,91
4029,91
4030,91
4031,91
4032,91
4033,91
4034,91
4035,91
4036,91
4037,91
4038,91
4039,91
4040,91
4041,91
4042,91
4043,91
4044,91
4045,91
4046,91
4047,91
4048,91
4049,91
4050,91
4051,91
4052,91
4053,91
4054,91
4055,91
4056,91
4057,91
4058,91
4059,91
4060,91
4061,91
4062,91
4063,91
4064,91
4065,91
4066,91
4067,91
4068,91
4069,91
4070,91
4071,91
4072,91
4073,91
4074,91
4075,91
4076,91
4077,91
4078,91
4079,91
4080,91
4081,91
4082,91
4083,91
4084,91
4085,91
4086,91
4087,91
4088,91
4089,91
4090,91
4091,91
4092,91
4093,91
4094,91
4095,91
4096,91
4097,91
4098,91
4099,91
4100,91
4101,91
4102,91
4103,91
4104,91
4105,91
4106,91
4107,91
4108,91
4109,91
4110,91
4111,91
4112,91
4113,91
4114,91
4115,91
4116,91
4117,90
4118,90
4119,90
4120,90
4121,90
4122,90
4123,90
4124,90
4125,90
4126,90
4127,90
4128,90
4129,90
4130,90
4131,90
4132,90
4133,90
4134,90
4135,90
4136,90
4137,90
4138,90
4139,90
4140,90
4141,90
4142,90
4143,90
4144,90
4145,90
4146,90
4147,90
4148,90
4149,90
4150,90
4151,90
4152,90
4153,90
4154,90
4155,90
4156,90
4157,90
4158,90
4159,90
4160,90
4161,90
4162,90
4163,90
4164,90
4165,90
4166,90
4167,90
4168,90
4169,90
4170,90
4171,90
4172,90
4173,90
4174,90
4175,90
4176,90
4177,90
4178,90
4179,90
4180,90
4181,90
4182,90
4183,90
4184,90
4185,90
4186,90
4187,90
4188,90
4189,90
4190,90
4191,90
4192,90
4193,90
4194,90
4195,90
4196,90
4197,90
4198,90
4199,90
4200,90
4201,90
4202,90
4203,90
4204,90
4205,90
4206,90
4207,90
4208,90
4209,90
4210,90
4211,90
4212,90
4213,90
4214,90
4215,90
4216,90
4217,90
4218,90
4219,90
4220,90
4221,90
4222,90
4223,90
4224,90
4225,90
4226,90
4227,90
4228,90
4229,90
4230,90
4231,90
4232,90
4233,90
4234,90
4235,90
4236,90
4237,90
4238,90
4239,90
4240,90
4241,90
4242,90
4243,90
4244,90
4245,90
4246,90
4247,90
4248,90
4249,90
4250,90
4251,90
4252,90
4253,90
4254,90
4255,90
4256,90
4257,90
4258,90
4259,90
4260,90
4261,90
4262,90
4263,90
4264,90
4265,90
4266,90
4267,90
4268,90
4269,90
4270,90
4271,90
4272,90
4273,90
4274,90
4275,90
4276,90
4277,90
4278,90
4279,90
4280,90
4281,90
4282,90
4283,90
4284,90
4285,90
4286,90
4287,90
4288,90
4289,90
4290,90
4291,90
4292,90
4293,90
4294,90
4295,90
4296,90
4297,90
4298,90
4299,90
4300,90
4301,90
4302,90
4303,90
4304,90
4305,90
4306,90
4307,90
4308,90
4309,90
4310,90
4311,90
4312,90
4313,90
4314,90
4315,90
4316,90
4317,90
4318,90
4319,90
4320,90
4321,90
4322,90
4323,90
4324,90
4325,90
4326,90
4327,90
4328,90
4329,90
4330,90
4331,90
4332,90
4333,90
4334,90
4335,90
4336,90
4337,90
4338,90
4339,90
4340,90
4341,90
4342,90
4343,90
4344,90
4345,90
4346,90
4347,90
4348,90
4349,90
4350,90
4351,90
4352,90
4353,90
4354,90
4355,90
4356,90
4357,90
4358,90
4359,90
4360,90
4361,90
4362,90
4363,90
4364,90
4365,90
4366,90
4367,90
4368,90
4369,90
4370,90
4371,90
4372,90
4373,90
4374,90
4375,90
4376,90
4377,90
4378,90
4379,90
4380,90
4381,90
4382,90
4383,90
4384,90
4385,90
4386,90
4387,90
4388,90
4389,90
4390,90
4391,90
4392,90
4393,90
4394,90
4395,90
4396,90
4397,90
4398,90
4399,90
4400,89
4401,89
4402,89
4403,89
4404,89
4405,89
4406,89
4407,89
4408,89
4409,89
4410,89
4411,89
4412,89
4413,89
4414,89
4415,89
4416,89
4417,89
4418,89
4419,89
4420,89
4421,89
4422,89
4423,89
4424,89
4425,89
4426,89
4427,89
4428,89
4429,89
4430,89
4431,89
4432,89
4433,89
4434,89
4435,89
4436,89
4437,89
4438,89
4439,89
4440,89
4441,89
4442,89
4443,89
4444,89
4445,89
4446,89
4447,89
4448,89
4449,89
4450,89
4451,89
4452,89
4453,89
4454,89
4455,89
4456,89
4457,89
4458,89
4459,89
4460,89
4461,89
4462,89
4463,89
4464,89
4465,89
4466,89
4467,89
4468,89
4469,89
4470,89
4471,89
4472,89
4473,89
4474,89
4475,88
4476,88
4477,88
4478,88
4479,88
4480,88
4481,88
4482,88
4483,88
4484,88
4485,88
4486,88
4487,88
4488,88
4489,88
4490,88
4491,88
4492,88
4493,88
4494,88
4495,88
4496,88
4497,88
4498,88
4499,88
4500,88
4501,88
4502,88
4503,88
4504,88
4505,88
4506,88
4507,88
4508,88
4509,88
4510,88
4511,88
4512,88
4513,88
4514,88
4515,88
4516,88
4517,88
4518,88
4519,88
4520,88
4521,88
4522,88
4523,88
4524,88
4525,88
4526,88
4527,88
4528,88
4529,88
4530,88
4531,88
4532,88
4533,88
4534,88
4535,88
4536,88
4537,88
4538,88
4539,88
4540,88
4541,88
4542,88
4543,88
4544,88
4545,88
4546,88
4547,88
4548,88
4549,88
4550,88
4551,88
4552,88
4553,88
4554,88
4555,88
4556,88
4557,88
4558,88
4559,88
4560,88
4561,88
4562,88
4563,88
4564,88
4565,88
4566,88
4567,88
4568,88
4569,88
4570,88
4571,88
4572,88
4573,88
4574,88
4575,88
4576,88
4577,88
4578,88
4579,88
4580,88
4581,88
4582,88
4583,88
4584,88
4585,88
4586,88
4587,88
4588,88
4589,88
4590,88
4591,88
4592,88
4593,88
4594,88
4595,88
4596,88
4597,88
4598,88
4599,88
4600,88
4601,88
4602,88
4603,88
4604,88
4605,88
4606,88
4607,88
4608,88
4609,88
4610,88
4611,88
4612,88
4613,88
4614,88
4615,88
4616,88
4617,88
4618,88
4619,88
4620,88
4621,88
4622,88
4623,88
4624,88
4625,88
4626,88
4627,88
4628,88
4629,88
4630,88
4631,88
4632,88
4633,88
4634,88
4635,88
4636,88
4637,88
4638,88
4639,88
4640,88
4641,88
4642,88
4643,88
4644,88
4645,88
4646,88
4647,88
4648,88
4649,88
4650,88
4651,88
4652,88
4653,88
4654,88
4655,88
4656,88
4657,88
4658,88
4659,88
4660,88
4661,88
4662,88
4663,88
4664,88
4665,88
4666,88
4667,88
4668,88
4669,88
4670,88
4671,88
4672,88
4673,88
4674,88
4675,88
4676,88
4677,88
4678,88
4679,88
4680,88
4681,88
4682,88
4683,88
4684,88
4685,88
4686,88
4687,88
4688,88
4689,88
4690,88
4691,88
4692,88
4693,88
4694,88
4695,88
4696,88
4697,88
4698,88
4699,88
4700,88
4701,88
4702,88
4703,88
4704,88
4705,88
4706,88
4707,88
4708,88
4709,88
4710,88
4711,88
4712,88
4713,88
4714,88
4715,88
4716,88
4717,88
4718,88
4719,88
4720,88
4721,88
4722,88
4723,88
4724,88
4725,88
4726,88
4727,88
4728,88
4729,88
4730,88
4731,88
4732,88
4733,88
4734,88
4735,88
4736,88
4737,88
4738,88
4739,88
4740,88
4741,88
4742,88
4743,88
4744,88
4745,88
4746,88
4747,88
4748,88
4749,88
4750,88
4751,88
4752,88
4753,88
4754,88
4755,88
4756,88
4757,88
4758,88
4759,88
4760,88
4761,88
4762,88
4763,88
4764,88
4765,88
4766,88
4767,88
4768,88
4769,88
4770,88
4771,88
4772,88
4773,88
4774,88
4775,88
4776,88
4777,88
4778,88
4779,88
4780,88
4781,88
4782,87
4783,87
4784,87
4785,87
4786,87
4787,87
4788,87
4789,87
4790,87
4791,87
4792,87
4793,87
4794,87
4795,87
4796,87
4797,87
4798,87
4799,87
4800,87
4801,87
4802,87
4803,87
4804,87
4805,87
4806,87
4807,87
4808,87
4809,87
4810,87
4811,87
4812,87
4813,87
4814,87
4815,87
4816,87
4817,87
4818,87
4819,87
4820,87
4821,87
4822,87
4823,87
4824,87
4825,87
4826,87
4827,87
4828,87
4829,87
4830,87
4831,87
4832,87
4833,87
4834,87
4835,87
4836,87
4837,87
4838,87
4839,87
4840,87
4841,87
4842,87
4843,87
4844,87
4845,87
4846,87
4847,87
4848,87
4849,87
4850,87
4851,87
4852,87
4853,87
4854,87
4855,87
4856,87
4857,87
4858,87
4859,87
4860,87
4861,87
4862,87
4863,87
4864,87
4865,87
4866,87
4867,87
4868,87
4869,87
4870,87
4871,87
4872,87
4873,87
4874,87
4875,87
4876,87
4877,87
4878,87
4879,87
4880,87
4881,87
4882,87
4883,87
4884,87
4885,87
4886,87
4887,87
4888,87
4889,87
4890,87
4891,87
4892,87
4893,87
4894,87
4895,87
4896,87
4897,87
4898,87
4899,87
4900,87
4901,87
4902,87
4903,87
4904,87
4905,87
4906,87
4907,87
4908,87
4909,87
4910,87
4911,87
4912,87
4913,87
4914,87
4915,87
4916,87
4917,87
4918,87
4919,87
4920,87
4921,87
4922,87
4923,87
4924,87
4925,87
4926,87
4927,87
4928,87
4929,87
4930,87
4931,87
4932,87
4933,87
4934,87
4935,87
4936,87
4937,87
4938,87
4939,87
4940,87
4941,87
4942,87
4943,87
4944,87
4945,87
4946,87
4947,87
4948,87
4949,87
4950,87
4951,87
4952,87
4953,87
4954,87
4955,87
4956,87
4957,87
4958,87
4959,87
4960,87
4961,87
4962,87
4963,87
4964,87
4965,87
4966,87
4967,87
4968,87
4969,87
4970,87
4971,87
4972,87
4973,87
4974,87
4975,87
4976,87
4977,87
4978,87
4979,87
4980,87
4981,87
4982,87
4983,87
4984,87
4985,87
4986,87
4987,87
4988,87
4989,87
4990,87
4991,87
4992,87
4993,87
4994,87
4995,87
4996,87
4997,87
4998,87
4999,87
5000,87
5001,87
5002,87
5003,87
5004,87
5005,87
5006,87
5007,87
5008,87
5009,87
5010,87
5011,87
5012,87
5013,87
5014,87
5015,87
5016,87
5017,87
5018,87
5019,87
5020,87
5021,87
5022,87
5023,87
5024,87
5025,87
5026,87
5027,87
5028,87
5029,87
5030,87
5031,87
5032,87
5033,87
5034,87
5035,87
5036,87
5037,87
5038,87
5039,87
5040,87
5041,87
5042,87
5043,87
5044,87
5045,87
5046,87
5047,87
5048,87
5049,87
5050,87
5051,87
5052,87
5053,87
5054,87
5055,87
5056,87
5057,87
5058,87
5059,87
5060,87
5061,87
5062,87
5063,87
5064,87
5065,87
5066,87
5067,87
5068,87
5069,87
5070,87
5071,87
5072,87
5073,87
5074,87
5075,87
5076,87
5077,87
5078,87
5079,87
5080,87
5081,87
5082,87
5083,87
5084,87
5085,87
5086,87
5087,87
5088,87
5089,87
5090,87
5091,87
5092,87
5093,87
5094,87
5095,87
5096,87
5097,87
5098,87
5099,87
5100,87
5101,87
5102,87
5103,87
5104,87
5105,87
5106,87
5107,87
5108,87
5109,87
5110,87
5111,87
5112,87
5113,87
5114,87
5115,87
5116,87
5117,87
5118,87
5119,87
5120,87
5121,87
5122,87
5123,87
5124,87
5125,87
5126,87
5127,87
5128,87
5129,87
5130,87
5131,87
5132,87
5133,87
5134,87
5135,87
5136,87
5137,87
5138,87
5139,87
5140,87
5141,87
5142,87
5143,87
5144,87
5145,86
5146,86
5147,86
5148,86
5149,86
5150,86
5151,86
5152,86
5153,86
5154,86
5155,86
5156,86
5157,86
5158,86
5159,86
5160,86
5161,86
5162,86
5163,86
5164,86
5165,86
5166,86
5167,86
5168,86
5169,86
5170,86
5171,86
5172,86
5173,86
5174,86
5175,86
5176,86
5177,86
5178,86
5179,86
5180,86
5181,86
5182,86
5183,86
5184,86
5185,86
5186,86
5187,86
5188,86
5189,86
5190,86
5191,86
5192,86
5193,86
5194,86
5195,86
5196,86
5197,86
5198,86
5199,86
5200,86
5201,86
5202,86
5203,86
5204,86
5205,86
5206,86
5207,86
5208,86
5209,86
5210,86
5211,86
5212,86
5213,86
5214,86
5215,86
5216,86
5217,86
5218,86
5219,86
5220,86
5221,86
5222,86
5223,86
5224,86
5225,86
5226,86
5227,86
5228,86
5229,86
5230,86
5231,86
5232,86
5233,86
5234,86
5235,86
5236,86
5237,86
5238,86
5239,86
5240,86
5241,86
5242,86
5243,86
5244,86
5245,86
5246,86
5247,86
5248,86
5249,86
5250,86
5251,86
5252,86
5253,86
5254,86
5255,86
5256,86
5257,86
5258,86
5259,86
5260,86
5261,86
5262,86
5263,86
5264,86
5265,86
5266,86
5267,86
5268,85
5269,85
5270,85
5271,85
5272,85
5273,85
5274,85
5275,85
5276,85
5277,85
5278,85
5279,85
5280,85
5281,85
5282,85
5283,85
5284,85
5285,85
5286,85
5287,85
5288,85
5289,85
5290,85
5291,85
5292,85
5293,85
5294,85
5295,85
5296,85
5297,85
5298,83
5299,83
5300,83
5301,83
5302,83
5303,83
5304,81
5305,81
5306,81
5307,81
5308,80
5309,80
5310,80
5311,80
5312,80
5313,80
5314,80
5315,80
5316,80
5317,80
5318,80
5319,80
5320,80
5321,80
5322,80
5323,79
5324,79
5325,79
5326,78
5327,78
5328,78
5329,78
5330,78
5331,78
5332,78
5333,78
5334,78
5335,78
5336,78
5337,78
5338,78
5339,78
5340,78
5341,78
5342,78
5343,78
5344,78
5345,78
5346,78
5347,78
5348,78
5349,78
5350,78
5351,78
5352,78
5353,77
5354,77
5355,77
5356,77
5357,77
5358,77
5359,77
5360,77
5361,77
5362,77
5363,77
5364,77
5365,77
5366,77
5367,77
5368,77
5369,77
5370,77
5371,77
5372,77
5373,77
5374,77
5375,77
5376,77
5377,77
5378,77
5379,77
5380,77
5381,77
5382,77
5383,77
5384,77
5385,77
5386,77
5387,77
5388,77
5389,77
5390,77
5391,77
5392,77
5393,77
5394,77
5395,77
5396,77
5397,77
5398,77
5399,77
5400,77
5401,77
5402,77
5403,77
5404,77
5405,77
5406,77
5407,77
5408,77
5409,77
5410,77
5411,77
5412,77
5413,77
5414,77
5415,77
5416,77
5417,77
5418,77
5419,77
5420,77
5421,77
5422,77
5423,77
5424,77
5425,77
5426,77
5427,77
5428,77
5429,77
5430,77
5431,77
5432,77
5433,77
5434,77
5435,77
5436,77
5437,77
5438,77
5439,77
5440,77
5441,77
5442,77
5443,77
5444,77
5445,77
5446,77
5447,77
5448,77
5449,77
5450,77
5451,77
5452,77
5453,77
5454,77
5455,77
5456,77
5457,77
5458,77
5459,77
5460,77
5461,77
5462,76
5463,76
5464,76
5465,76
5466,76
5467,76
5468,76
5469,76
5470,76
5471,76
5472,76
5473,76
5474,76
5475,76
5476,76
5477,76
5478,76
5479,76
5480,76
5481,76
5482,76
5483,76
5484,76
5485,76
5486,76
5487,76
5488,76
5489,76
5490,76
5491,76
5492,76
5493,76
5494,76
5495,76
5496,76
5497,76
5498,76
5499,76
5500,76
5501,76
5502,76
5503,76
5504,76
5505,76
5506,76
5507,76
5508,76
5509,76
5510,76
5511,76
5512,76
5513,76
5514,76
5515,76
5516,76
5517,76
5518,76
5519,76
5520,76
5521,76
5522,76
5523,76
5524,76
5525,76
5526,76
5527,76
5528,76
5529,76
5530,76
5531,76
5532,76
5533,76
5534,76
5535,76
5536,76
5537,76
5538,76
5539,76
5540,76
5541,76
5542,76
5543,76
5544,76
5545,76
5546,76
5547,76
5548,76
5549,76
5550,76
5551,76
5552,76
5553,76
5554,76
5555,76
5556,76
5557,76
5558,76
5559,76
5560,76
5561,76
5562,75
5563,75
5564,74
5565,74
5566,74
5567,74
5568,74
5569,74
5570,74
5571,74
5572,74
5573,74
5574,74
5575,74
5576,74
5577,74
5578,74
5579,74
5580,74
5581,74
5582,74
5583,74
5584,74
5585,74
5586,74
5587,74
5588,74
5589,74
5590,74
5591,74
5592,74
5593,74
5594,74
5595,74
5596,74
5597,74
5598,73
5599,73
5600,73
5601,73
5602,73
5603,73
5604,73
5605,73
5606,73
5607,73
5608,73
5609,73
5610,73
5611,73
5612,73
5613,73
5614,73
5615,73
5616,73
5617,73
5618,73
5619,73
5620,73
5621,72
5622,72
5623,72
5624,72
5625,72
5626,72
5627,72
5628,72
5629,72
5630,72
5631,72
5632,72
5633,72
5634,72
5635,72
5636,71
5637,71
5638,71
5639,71
5640,71
5641,70
5642,70
5643,69
5644,68
5645,67
5646,67
5647,67
5648,66
5649,64
5650,63
5651,60
5652,59
5653,58
5654,57
5655,56
5656,55
5657,54
5658,53
5659,52
5660,52
5661,52
5662,51
5663,50
5664,49
5665,48
5666,47
5667,46
5668,45
5669,45
5670,45
5671,45
5672,45
5673,45
5674,45
5675,45
5676,45
5677,45
5678,45
5679,45
5680,45
5681,45
5682,45
5683,45
5684,45
5685,45
5686,45
5687,45
5688,45
5689,45
5690,45
5691,45
5692,45
5693,45
5694,45
5695,45
5696,45
5697,45
5698,45
5699,45
5700,45
5701,45
5702,45
5703,45
5704,45
5705,45
5706,45
5707,45
5708,45
5709,45
5710,45
5711,45
5712,45
5713,45
5714,45
5715,45
5716,45
5717,45
5718,45
5719,45
5720,45
5721,45
5722,45
5723,45
5724,45
5725,45
5726,45
5727,45
5728,45
5729,45
5730,45
5731,45
5732,45
5733,45
5734,45
5735,45
5736,45
5737,45
5738,45
5739,45
5740,45
5741,45
5742,45
5743,45
5744,45
5745,45
5746,45
5747,45
5748,45
5749,45
5750,45
5751,45
5752,45
5753,45
5754,45
5755,45
5756,45
5757,45
5758,45
5759,45
5760,45
5761,45
5762,45
5763,45
5764,45
5765,45
5766,45
5767,45
5768,45
5769,45
5770,45
5771,45
5772,45
5773,45
5774,45
5775,45
5776,45
5777,45
5778,45
5779,45
5780,45
5781,45
5782,45
5783,45
5784,45
5785,45
5786,45
5787,45
5788,45
5789,45
5790,45
5791,45
5792,45
5793,45
5794,45
5795,45
5796,45
5797,45
5798,45
5799,45
5800,45
5801,45
5802,45
5803,45
5804,45
5805,45
5806,45
5807,45
5808,45
5809,45
5810,45
5811,45
5812,45
5813,45
5814,45
5815,45
5816,45
5817,45
5818,45
5819,45
5820,45
5821,45
5822,45
5823,45
5824,45
5825,45
5826,45
5827,45
5828,45
5829,45
5830,45
5831,45
5832,45
5833,45
5834,45
5835,45
5836,45
5837,45
5838,45
5839,45
5840,45
5841,45
5842,45
5843,45
5844,45
5845,45
5846,45
5847,45
5848,45
5849,45
5850,45
5851,45
5852,45
5853,45
5854,45
5855,45
5856,45
5857,45
5858,45
5859,45
5860,45
5861,45
5862,45
5863,45
5864,45
5865,45
5866,45
5867,45
5868,45
5869,45
5870,45
5871,45
5872,45
5873,45
5874,45
5875,45
5876,45
5877,45
5878,45
5879,45
5880,45
5881,45
5882,45
5883,45
5884,45
5885,45
5886,45
5887,45
5888,45
5889,45
5890,45
5891,45
5892,45
5893,45
5894,45
5895,45
5896,45
5897,45
5898,45
5899,45
5900,45
5901,45
5902,45
5903,45
5904,45
5905,45
5906,45
5907,45
5908,45
5909,45
5910,45
5911,45
5912,45
5913,45
5914,45
5915,45
5916,45
5917,45
5918,45
5919,45
5920,45
5921,45
5922,45
5923,45
5924,45
5925,45
5926,45
5927,45
5928,45
5929,45
5930,45
5931,45
5932,45
5933,45
5934,45
5935,45
5936,45
5937,45
5938,45
5939,45
5940,45
5941,45
5942,45
5943,45
5944,45
5945,45
5946,45
5947,45
5948,45
5949,45
5950,45
5951,45
5952,45
5953,45
5954,45
5955,45
5956,45
5957,45
5958,45
5959,45
5960,45
5961,45
5962,45
5963,45
5964,45
5965,45
5966,45
5967,45
5968,45
5969,45
5970,45
5971,45
5972,45
5973,45
5974,45
5975,45
5976,45
5977,45
5978,45
5979,45
5980,45
5981,45
5982,45
5983,45
5984,45
5985,45
5986,45
5987,45
5988,45
5989,45
5990,45
5991,45
5992,45
5993,45
5994,45
5995,45
5996,45
5997,45
5998,45
5999,45
6000,45
6001,45
6002,45
6003,45
6004,45
6005,45
6006,45
6007,45
6008,45
6009,45
6010,45
6011,45
6012,45
6013,45
6014,45
6015,45
6016,45
6017,45
6018,45
6019,45
6020,45
6021,45
6022,45
6023,45
6024,45
6025,45
6026,45
6027,45
6028,45
6029,45
6030,45
6031,45
6032,45
6033,45
6034,45
6035,45
6036,45
6037,45
6038,45
6039,45
6040,45
6041,45
6042,45
6043,45
6044,45
6045,45
6046,45
6047,45
6048,45
6049,45
6050,45
6051,45
6052,45
6053,45
6054,45
6055,45
6056,45
6057,45
6058,45
6059,45
6060,45
6061,45
6062,45
6063,45
6064,45
6065,45
6066,45
6067,45
6068,45
6069,45
6070,45
6071,45
6072,45
6073,45
6074,45
6075,45
6076,45
6077,45
6078,45
6079,45
6080,45
6081,45
6082,45
6083,45
6084,44
6085,44
6086,44
6087,44
6088,44
6089,44
6090,44
6091,44
6092,44
6093,44
6094,44
6095,44
6096,44
6097,44
6098,44
6099,44
6100,44
6101,44
6102,44
6103,44
6104,44
6105,44
6106,44
6107,44
6108,44
6109,44
6110,44
6111,44
6112,44
6113,44
6114,44
6115,44
6116,44
6117,44
6118,44
6119,44
6120,44
6121,44
6122,44
6123,44
6124,44
6125,44
6126,44
6127,44
6128,44
6129,44
6130,44
6131,44
6132,44
6133,44
6134,44
6135,44
6136,44
6137,44
6138,44
6139,44
6140,44
6141,44
6142,44
6143,44
6144,44
6145,44
6146,44
6147,44
6148,44
6149,44
6150,44
6151,44
6152,44
6153,44
6154,44
6155,44
6156,44
6157,44
6158,44
6159,44
6160,44
6161,44
6162,44
6163,44
6164,44
6165,44
6166,44
6167,44
6168,44
6169,44
6170,44
6171,44
6172,44
6173,44
6174,44
6175,44
6176,44
6177,44
6178,44
6179,44
6180,44
6181,44
6182,44
6183,44
6184,44
6185,44
6186,44
6187,44
6188,44
6189,44
6190,44
6191,44
6192,44
6193,44
6194,44
6195,44
6196,44
6197,44
6198,44
6199,44
6200,44
6201,44
6202,44
6203,44
6204,44
6205,44
6206,44
6207,44
6208,44
6209,44
6210,44
6211,44
6212,44
6213,44
6214,44
6215,44
6216,44
6217,44
6218,44
6219,44
6220,44
6221,44
6222,44
6223,44
6224,44
6225,44
6226,44
6227,44
6228,44
6229,44
6230,44
6231,44
6232,44
6233,44
6234,44
6235,44
6236,44
6237,44
6238,44
6239,44
6240,44
6241,44
6242,44
6243,44
6244,44
6245,44
6246,44
6247,44
6248,44
6249,44
6250,44
6251,44
6252,44
6253,44
6254,43
6255,43
6256,43
6257,43
6258,43
6259,43
6260,43
6261,43
6262,43
6263,43
6264,43
6265,43
6266,43
6267,43
6268,43
6269,43
6270,43
6271,43
6272,43
6273,43
6274,43
6275,43
6276,43
6277,43
6278,43
6279,43
6280,43
6281,43
6282,43
6283,43
6284,43
6285,43
6286,43
6287,43
6288,43
6289,43
6290,43
6291,43
6292,43
6293,43
6294,43
6295,43
6296,43
6297,43
6298,43
6299,43
6300,43
6301,43
6302,43
6303,43
6304,43
6305,43
6306,43
6307,43
6308,43
6309,43
6310,43
6311,43
6312,43
6313,43
6314,43
6315,43
6316,43
6317,43
6318,43
6319,43
6320,43
6321,43
6322,43
6323,43
6324,43
6325,43
6326,43
6327,43
6328,43
6329,43
6330,43
6331,43
6332,43
6333,43
6334,43
6335,43
6336,43
6337,43
6338,43
6339,43
6340,43
6341,43
6342,43
6343,43
6344,43
6345,43
6346,43
6347,43
6348,43
6349,43
6350,43
6351,43
6352,43
6353,43
6354,43
6355,43
6356,43
6357,43
6358,43
6359,43
6360,43
6361,43
6362,43
6363,43
6364,43
6365,43
6366,43
6367,43
6368,43
6369,43
6370,43
6371,43
6372,43
6373,43
6374,43
6375,43
6376,43
6377,43
6378,43
6379,43
6380,43
6381,43
6382,43
6383,43
6384,43
6385,43
6386,43
6387,43
6388,43
6389,43
6390,43
6391,43
6392,43
6393,43
6394,43
6395,43
6396,43
6397,43
6398,43
6399,43
6400,43
6401,43
6402,43
6403,43
6404,43
6405,43
6406,43
6407,43
6408,43
6409,43
6410,43
6411,43
6412,43
6413,43
6414,43
6415,43
6416,43
6417,43
6418,43
6419,43
6420,43
6421,43
6422,43
6423,43
6424,43
6425,43
6426,43
6427,43
6428,43
6429,43
6430,43
6431,43
6432,43
6433,43
6434,43
6435,43
6436,43
6437,43
6438,43
6439,43
6440,43
6441,43
6442,43
6443,43
6444,43
6445,43
6446,43
6447,43
6448,43
6449,43
6450,43
6451,43
6452,43
6453,43
6454,43
6455,43
6456,43
6457,43
6458,43
6459,43
6460,43
6461,43
6462,43
6463,42
6464,42
6465,42
6466,42
6467,42
6468,42
6469,42
6470,42
6471,42
6472,42
6473,42
6474,42
6475,42
6476,42
6477,42
6478,42
6479,42
6480,42
6481,42
6482,42
6483,42
6484,42
6485,42
6486,42
6487,42
6488,42
6489,42
6490,42
6491,42
6492,42
6493,42
6494,42
6495,42
6496,42
6497,42
6498,42
6499,42
6500,42
6501,42
6502,42
6503,42
6504,42
6505,42
6506,42
6507,42
6508,42
6509,42
6510,41
6511,41
6512,41
6513,41
6514,41
6515,41
6516,41
6517,41
6518,41
6519,41
6520,41
6521,41
6522,41
6523,41
6524,41
6525,41
6526,41
6527,41
6528,41
6529,41
6530,41
6531,41
6532,41
6533,40
6534,40
6535,40
6536,40
6537,40
6538,40
6539,40
6540,40
6541,40
6542,40
6543,40
6544,40
6545,40
6546,40
6547,40
6548,40
6549,40
6550,40
6551,40
6552,40
6553,40
6554,40
6555,40
6556,40
6557,39
6558,39
6559,39
6560,39
6561,39
6562,39
6563,39
6564,39
6565,39
6566,39
6567,39
6568,39
6569,39
6570,39
6571,39
6572,39
6573,39
6574,39
6575,39
6576,39
6577,39
6578,39
6579,39
6580,39
6581,39
6582,39
6583,39
6584,39
6585,39
6586,39
6587,39
6588,39
6589,39
6590,39
6591,39
6592,39
6593,39
6594,39
6595,39
6596,39
6597,39
6598,39
6599,39
6600,39
6601,39
6602,38
6603,38
6604,38
6605,38
6606,38
6607,38
6608,38
6609,38
6610,38
6611,38
6612,38
6613,38
6614,38
6615,38
6616,38
6617,38
6618,38
6619,38
6620,38
6621,38
6622,38
6623,38
6624,38
6625,38
6626,38
6627,38
6628,38
6629,38
6630,38
6631,38
6632,38
6633,38
6634,38
6635,38
6636,38
6637,38
6638,38
6639,38
6640,38
6641,38
6642,38
6643,38
6644,38
6645,38
6646,38
6647,37
6648,37
6649,37
6650,37
6651,37
6652,37
6653,37
6654,37
6655,37
6656,37
6657,37
6658,37
6659,37
6660,37
6661,37
6662,37
6663,37
6664,37
6665,37
6666,37
6667,37
6668,37
6669,37
6670,37
6671,37
6672,37
6673,37
6674,37
6675,37
6676,37
6677,37
6678,37
6679,37
6680,37
6681,37
6682,37
6683,37
6684,37
6685,37
6686,37
6687,37
6688,36
6689,36
6690,36
6691,36
6692,36
6693,36
6694,36
6695,36
6696,36
6697,36
6698,36
6699,36
6700,36
6701,36
6702,36
6703,36
6704,36
6705,36
6706,36
6707,36
6708,36
6709,36
6710,36
6711,36
6712,36
6713,36
6714,36
6715,36
6716,36
6717,36
6718,36
6719,36
6720,36
6721,36
6722,36
6723,36
6724,36
6725,36
6726,36
6727,36
6728,36
6729,36
6730,36
6731,36
6732,36
6733,36
6734,36
6735,36
6736,36
6737,36
6738,36
6739,36
6740,36
6741,36
6742,36
6743,36
6744,36
6745,36
6746,36
6747,36
6748,36
6749,36
6750,36
6751,36
6752,36
6753,36
6754,36
6755,36
6756,36
6757,36
6758,36
6759,36
6760,36
6761,36
6762,36
6763,35
6764,35
6765,35
6766,35
6767,35
6768,35
6769,35
6770,35
6771,35
6772,35
6773,35
6774,35
6775,35
6776,35
6777,35
6778,35
6779,35
6780,35
6781,35
6782,35
6783,35
6784,35
6785,35
6786,35
6787,35
6788,35
6789,35
6790,35
6791,35
6792,35
6793,35
6794,35
6795,35
6796,35
6797,35
6798,35
6799,35
6800,35
6801,35
6802,35
6803,35
6804,35
6805,35
6806,35
6807,35
6808,35
6809,35
6810,35
6811,35
6812,35
6813,35
6814,35
6815,35
6816,35
6817,35
6818,35
6819,35
6820,35
6821,35
6822,35
6823,35
6824,35
6825,35
6826,35
6827,35
6828,35
6829,35
6830,35
6831,35
6832,35
6833,35
6834,35
6835,35
6836,35
6837,35
6838,35
6839,35
6840,35
6841,35
6842,35
6843,35
6844,35
6845,35
6846,35
6847,35
6848,35
6849,35
6850,35
6851,35
6852,35
6853,35
6854,35
6855,35
6856,35
6857,35
6858,35
6859,35
6860,35
6861,35
6862,35
6863,35
6864,35
6865,35
6866,35
6867,35
6868,35
6869,35
6870,35
6871,35
6872,35
6873,35
6874,35
6875,35
6876,35
6877,35
6878,35
6879,35
6880,35
6881,35
6882,35
6883,35
6884,35
6885,35
6886,35
6887,35
6888,35
6889,35
6890,35
6891,35
6892,35
6893,35
6894,35
6895,35
6896,35
6897,35
6898,35
6899,35
6900,35
6901,35
6902,35
6903,35
6904,35
6905,35
6906,35
6907,35
6908,35
6909,35
6910,35
6911,35
6912,35
6913,35
6914,35
6915,35
6916,35
6917,35
6918,35
6919,35
6920,35
6921,35
6922,35
6923,35
6924,35
6925,35
6926,35
6927,35
6928,35
6929,35
6930,34
6931,34
6932,34
6933,34
6934,34
6935,34
6936,34
6937,34
6938,34
6939,34
6940,34
6941,34
6942,34
6943,34
6944,34
6945,34
6946,34
6947,34
6948,34
6949,34
6950,34
6951,34
6952,34
6953,34
6954,34
6955,34
6956,34
6957,34
6958,34
6959,34
6960,34
6961,34
6962,34
6963,34
6964,34
6965,34
6966,34
6967,34
6968,34
6969,34
6970,34
6971,34
6972,34
6973,34
6974,34
6975,34
6976,34
6977,34
6978,34
6979,34
6980,34
6981,34
6982,34
6983,34
6984,34
6985,34
6986,34
6987,34
6988,34
6989,34
6990,34
6991,34
6992,34
6993,34
6994,34
6995,34
6996,34
6997,34
6998,34
6999,34
7000,34
7001,34
7002,34
7003,34
7004,34
7005,34
7006,34
7007,34
7008,34
7009,34
7010,34
7011,34
7012,34
7013,34
7014,34
7015,34
7016,34
7017,34
7018,34
7019,34
7020,34
7021,34
7022,34
7023,34
7024,34
7025,34
7026,34
7027,34
7028,34
7029,34
7030,34
7031,34
7032,34
7033,34
7034,34
7035,34
7036,34
7037,34
7038,34
7039,34
7040,34
7041,34
7042,34
7043,34
7044,34
7045,34
7046,34
7047,34
7048,34
7049,34
7050,34
7051,34
7052,34
7053,34
7054,34
7055,34
7056,34
7057,34
7058,34
7059,34
7060,34
7061,34
7062,34
7063,34
7064,34
7065,34
7066,34
7067,34
7068,34
7069,34
7070,34
7071,34
7072,34
7073,34
7074,34
7075,34
7076,33
7077,33
7078,33
7079,33
7080,33
7081,33
7082,33
7083,33
7084,33
7085,33
7086,33
7087,33
7088,33
7089,33
7090,33
7091,33
7092,33
7093,33
7094,33
7095,33
7096,33
7097,33
7098,33
7099,33
7100,33
7101,33
7102,33
7103,33
7104,33
7105,33
7106,33
7107,33
7108,33
7109,33
7110,33
7111,33
7112,33
7113,33
7114,33
7115,33
7116,33
7117,33
7118,33
7119,33
7120,33
7121,33
7122,33
7123,33
7124,33
7125,33
7126,33
7127,33
7128,33
7129,33
7130,33
7131,33
7132,33
7133,33
7134,33
7135,33
7136,33
7137,33
7138,33
7139,33
7140,33
7141,33
7142,33
7143,33
7144,33
7145,33
7146,33
7147,33
7148,33
7149,33
7150,33
7151,33
7152,33
7153,33
7154,33
7155,33
7156,33
7157,33
7158,33
7159,33
7160,33
7161,33
7162,33
7163,33
7164,33
7165,33
7166,33
7167,33
7168,33
7169,33
7170,33
7171,33
7172,33
7173,33
7174,33
7175,33
7176,33
7177,33
7178,33
7179,33
7180,33
7181,33
7182,33
7183,33
7184,33
7185,33
7186,33
7187,33
7188,33
7189,33
7190,33
7191,33
7192,33
7193,33
7194,33
7195,33
7196,33
7197,33
7198,33
7199,33
7200,33
7201,33
7202,33
7203,33
7204,33
7205,33
7206,33
7207,33
7208,33
7209,33
7210,33
7211,33
7212,33
7213,33
7214,33
7215,33
7216,33
7217,33
7218,33
7219,33
7220,33
7221,33
7222,33
7223,33
7224,33
7225,33
7226,33
7227,33
7228,33
7229,33
7230,33
7231,33
7232,33
7233,33
7234,33
7235,33
7236,33
7237,33
7238,33
7239,33
7240,33
7241,33
7242,33
7243,33
7244,33
7245,33
7246,33
7247,33
7248,33
7249,33
7250,33
7251,33
7252,33
7253,33
7254,33
7255,33
7256,33
7257,33
7258,33
7259,33
7260,33
7261,33
7262,33
7263,33
7264,33
7265,33
7266,33
7267,33
7268,33
7269,33
7270,33
7271,33
7272,33
7273,33
7274,33
7275,33
7276,33
7277,33
7278,33
7279,33
7280,33
7281,33
7282,33
7283,33
7284,33
7285,33
7286,33
7287,33
7288,33
7289,33
7290,33
7291,33
7292,33
7293,33
7294,33
7295,33
7296,33
7297,33
7298,33
7299,33
7300,33
7301,33
7302,33
7303,33
7304,33
7305,33
7306,33
7307,33
7308,33
7309,33
7310,33
7311,33
7312,33
7313,33
7314,33
7315,33
7316,33
7317,33
7318,33
7319,33
7320,33
7321,33
7322,33
7323,33
7324,33
7325,33
7326,33
7327,33
7328,33
7329,33
7330,33
7331,33
7332,33
7333,33
7334,33
7335,33
7336,33
7337,33
7338,33
7339,33
7340,33
7341,33
7342,33
7343,33
7344,33
7345,33
7346,33
7347,33
7348,33
7349,33
7350,33
7351,33
7352,33
7353,33
7354,33
7355,33
7356,33
7357,33
7358,33
7359,33
7360,33
7361,33
7362,33
7363,33
7364,33
7365,33
7366,33
7367,33
7368,33
7369,33
7370,33
7371,33
7372,33
7373,33
7374,33
7375,33
7376,33
7377,33
7378,33
7379,33
7380,33
7381,33
7382,33
7383,33
7384,33
7385,33
7386,33
7387,33
7388,33
7389,33
7390,33
7391,33
7392,33
7393,33
7394,33
7395,33
7396,33
7397,33
7398,33
7399,33
7400,33
7401,33
7402,33
7403,33
7404,33
7405,33
7406,33
7407,33
7408,33
7409,33
7410,33
7411,33
7412,33
7413,33
7414,33
7415,33
7416,33
7417,33
7418,33
7419,33
7420,33
7421,33
7422,33
7423,33
7424,33
7425,33
7426,33
7427,33
7428,33
7429,33
7430,33
7431,33
7432,33
7433,33
7434,33
7435,33
7436,33
7437,33
7438,33
7439,33
7440,33
7441,33
7442,33
7443,33
7444,33
7445,33
7446,33
7447,33
7448,33
7449,33
7450,33
7451,33
7452,33
7453,33
7454,33
7455,33
7456,33
7457,33
7458,33
7459,33
7460,33
7461,33
7462,33
7463,33
7464,33
7465,33
7466,33
7467,33
7468,33
7469,33
7470,33
7471,33
7472,33
7473,33
7474,33
7475,33
7476,33
7477,33
7478,33
7479,33
7480,33
7481,33
7482,33
7483,33
7484,33
7485,33
7486,33
7487,33
7488,33
7489,33
7490,33
7491,33
7492,33
7493,33
7494,33
7495,33
7496,33
7497,33
7498,33
7499,33
7500,33
7501,33
7502,33
7503,33
7504,33
7505,33
7506,33
7507,33
7508,33
7509,33
7510,33
7511,33
7512,33
7513,33
7514,33
7515,33
7516,33
7517,33
7518,33
7519,33
7520,33
7521,33
7522,33
7523,33
7524,33
7525,33
7526,33
7527,33
7528,33
7529,33
7530,33
7531,33
7532,33
7533,33
7534,33
7535,33
7536,33
7537,33
7538,33
7539,33
7540,33
7541,33
7542,33
7543,33
7544,33
7545,33
7546,33
7547,33
7548,33
7549,33
7550,33
7551,33
7552,33
7553,33
7554,33
7555,33
7556,33
7557,33
7558,33
7559,33
7560,33
7561,33
7562,33
7563,33
7564,33
7565,33
7566,33
7567,33
7568,33
7569,33
7570,33
7571,33
7572,33
7573,33
7574,33
7575,33
7576,33
7577,33
7578,33
7579,33
7580,33
7581,33
7582,33
7583,33
7584,33
7585,33
7586,33
7587,33
7588,33
7589,33
7590,33
7591,33
7592,33
7593,33
7594,33
7595,33
7596,33
7597,33
7598,33
7599,33
7600,33
7601,33
7602,33
7603,33
7604,33
7605,33
7606,33
7607,33
7608,33
7609,33
7610,33
7611,33
7612,33
7613,33
7614,33
7615,33
7616,33
7617,33
7618,33
7619,33
7620,33
7621,33
7622,33
7623,33
7624,33
7625,33
7626,33
7627,33
7628,33
7629,33
7630,33
7631,33
7632,33
7633,33
7634,33
7635,33
7636,33
7637,33
7638,33
7639,33
7640,33
7641,33
7642,33
7643,33
7644,33
7645,33
7646,33
7647,33
7648,33
7649,33
7650,33
7651,33
7652,33
7653,33
7654,33
7655,33
7656,33
7657,33
7658,33
7659,33
7660,33
7661,33
7662,33
7663,33
7664,33
7665,33
7666,33
7667,33
7668,33
7669,33
7670,33
7671,33
7672,33
7673,33
7674,33
7675,33
7676,33
7677,33
7678,33
7679,33
7680,33
7681,33
7682,33
7683,33
7684,33
7685,33
7686,33
7687,33
7688,33
7689,33
7690,33
7691,33
7692,33
7693,33
7694,33
7695,33
7696,33
7697,33
7698,33
7699,33
7700,33
7701,33
7702,33
7703,33
7704,33
7705,33
7706,33
7707,33
7708,33
7709,33
7710,33
7711,33
7712,33
7713,33
7714,33
7715,33
7716,33
7717,33
7718,33
7719,33
7720,33
7721,33
7722,33
7723,33
7724,33
7725,33
7726,33
7727,33
7728,33
7729,33
7730,33
7731,33
7732,33
7733,33
7734,33
7735,33
7736,33
7737,33
7738,33
7739,33
7740,33
7741,33
7742,33
7743,33
7744,33
7745,33
7746,32
7747,32
7748,32
7749,32
7750,32
7751,32
7752,32
7753,32
7754,32
7755,32
7756,32
7757,32
7758,32
7759,32
7760,32
7761,32
7762,32
7763,32
7764,32
7765,32
7766,32
7767,32
7768,32
7769,32
7770,32
7771,32
7772,32
7773,32
7774,32
7775,32
7776,32
7777,32
7778,32
7779,32
7780,32
7781,32
7782,32
7783,32
7784,32
7785,32
7786,32
7787,32
7788,32
7789,32
7790,32
7791,32
7792,32
7793,32
7794,32
7795,32
7796,32
7797,32
7798,32
7799,32
7800,32
7801,32
7802,32
7803,32
7804,32
7805,32
7806,32
7807,32
7808,32
7809,32
7810,32
7811,32
7812,32
7813,32
7814,32
7815,32
7816,32
7817,32
7818,32
7819,32
7820,32
7821,32
7822,31
7823,31
7824,31
7825,31
7826,30
7827,30
7828,30
7829,30
7830,30
7831,30
7832,30
7833,30
7834,30
7835,30
7836,30
7837,30
7838,30
7839,30
7840,30
7841,30
7842,30
7843,30
7844,30
7845,30
7846,30
7847,30
7848,30
7849,30
7850,30
7851,30
7852,30
7853,30
7854,30
7855,30
7856,30
7857,30
7858,30
7859,30
7860,30
7861,30
7862,30
7863,30
7864,30
7865,30
7866,30
7867,30
7868,30
7869,30
7870,30
7871,30
7872,30
7873,30
7874,30
7875,30
7876,30
7877,29
7878,29
7879,29
7880,29
7881,29
7882,29
7883,29
7884,29
7885,29
7886,29
7887,29
7888,29
7889,29
7890,29
7891,29
7892,29
7893,29
7894,29
7895,29
7896,29
7897,29
7898,29
7899,29
7900,29
7901,29
7902,29
7903,29
7904,29
7905,29
7906,29
7907,29
7908,29
7909,29
7910,29
7911,29
7912,29
7913,29
7914,29
7915,29
7916,29
7917,29
7918,29
7919,29
7920,29
7921,29
7922,29
7923,29
7924,29
7925,29
7926,29
7927,29
7928,29
7929,29
7930,29
7931,29
7932,29
7933,29
7934,29
7935,29
7936,29
7937,29
7938,29
7939,29
7940,29
7941,29
7942,29
7943,29
7944,29
7945,29
7946,29
7947,28
7948,28
7949,28
7950,28
7951,28
7952,28
7953,28
7954,28
7955,28
7956,28
7957,28
7958,28
7959,28
7960,28
7961,28
7962,28
7963,28
7964,28
7965,28
7966,28
7967,28
7968,28
7969,28
7970,28
7971,28
7972,28
7973,28
7974,28
7975,28
7976,28
7977,28
7978,28
7979,28
7980,28
7981,28
7982,27
7983,27
7984,27
7985,27
7986,27
7987,27
7988,27
7989,27
7990,27
7991,27
7992,27
7993,27
7994,27
7995,27
7996,27
7997,27
7998,27
7999,27
8000,27
8001,27
8002,27
8003,27
8004,27
8005,27
8006,27
8007,27
8008,27
8009,27
8010,27
8011,27
8012,27
8013,27
8014,27
8015,27
8016,27
8017,27
8018,27
8019,27
8020,27
8021,27
8022,27
8023,27
8024,27
8025,27
8026,27
8027,27
8028,27
8029,27
8030,27
8031,27
8032,27
8033,27
8034,27
8035,27
8036,26
8037,26
8038,26
8039,26
8040,26
8041,26
8042,26
8043,26
8044,26
8045,26
8046,26
8047,26
8048,26
8049,26
8050,26
8051,26
8052,26
8053,26
8054,26
8055,26
8056,26
8057,26
8058,26
8059,26
8060,26
8061,26
8062,26
8063,26
8064,26
8065,26
8066,26
8067,26
8068,26
8069,25
8070,25
8071,25
8072,24
8073,24
8074,24
8075,24
8076,24
8077,24
8078,24
8079,24
8080,24
8081,24
8082,24
8083,24
8084,24
8085,24
8086,24
8087,24
8088,24
8089,24
8090,24
8091,24
8092,24
8093,24
8094,24
8095,24
8096,24
8097,24
8098,24
8099,24
8100,24
8101,24
8102,24
8103,24
8104,24
8105,24
8106,24
8107,24
8108,24
8109,24
8110,24
8111,24
8112,24
8113,24
8114,24
8115,24
8116,24
8117,24
8118,24
8119,24
8120,24
8121,24
8122,24
8123,24
8124,24
8125,24
8126,24
8127,24
8128,24
8129,24
8130,24
8131,24
8132,24
8133,24
8134,24
8135,24
8136,24
8137,24
8138,24
8139,24
8140,24
8141,24
8142,24
8143,24
8144,24
8145,24
8146,24
8147,24
8148,24
8149,24
8150,24
8151,24
8152,24
8153,24
8154,24
8155,24
8156,24
8157,24
8158,24
8159,24
8160,24
8161,24
8162,24
8163,24
8164,24
8165,24
8166,24
8167,24
8168,24
8169,24
8170,24
8171,24
8172,24
8173,24
8174,24
8175,24
8176,24
8177,24
8178,24
8179,24
8180,24
8181,24
8182,24
8183,24
8184,24
8185,24
8186,24
8187,24
8188,24
8189,24
8190,24
8191,24
8192,24
8193,24
8194,24
8195,24
8196,24
8197,24
8198,24
8199,24
8200,24
8201,24
8202,24
8203,24
8204,24
8205,24
8206,24
8207,24
8208,24
8209,24
8210,24
8211,24
8212,24
8213,24
8214,24
8215,24
8216,24
8217,24
8218,24
8219,24
8220,24
8221,24
8222,24
8223,24
8224,24
8225,24
8226,24
8227,24
8228,24
8229,24
8230,24
8231,24
8232,24
8233,24
8234,24
8235,24
8236,24
8237,24
8238,24
8239,24
8240,24
8241,24
8242,24
8243,24
8244,24
8245,24
8246,24
8247,24
8248,24
8249,24
8250,24
8251,24
8252,24
8253,24
8254,24
8255,24
8256,24
8257,24
8258,24
8259,24
8260,24
8261,24
8262,24
8263,24
8264,24
8265,24
8266,24
8267,24
8268,24
8269,24
8270,24
8271,24
8272,24
8273,24
8274,24
8275,24
8276,24
8277,24
8278,24
8279,24
8280,24
8281,24
8282,24
8283,24
8284,24
8285,24
8286,24
8287,24
8288,24
8289,24
8290,24
8291,24
8292,24
8293,24
8294,24
8295,24
8296,24
8297,24
8298,24
8299,24
8300,24
8301,24
8302,24
8303,24
8304,24
8305,24
8306,24
8307,24
8308,24
8309,24
8310,24
8311,24
8312,24
8313,24
8314,24
8315,23
8316,22
8317,22
8318,22
8319,22
8320,22
8321,22
8322,21
8323,21
8324,21
8325,21
8326,21
8327,21
8328,21
8329,21
8330,21
8331,21
8332,21
8333,21
8334,21
8335,21
8336,21
8337,21
8338,21
8339,21
8340,21
8341,21
8342,21
8343,21
8344,21
8345,21
8346,21
8347,21
8348,21
8349,21
8350,21
8351,21
8352,21
8353,20
8354,20
8355,20
8356,20
8357,20
8358,20
8359,20
8360,20
8361,20
8362,20
8363,20
8364,20
8365,20
8366,20
8367,20
8368,20
8369,20
8370,19
8371,19
8372,19
8373,19
8374,19
8375,19
8376,19
8377,19
8378,19
8379,19
8380,19
8381,19
8382,19
8383,19
8384,19
8385,19
8386,19
8387,19
8388,19
8389,19
8390,19
8391,19
8392,19
8393,19
8394,19
8395,19
8396,19
8397,19
8398,19
8399,19
8400,19
8401,19
8402,18
8403,18
8404,18
8405,18
8406,18
8407,18
8408,18
8409,18
8410,18
8411,18
8412,18
8413,18
8414,18
8415,18
8416,18
8417,18
8418,18
8419,18
8420,18
8421,18
8422,18
8423,18
8424,18
8425,18
8426,18
8427,18
8428,18
8429,18
8430,18
8431,18
8432,18
8433,18
8434,18
8435,18
8436,18
8437,18
8438,18
8439,18
8440,18
8441,18
8442,18
8443,18
8444,18
8445,18
8446,18
8447,18
8448,18
8449,18
8450,18
8451,18
8452,18
8453,18
8454,18
8455,17
8456,17
8457,16
8458,16
8459,16
8460,15
8461,15
8462,15
8463,15
8464,15
8465,14
8466,14
8467,14
8468,14
8469,14
8470,14
8471,14
8472,14
8473,13
8474,13
8475,13
8476,13
8477,13
8478,13
8479,13
8480,13
8481,10
8482,9
8483,9
8484,9
8485,7
8486,7
8487,6
8488,6
8489,5
8490,4
8491,3
8492,2
8493,1
