,pso
0,301
1,301
2,301
3,301
4,301
5,301
6,301
7,301
8,301
9,301
10,301
11,301
12,301
13,301
14,301
15,301
16,301
17,301
18,301
19,301
20,301
21,301
22,301
23,301
24,301
25,301
26,301
27,301
28,301
29,301
30,301
31,301
32,301
33,301
34,301
35,301
36,301
37,301
38,301
39,301
40,301
41,301
42,301
43,301
44,301
45,301
46,301
47,301
48,301
49,301
50,301
51,301
52,301
53,301
54,301
55,301
56,301
57,301
58,301
59,301
60,301
61,301
62,301
63,301
64,301
65,301
66,301
67,301
68,301
69,301
70,301
71,301
72,301
73,301
74,301
75,301
76,301
77,301
78,301
79,301
80,301
81,301
82,301
83,301
84,301
85,301
86,301
87,301
88,301
89,301
90,301
91,301
92,301
93,301
94,301
95,301
96,301
97,301
98,301
99,301
100,301
101,301
102,301
103,301
104,301
105,301
106,301
107,301
108,301
109,301
110,301
111,301
112,301
113,301
114,301
115,301
116,301
117,301
118,301
119,301
120,301
121,301
122,301
123,301
124,301
125,301
126,301
127,301
128,301
129,301
130,301
131,301
132,301
133,301
134,301
135,301
136,301
137,301
138,301
139,301
140,301
141,301
142,301
143,301
144,301
145,301
146,301
147,301
148,301
149,301
150,301
151,301
152,301
153,301
154,301
155,301
156,301
157,301
158,301
159,301
160,301
161,301
162,301
163,301
164,301
165,301
166,301
167,301
168,301
169,301
170,301
171,301
172,301
173,301
174,301
175,301
176,301
177,301
178,301
179,301
180,301
181,301
182,301
183,301
184,301
185,301
186,301
187,301
188,301
189,301
190,301
191,301
192,301
193,301
194,301
195,301
196,301
197,301
198,301
199,301
200,301
201,301
202,301
203,301
204,301
205,301
206,301
207,301
208,301
209,301
210,301
211,301
212,301
213,301
214,301
215,301
216,301
217,301
218,301
219,301
220,301
221,301
222,301
223,301
224,301
225,301
226,301
227,301
228,301
229,301
230,301
231,301
232,301
233,301
234,301
235,301
236,301
237,301
238,301
239,301
240,301
241,301
242,301
243,301
244,301
245,301
246,301
247,301
248,301
249,301
250,301
251,301
252,301
253,301
254,301
255,301
256,301
257,301
258,301
259,301
260,301
261,301
262,301
263,301
264,301
265,301
266,301
267,301
268,301
269,301
270,301
271,301
272,301
273,301
274,301
275,301
276,301
277,301
278,301
279,301
280,301
281,301
282,301
283,301
284,301
285,301
286,301
287,301
288,301
289,301
290,301
291,301
292,301
293,301
294,301
295,301
296,301
297,301
298,301
299,301
300,301
301,301
302,301
303,301
304,301
305,301
306,301
307,301
308,301
309,301
310,301
311,301
312,301
313,301
314,301
315,301
316,301
317,301
318,301
319,301
320,301
321,301
322,301
323,301
324,301
325,301
326,301
327,301
328,301
329,301
330,301
331,301
332,301
333,301
334,301
335,301
336,301
337,301
338,301
339,301
340,301
341,301
342,301
343,301
344,301
345,301
346,301
347,301
348,301
349,301
350,301
351,301
352,301
353,301
354,301
355,301
356,301
357,301
358,301
359,301
360,301
361,301
362,301
363,301
364,301
365,301
366,301
367,301
368,301
369,301
370,301
371,301
372,301
373,301
374,301
375,301
376,301
377,301
378,301
379,301
380,301
381,301
382,301
383,301
384,301
385,301
386,301
387,301
388,301
389,301
390,301
391,301
392,301
393,301
394,301
395,301
396,301
397,301
398,301
399,301
400,301
401,301
402,301
403,301
404,301
405,301
406,301
407,301
408,301
409,301
410,301
411,301
412,301
413,301
414,301
415,301
416,301
417,301
418,301
419,301
420,301
421,301
422,301
423,301
424,301
425,301
426,301
427,301
428,301
429,301
430,301
431,301
432,301
433,301
434,301
435,301
436,301
437,301
438,301
439,301
440,301
441,301
442,301
443,301
444,301
445,301
446,301
447,301
448,301
449,301
450,301
451,301
452,301
453,301
454,301
455,301
456,301
457,301
458,301
459,301
460,301
461,301
462,301
463,301
464,301
465,301
466,301
467,301
468,301
469,301
470,301
471,301
472,301
473,301
474,301
475,301
476,301
477,301
478,301
479,300
480,300
481,300
482,300
483,300
484,300
485,300
486,300
487,300
488,300
489,300
490,300
491,300
492,300
493,300
494,300
495,300
496,300
497,300
498,300
499,300
500,300
501,300
502,300
503,300
504,300
505,300
506,300
507,300
508,300
509,300
510,300
511,300
512,300
513,300
514,300
515,300
516,300
517,300
518,300
519,300
520,300
521,300
522,300
523,300
524,300
525,300
526,300
527,300
528,300
529,300
530,300
531,300
532,300
533,300
534,300
535,300
536,300
537,300
538,300
539,300
540,300
541,300
542,300
543,300
544,300
545,300
546,300
547,300
548,300
549,300
550,300
551,300
552,300
553,300
554,300
555,300
556,300
557,300
558,300
559,300
560,300
561,300
562,300
563,300
564,300
565,300
566,300
567,300
568,300
569,300
570,300
571,300
572,300
573,300
574,300
575,300
576,300
577,300
578,300
579,300
580,300
581,300
582,300
583,300
584,300
585,300
586,300
587,300
588,300
589,300
590,300
591,300
592,300
593,300
594,300
595,300
596,300
597,300
598,300
599,300
600,300
601,300
602,300
603,300
604,300
605,300
606,300
607,300
608,300
609,300
610,300
611,300
612,300
613,300
614,300
615,300
616,300
617,300
618,300
619,300
620,300
621,300
622,300
623,300
624,300
625,300
626,300
627,300
628,300
629,300
630,300
631,300
632,300
633,300
634,300
635,300
636,300
637,300
638,300
639,300
640,300
641,300
642,300
643,300
644,300
645,300
646,300
647,300
648,300
649,300
650,300
651,300
652,300
653,300
654,300
655,300
656,300
657,300
658,300
659,300
660,300
661,300
662,300
663,300
664,300
665,300
666,300
667,300
668,300
669,300
670,300
671,300
672,300
673,300
674,300
675,300
676,300
677,300
678,300
679,300
680,300
681,300
682,300
683,300
684,300
685,300
686,300
687,300
688,300
689,300
690,300
691,300
692,300
693,300
694,300
695,300
696,300
697,300
698,300
699,300
700,300
701,300
702,300
703,300
704,300
705,300
706,300
707,300
708,300
709,300
710,300
711,300
712,300
713,300
714,300
715,300
716,300
717,300
718,300
719,300
720,300
721,300
722,300
723,300
724,300
725,300
726,300
727,300
728,300
729,300
730,300
731,300
732,300
733,300
734,300
735,300
736,300
737,300
738,300
739,300
740,300
741,300
742,300
743,300
744,300
745,300
746,300
747,300
748,300
749,300
750,300
751,300
752,300
753,300
754,300
755,300
756,300
757,300
758,300
759,300
760,300
761,300
762,300
763,300
764,300
765,300
766,300
767,300
768,300
769,300
770,300
771,300
772,300
773,300
774,300
775,300
776,300
777,300
778,300
779,300
780,300
781,300
782,300
783,300
784,300
785,300
786,300
787,300
788,300
789,300
790,300
791,300
792,300
793,300
794,300
795,300
796,300
797,300
798,300
799,300
800,300
801,300
802,300
803,300
804,300
805,300
806,300
807,300
808,300
809,300
810,300
811,300
812,300
813,300
814,300
815,300
816,300
817,300
818,300
819,300
820,300
821,300
822,300
823,300
824,300
825,300
826,300
827,300
828,300
829,300
830,300
831,300
832,300
833,300
834,300
835,300
836,300
837,300
838,300
839,300
840,300
841,300
842,300
843,300
844,300
845,300
846,300
847,300
848,300
849,300
850,300
851,300
852,300
853,300
854,300
855,300
856,300
857,300
858,300
859,300
860,300
861,300
862,300
863,300
864,300
865,300
866,300
867,300
868,300
869,300
870,300
871,300
872,300
873,300
874,300
875,300
876,300
877,300
878,300
879,300
880,300
881,300
882,300
883,300
884,300
885,300
886,300
887,300
888,300
889,300
890,300
891,300
892,300
893,300
894,300
895,300
896,300
897,300
898,300
899,300
900,300
901,300
902,300
903,300
904,300
905,300
906,300
907,300
908,300
909,300
910,300
911,300
912,300
913,300
914,300
915,300
916,300
917,300
918,300
919,300
920,300
921,300
922,300
923,300
924,300
925,300
926,300
927,300
928,300
929,300
930,300
931,300
932,300
933,300
934,300
935,300
936,300
937,300
938,300
939,300
940,300
941,300
942,300
943,300
944,300
945,300
946,300
947,300
948,300
949,300
950,300
951,300
952,300
953,300
954,300
955,300
956,300
957,300
958,300
959,300
960,300
961,300
962,300
963,300
964,300
965,300
966,300
967,300
968,300
969,300
970,300
971,300
972,300
973,300
974,300
975,300
976,299
977,299
978,299
979,299
980,299
981,299
982,299
983,299
984,299
985,299
986,299
987,299
988,299
989,299
990,299
991,299
992,299
993,299
994,299
995,299
996,299
997,299
998,299
999,299
1000,299
1001,299
1002,299
1003,299
1004,299
1005,299
1006,299
1007,299
1008,299
1009,299
1010,299
1011,299
1012,299
1013,299
1014,299
1015,299
1016,299
1017,299
1018,299
1019,299
1020,298
1021,298
1022,298
1023,298
1024,298
1025,298
1026,298
1027,298
1028,298
1029,298
1030,298
1031,298
1032,298
1033,298
1034,298
1035,298
1036,298
1037,297
1038,297
1039,297
1040,297
1041,297
1042,297
1043,297
1044,297
1045,297
1046,297
1047,297
1048,297
1049,297
1050,297
1051,297
1052,297
1053,297
1054,297
1055,297
1056,297
1057,297
1058,297
1059,297
1060,297
1061,297
1062,297
1063,296
1064,296
1065,296
1066,296
1067,296
1068,296
1069,296
1070,296
1071,296
1072,296
1073,296
1074,296
1075,296
1076,296
1077,296
1078,296
1079,296
1080,296
1081,296
1082,296
1083,296
1084,296
1085,296
1086,296
1087,296
1088,296
1089,296
1090,296
1091,296
1092,296
1093,296
1094,296
1095,296
1096,296
1097,296
1098,296
1099,296
1100,296
1101,296
1102,296
1103,296
1104,296
1105,296
1106,296
1107,296
1108,296
1109,296
1110,296
1111,296
1112,296
1113,296
1114,296
1115,296
1116,296
1117,296
1118,296
1119,296
1120,296
1121,296
1122,296
1123,296
1124,296
1125,296
1126,296
1127,296
1128,296
1129,296
1130,296
1131,296
1132,296
1133,296
1134,296
1135,296
1136,296
1137,296
1138,296
1139,296
1140,296
1141,296
1142,296
1143,296
1144,296
1145,296
1146,296
1147,296
1148,296
1149,296
1150,296
1151,296
1152,296
1153,296
1154,296
1155,296
1156,296
1157,296
1158,296
1159,296
1160,296
1161,296
1162,296
1163,296
1164,296
1165,296
1166,296
1167,296
1168,296
1169,296
1170,296
1171,296
1172,296
1173,296
1174,296
1175,296
1176,296
1177,296
1178,296
1179,296
1180,296
1181,296
1182,296
1183,296
1184,296
1185,296
1186,296
1187,296
1188,296
1189,296
1190,296
1191,296
1192,296
1193,296
1194,296
1195,295
1196,295
1197,295
1198,295
1199,295
1200,295
1201,295
1202,295
1203,295
1204,295
1205,295
1206,295
1207,295
1208,295
1209,295
1210,295
1211,295
1212,295
1213,295
1214,295
1215,295
1216,295
1217,295
1218,295
1219,295
1220,295
1221,295
1222,295
1223,295
1224,295
1225,295
1226,295
1227,295
1228,295
1229,295
1230,295
1231,295
1232,295
1233,295
1234,295
1235,295
1236,295
1237,295
1238,295
1239,295
1240,295
1241,295
1242,295
1243,295
1244,295
1245,295
1246,295
1247,295
1248,295
1249,295
1250,295
1251,295
1252,295
1253,295
1254,295
1255,295
1256,295
1257,295
1258,295
1259,295
1260,295
1261,295
1262,295
1263,295
1264,295
1265,295
1266,295
1267,295
1268,295
1269,295
1270,295
1271,295
1272,295
1273,295
1274,295
1275,295
1276,295
1277,295
1278,295
1279,295
1280,295
1281,295
1282,295
1283,295
1284,295
1285,295
1286,295
1287,295
1288,295
1289,295
1290,295
1291,295
1292,295
1293,295
1294,295
1295,295
1296,295
1297,295
1298,295
1299,295
1300,295
1301,295
1302,295
1303,295
1304,295
1305,295
1306,295
1307,295
1308,295
1309,295
1310,295
1311,295
1312,294
1313,294
1314,294
1315,294
1316,294
1317,294
1318,294
1319,294
1320,294
1321,294
1322,294
1323,294
1324,294
1325,294
1326,294
1327,294
1328,294
1329,294
1330,294
1331,294
1332,294
1333,294
1334,294
1335,294
1336,294
1337,294
1338,294
1339,294
1340,294
1341,294
1342,293
1343,293
1344,293
1345,293
1346,293
1347,293
1348,293
1349,293
1350,293
1351,293
1352,293
1353,293
1354,293
1355,293
1356,293
1357,293
1358,292
1359,292
1360,292
1361,292
1362,292
1363,292
1364,292
1365,292
1366,292
1367,292
1368,292
1369,292
1370,292
1371,292
1372,292
1373,292
1374,292
1375,292
1376,292
1377,292
1378,292
1379,292
1380,292
1381,292
1382,292
1383,292
1384,292
1385,292
1386,292
1387,292
1388,292
1389,291
1390,291
1391,291
1392,291
1393,291
1394,291
1395,291
1396,291
1397,291
1398,291
1399,291
1400,291
1401,291
1402,291
1403,291
1404,291
1405,291
1406,291
1407,291
1408,291
1409,291
1410,291
1411,291
1412,291
1413,291
1414,291
1415,291
1416,291
1417,291
1418,291
1419,291
1420,291
1421,291
1422,291
1423,291
1424,291
1425,291
1426,291
1427,291
1428,291
1429,291
1430,291
1431,291
1432,291
1433,291
1434,291
1435,291
1436,291
1437,291
1438,291
1439,291
1440,291
1441,291
1442,291
1443,291
1444,291
1445,291
1446,291
1447,291
1448,291
1449,291
1450,291
1451,291
1452,291
1453,291
1454,291
1455,291
1456,291
1457,290
1458,290
1459,290
1460,290
1461,290
1462,290
1463,290
1464,290
1465,290
1466,290
1467,290
1468,290
1469,290
1470,290
1471,290
1472,290
1473,290
1474,290
1475,290
1476,290
1477,290
1478,290
1479,290
1480,290
1481,290
1482,290
1483,290
1484,290
1485,290
1486,290
1487,290
1488,290
1489,290
1490,289
1491,289
1492,289
1493,289
1494,289
1495,289
1496,289
1497,289
1498,289
1499,289
1500,289
1501,289
1502,289
1503,289
1504,289
1505,289
1506,289
1507,289
1508,289
1509,289
1510,289
1511,289
1512,289
1513,289
1514,289
1515,289
1516,289
1517,289
1518,289
1519,289
1520,289
1521,289
1522,289
1523,289
1524,289
1525,289
1526,289
1527,289
1528,289
1529,289
1530,289
1531,288
1532,288
1533,288
1534,288
1535,288
1536,288
1537,288
1538,288
1539,288
1540,288
1541,288
1542,288
1543,288
1544,288
1545,288
1546,288
1547,288
1548,288
1549,288
1550,288
1551,288
1552,288
1553,288
1554,288
1555,288
1556,288
1557,288
1558,288
1559,288
1560,288
1561,288
1562,288
1563,288
1564,288
1565,288
1566,288
1567,288
1568,288
1569,288
1570,288
1571,288
1572,288
1573,287
1574,287
1575,287
1576,287
1577,287
1578,287
1579,287
1580,287
1581,287
1582,287
1583,287
1584,287
1585,287
1586,287
1587,287
1588,287
1589,287
1590,287
1591,287
1592,287
1593,287
1594,287
1595,287
1596,287
1597,287
1598,287
1599,287
1600,287
1601,287
1602,287
1603,287
1604,287
1605,287
1606,287
1607,287
1608,287
1609,287
1610,287
1611,287
1612,287
1613,287
1614,287
1615,287
1616,287
1617,287
1618,287
1619,287
1620,287
1621,287
1622,287
1623,287
1624,287
1625,287
1626,287
1627,287
1628,287
1629,287
1630,287
1631,287
1632,287
1633,287
1634,287
1635,287
1636,287
1637,287
1638,287
1639,287
1640,287
1641,286
1642,286
1643,286
1644,286
1645,286
1646,286
1647,286
1648,286
1649,286
1650,286
1651,286
1652,286
1653,286
1654,286
1655,286
1656,286
1657,286
1658,286
1659,286
1660,286
1661,286
1662,286
1663,286
1664,286
1665,286
1666,286
1667,286
1668,286
1669,286
1670,286
1671,286
1672,286
1673,286
1674,286
1675,286
1676,286
1677,286
1678,286
1679,286
1680,286
1681,286
1682,286
1683,286
1684,286
1685,286
1686,286
1687,286
1688,286
1689,286
1690,286
1691,286
1692,286
1693,286
1694,286
1695,286
1696,286
1697,286
1698,286
1699,286
1700,286
1701,286
1702,286
1703,286
1704,286
1705,286
1706,286
1707,286
1708,286
1709,286
1710,286
1711,286
1712,286
1713,286
1714,286
1715,286
1716,286
1717,286
1718,286
1719,286
1720,286
1721,286
1722,286
1723,286
1724,286
1725,286
1726,286
1727,286
1728,286
1729,286
1730,286
1731,286
1732,286
1733,286
1734,286
1735,286
1736,286
1737,286
1738,286
1739,286
1740,286
1741,286
1742,286
1743,286
1744,286
1745,286
1746,286
1747,286
1748,286
1749,286
1750,286
1751,286
1752,286
1753,286
1754,286
1755,286
1756,286
1757,286
1758,286
1759,286
1760,286
1761,286
1762,286
1763,286
1764,286
1765,286
1766,286
1767,286
1768,285
1769,285
1770,285
1771,285
1772,285
1773,285
1774,285
1775,285
1776,285
1777,285
1778,285
1779,285
1780,285
1781,285
1782,285
1783,285
1784,285
1785,285
1786,285
1787,285
1788,285
1789,285
1790,285
1791,285
1792,285
1793,285
1794,285
1795,285
1796,285
1797,285
1798,285
1799,285
1800,285
1801,285
1802,285
1803,285
1804,285
1805,285
1806,285
1807,285
1808,285
1809,285
1810,285
1811,285
1812,285
1813,285
1814,285
1815,285
1816,285
1817,285
1818,285
1819,285
1820,285
1821,285
1822,285
1823,285
1824,285
1825,285
1826,285
1827,285
1828,285
1829,285
1830,285
1831,285
1832,285
1833,285
1834,285
1835,285
1836,285
1837,285
1838,285
1839,285
1840,285
1841,285
1842,285
1843,285
1844,285
1845,285
1846,285
1847,285
1848,285
1849,285
1850,285
1851,285
1852,285
1853,285
1854,285
1855,285
1856,285
1857,285
1858,285
1859,285
1860,285
1861,285
1862,285
1863,285
1864,285
1865,285
1866,285
1867,285
1868,285
1869,285
1870,285
1871,285
1872,285
1873,285
1874,285
1875,285
1876,285
1877,285
1878,285
1879,285
1880,285
1881,285
1882,285
1883,285
1884,285
1885,285
1886,285
1887,285
1888,285
1889,285
1890,285
1891,285
1892,285
1893,285
1894,285
1895,285
1896,285
1897,285
1898,285
1899,285
1900,285
1901,285
1902,285
1903,285
1904,285
1905,285
1906,284
1907,284
1908,284
1909,284
1910,284
1911,284
1912,284
1913,284
1914,284
1915,284
1916,284
1917,284
1918,284
1919,284
1920,284
1921,284
1922,284
1923,284
1924,284
1925,284
1926,284
1927,284
1928,284
1929,284
1930,284
1931,284
1932,284
1933,283
1934,283
1935,283
1936,283
1937,283
1938,283
1939,283
1940,283
1941,283
1942,283
1943,282
1944,282
1945,282
1946,282
1947,282
1948,282
1949,282
1950,282
1951,282
1952,282
1953,282
1954,282
1955,282
1956,282
1957,282
1958,282
1959,282
1960,282
1961,282
1962,282
1963,282
1964,282
1965,282
1966,282
1967,282
1968,282
1969,282
1970,282
1971,282
1972,282
1973,282
1974,282
1975,282
1976,282
1977,282
1978,282
1979,281
1980,280
1981,280
1982,280
1983,280
1984,280
1985,280
1986,280
1987,280
1988,280
1989,280
1990,280
1991,280
1992,280
1993,280
1994,280
1995,280
1996,280
1997,280
1998,280
1999,280
2000,280
2001,280
2002,280
2003,280
2004,280
2005,280
2006,280
2007,280
2008,280
2009,280
2010,280
2011,280
2012,280
2013,280
2014,280
2015,280
2016,280
2017,280
2018,280
2019,280
2020,280
2021,280
2022,280
2023,280
2024,280
2025,280
2026,280
2027,280
2028,280
2029,280
2030,280
2031,280
2032,280
2033,280
2034,280
2035,280
2036,280
2037,280
2038,280
2039,280
2040,280
2041,280
2042,280
2043,280
2044,280
2045,280
2046,280
2047,280
2048,280
2049,280
2050,280
2051,280
2052,280
2053,280
2054,280
2055,280
2056,280
2057,280
2058,280
2059,280
2060,280
2061,280
2062,280
2063,280
2064,280
2065,280
2066,280
2067,280
2068,280
2069,280
2070,280
2071,280
2072,280
2073,280
2074,280
2075,280
2076,280
2077,280
2078,280
2079,280
2080,280
2081,280
2082,280
2083,280
2084,280
2085,280
2086,280
2087,280
2088,280
2089,280
2090,280
2091,280
2092,280
2093,280
2094,280
2095,280
2096,280
2097,280
2098,280
2099,280
2100,280
2101,280
2102,280
2103,280
2104,280
2105,280
2106,280
2107,280
2108,280
2109,280
2110,280
2111,280
2112,280
2113,280
2114,280
2115,280
2116,280
2117,280
2118,280
2119,280
2120,280
2121,280
2122,280
2123,280
2124,280
2125,280
2126,280
2127,280
2128,280
2129,280
2130,280
2131,280
2132,280
2133,280
2134,280
2135,280
2136,280
2137,280
2138,280
2139,280
2140,280
2141,280
2142,280
2143,280
2144,280
2145,280
2146,280
2147,280
2148,280
2149,280
2150,280
2151,280
2152,280
2153,280
2154,280
2155,280
2156,280
2157,280
2158,280
2159,280
2160,280
2161,280
2162,280
2163,280
2164,280
2165,280
2166,280
2167,280
2168,280
2169,280
2170,280
2171,280
2172,280
2173,280
2174,280
2175,280
2176,280
2177,280
2178,280
2179,280
2180,280
2181,280
2182,280
2183,280
2184,280
2185,280
2186,280
2187,280
2188,280
2189,280
2190,280
2191,280
2192,280
2193,280
2194,280
2195,280
2196,280
2197,280
2198,280
2199,280
2200,280
2201,279
2202,279
2203,279
2204,279
2205,279
2206,279
2207,279
2208,279
2209,279
2210,279
2211,279
2212,279
2213,279
2214,279
2215,279
2216,279
2217,279
2218,279
2219,279
2220,279
2221,279
2222,279
2223,279
2224,279
2225,279
2226,279
2227,279
2228,279
2229,279
2230,279
2231,279
2232,279
2233,279
2234,279
2235,279
2236,279
2237,279
2238,278
2239,278
2240,278
2241,278
2242,278
2243,278
2244,278
2245,278
2246,278
2247,278
2248,278
2249,278
2250,277
2251,277
2252,277
2253,277
2254,277
2255,277
2256,277
2257,277
2258,277
2259,277
2260,277
2261,277
2262,277
2263,277
2264,277
2265,277
2266,277
2267,277
2268,277
2269,277
2270,277
2271,277
2272,277
2273,277
2274,277
2275,277
2276,277
2277,277
2278,276
2279,276
2280,276
2281,276
2282,276
2283,276
2284,276
2285,276
2286,276
2287,276
2288,276
2289,276
2290,276
2291,276
2292,276
2293,276
2294,276
2295,276
2296,276
2297,276
2298,276
2299,276
2300,276
2301,276
2302,276
2303,276
2304,276
2305,276
2306,276
2307,276
2308,276
2309,276
2310,276
2311,276
2312,276
2313,276
2314,276
2315,276
2316,276
2317,275
2318,275
2319,275
2320,275
2321,275
2322,275
2323,275
2324,275
2325,275
2326,275
2327,275
2328,275
2329,275
2330,275
2331,275
2332,275
2333,275
2334,275
2335,275
2336,275
2337,275
2338,275
2339,275
2340,275
2341,275
2342,275
2343,275
2344,275
2345,275
2346,275
2347,275
2348,275
2349,275
2350,275
2351,275
2352,275
2353,275
2354,275
2355,275
2356,275
2357,275
2358,275
2359,275
2360,275
2361,275
2362,275
2363,275
2364,275
2365,275
2366,275
2367,275
2368,275
2369,275
2370,275
2371,275
2372,275
2373,275
2374,275
2375,275
2376,275
2377,275
2378,275
2379,275
2380,275
2381,275
2382,275
2383,275
2384,275
2385,275
2386,274
2387,274
2388,274
2389,274
2390,274
2391,273
2392,273
2393,273
2394,273
2395,273
2396,273
2397,273
2398,273
2399,273
2400,273
2401,273
2402,273
2403,273
2404,273
2405,273
2406,273
2407,273
2408,273
2409,273
2410,273
2411,273
2412,273
2413,273
2414,273
2415,273
2416,273
2417,273
2418,273
2419,273
2420,273
2421,273
2422,273
2423,273
2424,273
2425,273
2426,273
2427,273
2428,273
2429,273
2430,273
2431,273
2432,273
2433,273
2434,273
2435,273
2436,273
2437,273
2438,273
2439,273
2440,273
2441,273
2442,273
2443,273
2444,273
2445,273
2446,273
2447,273
2448,273
2449,273
2450,273
2451,273
2452,273
2453,273
2454,273
2455,273
2456,273
2457,273
2458,273
2459,273
2460,273
2461,273
2462,273
2463,273
2464,273
2465,273
2466,273
2467,273
2468,273
2469,273
2470,273
2471,273
2472,273
2473,273
2474,273
2475,273
2476,273
2477,273
2478,273
2479,273
2480,273
2481,273
2482,273
2483,273
2484,273
2485,273
2486,273
2487,273
2488,273
2489,273
2490,273
2491,273
2492,273
2493,273
2494,273
2495,273
2496,273
2497,273
2498,273
2499,273
2500,273
2501,273
2502,273
2503,273
2504,273
2505,273
2506,273
2507,273
2508,273
2509,273
2510,273
2511,273
2512,273
2513,273
2514,273
2515,273
2516,273
2517,273
2518,273
2519,273
2520,273
2521,273
2522,273
2523,273
2524,273
2525,273
2526,273
2527,273
2528,273
2529,273
2530,273
2531,273
2532,273
2533,272
2534,272
2535,272
2536,272
2537,272
2538,272
2539,272
2540,272
2541,272
2542,272
2543,272
2544,272
2545,271
2546,271
2547,271
2548,271
2549,271
2550,271
2551,271
2552,271
2553,271
2554,271
2555,271
2556,271
2557,271
2558,271
2559,271
2560,271
2561,271
2562,271
2563,271
2564,271
2565,271
2566,270
2567,270
2568,270
2569,270
2570,270
2571,270
2572,270
2573,270
2574,270
2575,270
2576,270
2577,270
2578,269
2579,269
2580,269
2581,269
2582,269
2583,269
2584,269
2585,269
2586,269
2587,269
2588,269
2589,269
2590,269
2591,269
2592,269
2593,269
2594,269
2595,269
2596,269
2597,269
2598,269
2599,269
2600,269
2601,269
2602,269
2603,269
2604,269
2605,269
2606,269
2607,269
2608,269
2609,269
2610,269
2611,269
2612,269
2613,269
2614,269
2615,269
2616,269
2617,269
2618,269
2619,269
2620,269
2621,269
2622,269
2623,269
2624,269
2625,269
2626,269
2627,269
2628,269
2629,269
2630,269
2631,269
2632,269
2633,269
2634,269
2635,269
2636,269
2637,269
2638,269
2639,269
2640,269
2641,269
2642,269
2643,269
2644,269
2645,269
2646,269
2647,269
2648,269
2649,269
2650,269
2651,269
2652,269
2653,269
2654,269
2655,269
2656,269
2657,269
2658,269
2659,269
2660,269
2661,269
2662,269
2663,268
2664,268
2665,268
2666,268
2667,268
2668,268
2669,268
2670,268
2671,268
2672,268
2673,268
2674,268
2675,268
2676,268
2677,268
2678,268
2679,268
2680,268
2681,268
2682,268
2683,268
2684,268
2685,268
2686,268
2687,268
2688,268
2689,268
2690,268
2691,268
2692,268
2693,268
2694,268
2695,268
2696,268
2697,268
2698,268
2699,268
2700,268
2701,268
2702,268
2703,268
2704,268
2705,268
2706,268
2707,268
2708,268
2709,268
2710,268
2711,268
2712,268
2713,268
2714,268
2715,268
2716,268
2717,268
2718,268
2719,268
2720,268
2721,268
2722,268
2723,268
2724,268
2725,267
2726,267
2727,267
2728,267
2729,267
2730,267
2731,267
2732,267
2733,267
2734,267
2735,267
2736,266
2737,265
2738,265
2739,265
2740,265
2741,265
2742,265
2743,265
2744,265
2745,265
2746,265
2747,265
2748,265
2749,265
2750,265
2751,265
2752,265
2753,265
2754,265
2755,265
2756,265
2757,265
2758,265
2759,265
2760,265
2761,265
2762,265
2763,265
2764,265
2765,265
2766,265
2767,265
2768,265
2769,265
2770,265
2771,265
2772,264
2773,264
2774,264
2775,264
2776,264
2777,264
2778,264
2779,264
2780,264
2781,264
2782,264
2783,264
2784,264
2785,264
2786,264
2787,264
2788,264
2789,264
2790,264
2791,264
2792,264
2793,264
2794,264
2795,264
2796,263
2797,263
2798,263
2799,263
2800,263
2801,263
2802,263
2803,263
2804,263
2805,263
2806,263
2807,263
2808,263
2809,263
2810,263
2811,263
2812,263
2813,263
2814,263
2815,263
2816,263
2817,263
2818,263
2819,263
2820,263
2821,263
2822,263
2823,263
2824,263
2825,263
2826,263
2827,263
2828,263
2829,263
2830,263
2831,263
2832,263
2833,263
2834,263
2835,263
2836,263
2837,263
2838,263
2839,263
2840,263
2841,263
2842,263
2843,263
2844,263
2845,263
2846,263
2847,263
2848,263
2849,263
2850,262
2851,262
2852,262
2853,262
2854,262
2855,262
2856,262
2857,262
2858,262
2859,262
2860,262
2861,262
2862,262
2863,262
2864,262
2865,262
2866,262
2867,262
2868,262
2869,262
2870,262
2871,262
2872,262
2873,262
2874,262
2875,262
2876,262
2877,262
2878,262
2879,262
2880,262
2881,262
2882,262
2883,262
2884,262
2885,262
2886,262
2887,262
2888,262
2889,262
2890,262
2891,262
2892,262
2893,262
2894,262
2895,262
2896,262
2897,262
2898,262
2899,262
2900,262
2901,262
2902,262
2903,262
2904,262
2905,262
2906,261
2907,261
2908,261
2909,261
2910,261
2911,261
2912,261
2913,261
2914,261
2915,261
2916,261
2917,261
2918,261
2919,261
2920,261
2921,261
2922,261
2923,261
2924,261
2925,261
2926,261
2927,261
2928,261
2929,261
2930,261
2931,261
2932,261
2933,261
2934,261
2935,260
2936,260
2937,260
2938,260
2939,260
2940,260
2941,260
2942,260
2943,260
2944,260
2945,260
2946,260
2947,260
2948,260
2949,260
2950,260
2951,260
2952,259
2953,258
2954,258
2955,258
2956,258
2957,257
2958,257
2959,257
2960,257
2961,256
2962,256
2963,256
2964,256
2965,256
2966,256
2967,256
2968,256
2969,256
2970,256
2971,256
2972,256
2973,256
2974,256
2975,256
2976,256
2977,256
2978,256
2979,256
2980,256
2981,256
2982,256
2983,256
2984,256
2985,256
2986,256
2987,256
2988,256
2989,256
2990,256
2991,256
2992,256
2993,256
2994,256
2995,256
2996,256
2997,256
2998,256
2999,256
3000,256
3001,256
3002,255
3003,255
3004,255
3005,255
3006,255
3007,255
3008,255
3009,255
3010,255
3011,255
3012,255
3013,255
3014,255
3015,255
3016,255
3017,255
3018,255
3019,255
3020,255
3021,255
3022,255
3023,255
3024,255
3025,255
3026,255
3027,255
3028,255
3029,255
3030,255
3031,255
3032,255
3033,255
3034,255
3035,255
3036,255
3037,255
3038,255
3039,255
3040,255
3041,255
3042,255
3043,255
3044,255
3045,255
3046,255
3047,255
3048,255
3049,255
3050,255
3051,255
3052,255
3053,255
3054,255
3055,254
3056,254
3057,254
3058,254
3059,254
3060,254
3061,254
3062,254
3063,253
3064,253
3065,253
3066,253
3067,253
3068,253
3069,253
3070,253
3071,253
3072,253
3073,253
3074,253
3075,253
3076,253
3077,253
3078,253
3079,253
3080,253
3081,253
3082,253
3083,253
3084,253
3085,253
3086,253
3087,253
3088,253
3089,253
3090,253
3091,253
3092,253
3093,253
3094,253
3095,253
3096,253
3097,253
3098,253
3099,253
3100,253
3101,253
3102,253
3103,253
3104,253
3105,253
3106,253
3107,253
3108,253
3109,253
3110,253
3111,253
3112,253
3113,253
3114,253
3115,253
3116,253
3117,253
3118,253
3119,253
3120,253
3121,253
3122,253
3123,253
3124,253
3125,253
3126,253
3127,253
3128,253
3129,253
3130,253
3131,253
3132,253
3133,253
3134,253
3135,253
3136,253
3137,253
3138,253
3139,253
3140,253
3141,253
3142,253
3143,253
3144,253
3145,253
3146,253
3147,253
3148,253
3149,253
3150,253
3151,253
3152,253
3153,253
3154,253
3155,253
3156,253
3157,253
3158,253
3159,253
3160,253
3161,253
3162,253
3163,253
3164,253
3165,253
3166,253
3167,253
3168,252
3169,252
3170,252
3171,252
3172,252
3173,252
3174,252
3175,252
3176,252
3177,252
3178,252
3179,252
3180,252
3181,252
3182,252
3183,252
3184,252
3185,252
3186,251
3187,251
3188,251
3189,251
3190,251
3191,251
3192,251
3193,251
3194,251
3195,251
3196,251
3197,251
3198,251
3199,251
3200,251
3201,251
3202,251
3203,251
3204,251
3205,251
3206,251
3207,251
3208,251
3209,251
3210,251
3211,251
3212,251
3213,251
3214,251
3215,251
3216,251
3217,251
3218,251
3219,251
3220,251
3221,251
3222,250
3223,250
3224,250
3225,250
3226,250
3227,250
3228,250
3229,249
3230,249
3231,249
3232,249
3233,249
3234,249
3235,249
3236,249
3237,249
3238,249
3239,249
3240,248
3241,248
3242,248
3243,248
3244,248
3245,248
3246,248
3247,248
3248,248
3249,248
3250,248
3251,248
3252,248
3253,248
3254,248
3255,248
3256,248
3257,248
3258,248
3259,248
3260,248
3261,248
3262,248
3263,248
3264,248
3265,248
3266,248
3267,248
3268,248
3269,248
3270,248
3271,248
3272,248
3273,248
3274,248
3275,248
3276,248
3277,248
3278,248
3279,248
3280,248
3281,248
3282,248
3283,248
3284,248
3285,248
3286,248
3287,247
3288,247
3289,247
3290,247
3291,247
3292,247
3293,247
3294,247
3295,247
3296,247
3297,247
3298,247
3299,247
3300,247
3301,247
3302,247
3303,247
3304,247
3305,247
3306,247
3307,247
3308,247
3309,247
3310,246
3311,246
3312,246
3313,246
3314,246
3315,246
3316,246
3317,246
3318,246
3319,246
3320,246
3321,246
3322,246
3323,246
3324,246
3325,246
3326,246
3327,246
3328,246
3329,246
3330,246
3331,246
3332,246
3333,246
3334,246
3335,246
3336,246
3337,246
3338,246
3339,246
3340,246
3341,246
3342,246
3343,246
3344,246
3345,246
3346,246
3347,246
3348,246
3349,246
3350,246
3351,246
3352,246
3353,246
3354,246
3355,246
3356,246
3357,246
3358,246
3359,246
3360,246
3361,246
3362,246
3363,246
3364,246
3365,246
3366,246
3367,246
3368,246
3369,246
3370,246
3371,246
3372,246
3373,246
3374,245
3375,245
3376,245
3377,245
3378,245
3379,245
3380,245
3381,245
3382,245
3383,245
3384,245
3385,245
3386,245
3387,245
3388,245
3389,245
3390,245
3391,245
3392,245
3393,245
3394,245
3395,245
3396,245
3397,245
3398,245
3399,245
3400,245
3401,245
3402,245
3403,245
3404,245
3405,245
3406,245
3407,245
3408,245
3409,245
3410,245
3411,245
3412,245
3413,245
3414,245
3415,245
3416,245
3417,245
3418,245
3419,245
3420,245
3421,245
3422,245
3423,245
3424,245
3425,245
3426,245
3427,245
3428,245
3429,245
3430,245
3431,245
3432,245
3433,245
3434,245
3435,245
3436,245
3437,245
3438,245
3439,245
3440,245
3441,245
3442,245
3443,245
3444,245
3445,245
3446,245
3447,245
3448,245
3449,245
3450,245
3451,245
3452,245
3453,245
3454,245
3455,245
3456,245
3457,245
3458,245
3459,245
3460,245
3461,245
3462,245
3463,245
3464,245
3465,245
3466,245
3467,245
3468,245
3469,245
3470,245
3471,245
3472,245
3473,245
3474,245
3475,245
3476,245
3477,245
3478,245
3479,245
3480,245
3481,245
3482,245
3483,245
3484,245
3485,245
3486,245
3487,245
3488,245
3489,245
3490,245
3491,245
3492,244
3493,244
3494,244
3495,244
3496,244
3497,244
3498,244
3499,244
3500,244
3501,244
3502,244
3503,244
3504,244
3505,244
3506,244
3507,244
3508,244
3509,244
3510,244
3511,244
3512,244
3513,244
3514,244
3515,244
3516,244
3517,244
3518,244
3519,244
3520,244
3521,244
3522,244
3523,244
3524,243
3525,243
3526,243
3527,243
3528,243
3529,243
3530,243
3531,243
3532,243
3533,243
3534,243
3535,243
3536,243
3537,243
3538,243
3539,243
3540,243
3541,243
3542,243
3543,243
3544,243
3545,243
3546,243
3547,243
3548,243
3549,243
3550,243
3551,243
3552,243
3553,243
3554,243
3555,243
3556,243
3557,243
3558,243
3559,243
3560,243
3561,243
3562,243
3563,243
3564,243
3565,243
3566,243
3567,243
3568,243
3569,243
3570,243
3571,243
3572,243
3573,243
3574,243
3575,243
3576,243
3577,243
3578,243
3579,243
3580,243
3581,243
3582,243
3583,243
3584,243
3585,243
3586,243
3587,243
3588,243
3589,243
3590,243
3591,243
3592,243
3593,243
3594,243
3595,243
3596,243
3597,243
3598,243
3599,243
3600,243
3601,242
3602,242
3603,242
3604,242
3605,242
3606,242
3607,242
3608,242
3609,242
3610,242
3611,242
3612,242
3613,242
3614,242
3615,242
3616,242
3617,242
3618,242
3619,242
3620,242
3621,242
3622,242
3623,242
3624,242
3625,242
3626,242
3627,242
3628,242
3629,242
3630,242
3631,242
3632,241
3633,241
3634,241
3635,241
3636,241
3637,241
3638,241
3639,240
3640,240
3641,240
3642,240
3643,240
3644,240
3645,240
3646,240
3647,240
3648,240
3649,240
3650,240
3651,240
3652,240
3653,240
3654,240
3655,240
3656,240
3657,240
3658,240
3659,240
3660,240
3661,240
3662,240
3663,240
3664,240
3665,240
3666,240
3667,240
3668,240
3669,240
3670,240
3671,240
3672,240
3673,240
3674,240
3675,240
3676,240
3677,240
3678,240
3679,240
3680,240
3681,240
3682,240
3683,240
3684,240
3685,240
3686,240
3687,240
3688,240
3689,240
3690,240
3691,240
3692,240
3693,240
3694,240
3695,240
3696,240
3697,240
3698,240
3699,240
3700,240
3701,240
3702,240
3703,240
3704,240
3705,240
3706,240
3707,240
3708,240
3709,240
3710,239
3711,239
3712,239
3713,238
3714,238
3715,238
3716,238
3717,238
3718,238
3719,238
3720,238
3721,238
3722,238
3723,238
3724,238
3725,238
3726,237
3727,237
3728,237
3729,237
3730,237
3731,237
3732,237
3733,237
3734,237
3735,237
3736,237
3737,237
3738,237
3739,237
3740,237
3741,237
3742,237
3743,237
3744,237
3745,237
3746,237
3747,237
3748,237
3749,237
3750,237
3751,237
3752,237
3753,237
3754,237
3755,237
3756,237
3757,237
3758,237
3759,237
3760,237
3761,237
3762,237
3763,237
3764,237
3765,237
3766,237
3767,237
3768,237
3769,237
3770,237
3771,237
3772,237
3773,237
3774,237
3775,237
3776,237
3777,237
3778,237
3779,237
3780,237
3781,237
3782,237
3783,237
3784,237
3785,237
3786,237
3787,237
3788,237
3789,237
3790,237
3791,237
3792,237
3793,237
3794,237
3795,237
3796,237
3797,237
3798,237
3799,237
3800,237
3801,237
3802,237
3803,237
3804,237
3805,237
3806,237
3807,237
3808,237
3809,237
3810,237
3811,237
3812,237
3813,237
3814,237
3815,237
3816,237
3817,237
3818,237
3819,237
3820,237
3821,237
3822,237
3823,237
3824,237
3825,237
3826,237
3827,237
3828,236
3829,236
3830,236
3831,236
3832,236
3833,236
3834,236
3835,236
3836,236
3837,236
3838,236
3839,236
3840,236
3841,236
3842,236
3843,236
3844,236
3845,236
3846,236
3847,236
3848,236
3849,236
3850,236
3851,236
3852,236
3853,236
3854,236
3855,236
3856,236
3857,236
3858,236
3859,236
3860,236
3861,236
3862,236
3863,236
3864,236
3865,236
3866,236
3867,236
3868,236
3869,236
3870,236
3871,236
3872,236
3873,235
3874,235
3875,235
3876,235
3877,235
3878,235
3879,235
3880,235
3881,235
3882,235
3883,235
3884,235
3885,235
3886,235
3887,235
3888,235
3889,235
3890,235
3891,235
3892,235
3893,235
3894,235
3895,235
3896,235
3897,235
3898,235
3899,234
3900,234
3901,234
3902,234
3903,234
3904,234
3905,234
3906,234
3907,234
3908,234
3909,234
3910,234
3911,234
3912,234
3913,234
3914,234
3915,234
3916,234
3917,234
3918,234
3919,234
3920,234
3921,233
3922,233
3923,233
3924,233
3925,233
3926,233
3927,233
3928,233
3929,233
3930,233
3931,233
3932,233
3933,233
3934,233
3935,233
3936,233
3937,233
3938,233
3939,233
3940,233
3941,233
3942,233
3943,233
3944,233
3945,233
3946,233
3947,233
3948,233
3949,233
3950,233
3951,233
3952,233
3953,233
3954,233
3955,233
3956,233
3957,233
3958,232
3959,232
3960,232
3961,232
3962,232
3963,232
3964,232
3965,232
3966,232
3967,232
3968,232
3969,232
3970,232
3971,232
3972,232
3973,232
3974,232
3975,232
3976,232
3977,232
3978,232
3979,232
3980,231
3981,231
3982,231
3983,231
3984,231
3985,231
3986,231
3987,231
3988,231
3989,231
3990,231
3991,231
3992,231
3993,231
3994,231
3995,231
3996,231
3997,231
3998,231
3999,231
4000,231
4001,231
4002,231
4003,231
4004,231
4005,231
4006,231
4007,231
4008,231
4009,231
4010,231
4011,231
4012,231
4013,231
4014,231
4015,231
4016,231
4017,231
4018,231
4019,231
4020,231
4021,231
4022,231
4023,231
4024,231
4025,231
4026,231
4027,231
4028,231
4029,231
4030,231
4031,231
4032,231
4033,231
4034,231
4035,231
4036,231
4037,231
4038,231
4039,231
4040,231
4041,231
4042,231
4043,231
4044,231
4045,231
4046,231
4047,231
4048,231
4049,231
4050,231
4051,230
4052,230
4053,230
4054,230
4055,230
4056,230
4057,230
4058,230
4059,230
4060,230
4061,230
4062,230
4063,230
4064,230
4065,230
4066,230
4067,230
4068,230
4069,230
4070,230
4071,230
4072,230
4073,230
4074,230
4075,230
4076,230
4077,230
4078,230
4079,230
4080,230
4081,230
4082,230
4083,230
4084,230
4085,230
4086,230
4087,230
4088,230
4089,230
4090,230
4091,230
4092,230
4093,230
4094,230
4095,230
4096,230
4097,230
4098,230
4099,230
4100,230
4101,230
4102,230
4103,230
4104,230
4105,230
4106,230
4107,230
4108,230
4109,230
4110,230
4111,230
4112,230
4113,230
4114,230
4115,230
4116,230
4117,230
4118,230
4119,230
4120,230
4121,230
4122,230
4123,230
4124,230
4125,230
4126,230
4127,230
4128,230
4129,230
4130,230
4131,230
4132,230
4133,230
4134,230
4135,230
4136,230
4137,230
4138,230
4139,230
4140,230
4141,229
4142,229
4143,229
4144,229
4145,229
4146,229
4147,229
4148,229
4149,229
4150,229
4151,229
4152,229
4153,229
4154,229
4155,229
4156,229
4157,229
4158,229
4159,229
4160,229
4161,228
4162,228
4163,228
4164,228
4165,228
4166,228
4167,228
4168,228
4169,228
4170,228
4171,228
4172,228
4173,228
4174,228
4175,227
4176,227
4177,227
4178,227
4179,227
4180,227
4181,227
4182,227
4183,227
4184,227
4185,227
4186,227
4187,227
4188,227
4189,227
4190,227
4191,227
4192,227
4193,227
4194,226
4195,226
4196,226
4197,226
4198,226
4199,226
4200,226
4201,226
4202,226
4203,226
4204,226
4205,226
4206,226
4207,226
4208,226
4209,226
4210,226
4211,226
4212,226
4213,226
4214,226
4215,226
4216,226
4217,226
4218,226
4219,226
4220,226
4221,225
4222,225
4223,225
4224,225
4225,225
4226,225
4227,225
4228,225
4229,225
4230,225
4231,225
4232,225
4233,225
4234,225
4235,225
4236,225
4237,225
4238,225
4239,225
4240,224
4241,223
4242,223
4243,223
4244,223
4245,223
4246,223
4247,223
4248,223
4249,223
4250,223
4251,223
4252,223
4253,223
4254,223
4255,223
4256,223
4257,223
4258,223
4259,223
4260,223
4261,223
4262,223
4263,223
4264,223
4265,223
4266,223
4267,223
4268,223
4269,223
4270,223
4271,223
4272,223
4273,223
4274,223
4275,223
4276,223
4277,223
4278,223
4279,223
4280,223
4281,223
4282,223
4283,223
4284,223
4285,223
4286,223
4287,223
4288,223
4289,223
4290,223
4291,223
4292,223
4293,223
4294,223
4295,223
4296,223
4297,223
4298,223
4299,223
4300,223
4301,223
4302,223
4303,223
4304,223
4305,223
4306,223
4307,223
4308,223
4309,223
4310,223
4311,223
4312,223
4313,223
4314,223
4315,223
4316,223
4317,223
4318,223
4319,223
4320,223
4321,223
4322,223
4323,223
4324,223
4325,223
4326,223
4327,223
4328,223
4329,223
4330,223
4331,223
4332,222
4333,222
4334,222
4335,222
4336,222
4337,222
4338,222
4339,222
4340,222
4341,222
4342,222
4343,222
4344,222
4345,222
4346,222
4347,222
4348,222
4349,222
4350,222
4351,222
4352,222
4353,222
4354,222
4355,222
4356,222
4357,222
4358,222
4359,222
4360,222
4361,222
4362,222
4363,222
4364,222
4365,222
4366,222
4367,222
4368,222
4369,222
4370,222
4371,222
4372,222
4373,222
4374,222
4375,222
4376,222
4377,222
4378,222
4379,222
4380,222
4381,222
4382,221
4383,221
4384,221
4385,221
4386,221
4387,221
4388,221
4389,221
4390,220
4391,220
4392,220
4393,220
4394,220
4395,220
4396,220
4397,220
4398,220
4399,220
4400,220
4401,220
4402,220
4403,220
4404,220
4405,220
4406,220
4407,220
4408,220
4409,220
4410,220
4411,220
4412,220
4413,220
4414,220
4415,220
4416,220
4417,220
4418,220
4419,220
4420,220
4421,220
4422,220
4423,220
4424,220
4425,220
4426,220
4427,220
4428,220
4429,220
4430,220
4431,219
4432,219
4433,219
4434,219
4435,219
4436,219
4437,219
4438,219
4439,219
4440,219
4441,219
4442,219
4443,219
4444,219
4445,219
4446,219
4447,219
4448,219
4449,219
4450,219
4451,219
4452,219
4453,219
4454,219
4455,219
4456,219
4457,219
4458,219
4459,219
4460,218
4461,218
4462,218
4463,218
4464,218
4465,218
4466,218
4467,218
4468,218
4469,218
4470,218
4471,218
4472,218
4473,217
4474,216
4475,216
4476,216
4477,216
4478,216
4479,216
4480,215
4481,215
4482,215
4483,215
4484,215
4485,214
4486,214
4487,214
4488,214
4489,213
4490,212
4491,212
4492,212
4493,212
4494,212
4495,212
4496,212
4497,212
4498,212
4499,212
4500,212
4501,212
4502,212
4503,212
4504,212
4505,211
4506,211
4507,211
4508,211
4509,211
4510,211
4511,211
4512,211
4513,211
4514,211
4515,211
4516,211
4517,211
4518,211
4519,211
4520,211
4521,211
4522,211
4523,211
4524,211
4525,211
4526,211
4527,211
4528,211
4529,211
4530,211
4531,211
4532,211
4533,211
4534,211
4535,211
4536,211
4537,211
4538,211
4539,211
4540,211
4541,211
4542,211
4543,211
4544,211
4545,211
4546,211
4547,210
4548,210
4549,210
4550,210
4551,210
4552,210
4553,210
4554,210
4555,210
4556,210
4557,210
4558,210
4559,210
4560,210
4561,210
4562,210
4563,210
4564,210
4565,210
4566,210
4567,210
4568,210
4569,210
4570,210
4571,210
4572,210
4573,210
4574,210
4575,210
4576,210
4577,210
4578,210
4579,210
4580,210
4581,209
4582,209
4583,209
4584,209
4585,209
4586,209
4587,209
4588,209
4589,209
4590,209
4591,209
4592,209
4593,209
4594,209
4595,209
4596,209
4597,209
4598,209
4599,209
4600,209
4601,209
4602,209
4603,209
4604,209
4605,209
4606,209
4607,209
4608,209
4609,209
4610,209
4611,209
4612,209
4613,209
4614,209
4615,209
4616,209
4617,209
4618,209
4619,209
4620,209
4621,209
4622,209
4623,209
4624,209
4625,209
4626,209
4627,209
4628,209
4629,209
4630,209
4631,209
4632,209
4633,209
4634,209
4635,209
4636,209
4637,209
4638,209
4639,209
4640,209
4641,209
4642,209
4643,209
4644,209
4645,209
4646,209
4647,209
4648,209
4649,209
4650,209
4651,209
4652,209
4653,209
4654,209
4655,209
4656,209
4657,209
4658,209
4659,209
4660,209
4661,209
4662,209
4663,209
4664,209
4665,209
4666,209
4667,209
4668,209
4669,209
4670,209
4671,209
4672,209
4673,209
4674,209
4675,209
4676,209
4677,209
4678,209
4679,209
4680,209
4681,209
4682,209
4683,209
4684,209
4685,209
4686,209
4687,209
4688,209
4689,209
4690,209
4691,209
4692,209
4693,209
4694,209
4695,209
4696,209
4697,209
4698,209
4699,208
4700,208
4701,208
4702,208
4703,208
4704,208
4705,208
4706,208
4707,208
4708,208
4709,208
4710,208
4711,208
4712,208
4713,208
4714,208
4715,208
4716,208
4717,208
4718,208
4719,208
4720,208
4721,208
4722,208
4723,208
4724,208
4725,208
4726,208
4727,208
4728,208
4729,208
4730,208
4731,208
4732,208
4733,208
4734,208
4735,208
4736,208
4737,208
4738,208
4739,208
4740,208
4741,208
4742,208
4743,208
4744,208
4745,208
4746,208
4747,208
4748,208
4749,208
4750,208
4751,208
4752,208
4753,208
4754,208
4755,207
4756,207
4757,207
4758,207
4759,207
4760,207
4761,207
4762,207
4763,207
4764,207
4765,207
4766,207
4767,207
4768,207
4769,207
4770,207
4771,207
4772,207
4773,207
4774,207
4775,207
4776,207
4777,207
4778,207
4779,207
4780,207
4781,207
4782,207
4783,207
4784,207
4785,207
4786,207
4787,207
4788,207
4789,207
4790,207
4791,207
4792,207
4793,207
4794,207
4795,207
4796,207
4797,207
4798,207
4799,207
4800,207
4801,207
4802,207
4803,207
4804,207
4805,207
4806,207
4807,207
4808,207
4809,207
4810,207
4811,207
4812,207
4813,207
4814,207
4815,207
4816,207
4817,207
4818,207
4819,207
4820,207
4821,207
4822,207
4823,207
4824,207
4825,207
4826,207
4827,207
4828,207
4829,207
4830,207
4831,207
4832,207
4833,207
4834,207
4835,207
4836,207
4837,207
4838,207
4839,207
4840,207
4841,207
4842,207
4843,207
4844,207
4845,207
4846,207
4847,207
4848,207
4849,207
4850,207
4851,207
4852,207
4853,207
4854,207
4855,207
4856,207
4857,207
4858,207
4859,207
4860,207
4861,207
4862,207
4863,207
4864,207
4865,207
4866,207
4867,207
4868,207
4869,207
4870,207
4871,207
4872,207
4873,207
4874,207
4875,207
4876,207
4877,207
4878,206
4879,206
4880,206
4881,206
4882,206
4883,206
4884,206
4885,206
4886,206
4887,206
4888,206
4889,206
4890,206
4891,206
4892,206
4893,206
4894,206
4895,206
4896,206
4897,206
4898,206
4899,206
4900,206
4901,206
4902,206
4903,206
4904,206
4905,206
4906,206
4907,206
4908,206
4909,206
4910,206
4911,206
4912,206
4913,206
4914,206
4915,206
4916,206
4917,206
4918,206
4919,206
4920,206
4921,206
4922,206
4923,206
4924,206
4925,206
4926,206
4927,206
4928,206
4929,206
4930,206
4931,206
4932,206
4933,206
4934,206
4935,206
4936,206
4937,206
4938,206
4939,206
4940,206
4941,206
4942,206
4943,206
4944,206
4945,206
4946,206
4947,206
4948,206
4949,206
4950,206
4951,206
4952,206
4953,206
4954,206
4955,206
4956,206
4957,206
4958,206
4959,206
4960,206
4961,206
4962,206
4963,206
4964,206
4965,206
4966,206
4967,206
4968,206
4969,206
4970,206
4971,206
4972,206
4973,206
4974,206
4975,206
4976,206
4977,206
4978,206
4979,206
4980,206
4981,206
4982,206
4983,206
4984,206
4985,206
4986,206
4987,206
4988,206
4989,206
4990,206
4991,206
4992,206
4993,206
4994,206
4995,206
4996,206
4997,206
4998,206
4999,206
5000,206
5001,206
5002,206
5003,206
5004,206
5005,206
5006,206
5007,206
5008,206
5009,206
5010,206
5011,206
5012,206
5013,206
5014,206
5015,206
5016,206
5017,205
5018,205
5019,205
5020,205
5021,205
5022,205
5023,205
5024,205
5025,205
5026,205
5027,205
5028,205
5029,205
5030,205
5031,205
5032,205
5033,205
5034,205
5035,205
5036,205
5037,205
5038,205
5039,205
5040,205
5041,205
5042,205
5043,205
5044,205
5045,205
5046,205
5047,205
5048,205
5049,205
5050,205
5051,205
5052,204
5053,204
5054,204
5055,204
5056,204
5057,204
5058,204
5059,204
5060,204
5061,204
5062,204
5063,204
5064,204
5065,204
5066,204
5067,204
5068,204
5069,204
5070,204
5071,204
5072,204
5073,204
5074,204
5075,204
5076,204
5077,204
5078,204
5079,204
5080,204
5081,204
5082,204
5083,204
5084,204
5085,204
5086,204
5087,204
5088,204
5089,204
5090,204
5091,204
5092,204
5093,204
5094,204
5095,204
5096,204
5097,204
5098,204
5099,204
5100,204
5101,204
5102,204
5103,204
5104,204
5105,204
5106,204
5107,204
5108,204
5109,204
5110,204
5111,204
5112,204
5113,204
5114,204
5115,204
5116,204
5117,203
5118,203
5119,203
5120,203
5121,203
5122,203
5123,203
5124,203
5125,203
5126,203
5127,203
5128,203
5129,203
5130,203
5131,203
5132,203
5133,203
5134,203
5135,203
5136,203
5137,203
5138,203
5139,203
5140,203
5141,203
5142,203
5143,203
5144,203
5145,203
5146,203
5147,203
5148,203
5149,203
5150,203
5151,203
5152,203
5153,203
5154,202
5155,202
5156,202
5157,202
5158,202
5159,202
5160,202
5161,202
5162,202
5163,202
5164,202
5165,202
5166,202
5167,202
5168,202
5169,202
5170,202
5171,202
5172,202
5173,202
5174,202
5175,202
5176,202
5177,202
5178,202
5179,202
5180,202
5181,202
5182,202
5183,202
5184,202
5185,202
5186,202
5187,202
5188,202
5189,202
5190,202
5191,202
5192,202
5193,202
5194,202
5195,202
5196,202
5197,202
5198,202
5199,202
5200,202
5201,202
5202,202
5203,201
5204,201
5205,201
5206,201
5207,201
5208,201
5209,201
5210,201
5211,201
5212,201
5213,201
5214,201
5215,201
5216,201
5217,201
5218,201
5219,201
5220,201
5221,201
5222,200
5223,200
5224,200
5225,200
5226,200
5227,200
5228,200
5229,200
5230,200
5231,200
5232,200
5233,200
5234,200
5235,200
5236,200
5237,200
5238,200
5239,200
5240,200
5241,200
5242,200
5243,200
5244,200
5245,200
5246,200
5247,200
5248,200
5249,200
5250,200
5251,200
5252,200
5253,200
5254,200
5255,200
5256,200
5257,200
5258,200
5259,200
5260,200
5261,200
5262,200
5263,200
5264,200
5265,200
5266,200
5267,200
5268,200
5269,200
5270,200
5271,200
5272,200
5273,200
5274,200
5275,200
5276,200
5277,200
5278,200
5279,200
5280,200
5281,200
5282,200
5283,200
5284,200
5285,200
5286,200
5287,200
5288,200
5289,200
5290,200
5291,200
5292,200
5293,200
5294,200
5295,200
5296,200
5297,200
5298,200
5299,200
5300,200
5301,200
5302,200
5303,200
5304,200
5305,200
5306,200
5307,200
5308,200
5309,200
5310,200
5311,200
5312,200
5313,200
5314,200
5315,200
5316,200
5317,200
5318,200
5319,200
5320,200
5321,200
5322,200
5323,200
5324,200
5325,200
5326,200
5327,200
5328,200
5329,200
5330,200
5331,200
5332,200
5333,200
5334,200
5335,200
5336,200
5337,200
5338,200
5339,200
5340,200
5341,200
5342,200
5343,200
5344,200
5345,200
5346,200
5347,200
5348,200
5349,200
5350,200
5351,200
5352,200
5353,200
5354,200
5355,200
5356,200
5357,200
5358,200
5359,200
5360,200
5361,200
5362,200
5363,200
5364,200
5365,200
5366,200
5367,200
5368,200
5369,199
5370,199
5371,199
5372,199
5373,199
5374,199
5375,199
5376,199
5377,199
5378,199
5379,199
5380,199
5381,199
5382,199
5383,199
5384,199
5385,199
5386,199
5387,199
5388,199
5389,199
5390,199
5391,199
5392,199
5393,199
5394,199
5395,199
5396,199
5397,199
5398,199
5399,199
5400,199
5401,199
5402,199
5403,199
5404,199
5405,199
5406,199
5407,199
5408,199
5409,199
5410,199
5411,199
5412,199
5413,199
5414,199
5415,199
5416,199
5417,199
5418,199
5419,199
5420,199
5421,199
5422,199
5423,199
5424,199
5425,199
5426,199
5427,199
5428,199
5429,199
5430,199
5431,199
5432,199
5433,199
5434,199
5435,199
5436,199
5437,199
5438,199
5439,199
5440,199
5441,199
5442,199
5443,199
5444,199
5445,199
5446,199
5447,199
5448,199
5449,199
5450,199
5451,199
5452,199
5453,199
5454,199
5455,199
5456,199
5457,199
5458,199
5459,199
5460,199
5461,199
5462,199
5463,199
5464,199
5465,199
5466,199
5467,199
5468,199
5469,199
5470,199
5471,199
5472,199
5473,199
5474,199
5475,199
5476,199
5477,199
5478,199
5479,199
5480,199
5481,199
5482,199
5483,199
5484,199
5485,199
5486,199
5487,199
5488,199
5489,199
5490,199
5491,199
5492,199
5493,199
5494,199
5495,199
5496,199
5497,199
5498,199
5499,199
5500,199
5501,199
5502,199
5503,199
5504,199
5505,199
5506,199
5507,199
5508,199
5509,199
5510,199
5511,199
5512,199
5513,199
5514,199
5515,199
5516,199
5517,199
5518,199
5519,199
5520,199
5521,199
5522,198
5523,198
5524,198
5525,198
5526,198
5527,198
5528,198
5529,198
5530,198
5531,198
5532,198
5533,198
5534,198
5535,198
5536,198
5537,198
5538,198
5539,198
5540,198
5541,198
5542,198
5543,198
5544,198
5545,198
5546,198
5547,198
5548,198
5549,198
5550,198
5551,198
5552,198
5553,198
5554,197
5555,197
5556,197
5557,197
5558,197
5559,197
5560,197
5561,197
5562,197
5563,197
5564,197
5565,197
5566,197
5567,197
5568,197
5569,197
5570,197
5571,197
5572,197
5573,197
5574,197
5575,197
5576,197
5577,197
5578,197
5579,197
5580,197
5581,197
5582,197
5583,197
5584,197
5585,197
5586,197
5587,197
5588,197
5589,197
5590,197
5591,197
5592,197
5593,197
5594,197
5595,197
5596,197
5597,197
5598,197
5599,197
5600,197
5601,197
5602,197
5603,197
5604,197
5605,197
5606,197
5607,197
5608,197
5609,197
5610,197
5611,197
5612,197
5613,197
5614,197
5615,197
5616,197
5617,197
5618,197
5619,197
5620,197
5621,197
5622,197
5623,197
5624,197
5625,197
5626,197
5627,197
5628,197
5629,197
5630,197
5631,197
5632,197
5633,197
5634,197
5635,197
5636,197
5637,197
5638,197
5639,197
5640,197
5641,197
5642,197
5643,197
5644,197
5645,197
5646,197
5647,197
5648,197
5649,197
5650,197
5651,197
5652,197
5653,197
5654,197
5655,197
5656,197
5657,197
5658,197
5659,197
5660,197
5661,197
5662,197
5663,197
5664,197
5665,197
5666,197
5667,197
5668,197
5669,197
5670,197
5671,197
5672,197
5673,197
5674,197
5675,197
5676,197
5677,197
5678,197
5679,197
5680,197
5681,197
5682,197
5683,197
5684,197
5685,197
5686,197
5687,197
5688,197
5689,197
5690,197
5691,197
5692,197
5693,197
5694,197
5695,197
5696,197
5697,197
5698,197
5699,197
5700,197
5701,197
5702,197
5703,197
5704,197
5705,197
5706,197
5707,197
5708,197
5709,197
5710,197
5711,197
5712,197
5713,197
5714,197
5715,197
5716,197
5717,197
5718,197
5719,197
5720,197
5721,197
5722,197
5723,197
5724,197
5725,197
5726,197
5727,197
5728,197
5729,197
5730,197
5731,197
5732,196
5733,196
5734,196
5735,196
5736,196
5737,196
5738,196
5739,196
5740,196
5741,196
5742,196
5743,196
5744,196
5745,196
5746,196
5747,195
5748,195
5749,195
5750,195
5751,195
5752,195
5753,195
5754,195
5755,195
5756,195
5757,195
5758,195
5759,195
5760,195
5761,195
5762,195
5763,195
5764,195
5765,195
5766,195
5767,195
5768,195
5769,195
5770,195
5771,195
5772,195
5773,195
5774,195
5775,195
5776,195
5777,195
5778,195
5779,195
5780,195
5781,195
5782,195
5783,195
5784,195
5785,195
5786,195
5787,195
5788,195
5789,195
5790,195
5791,195
5792,195
5793,195
5794,195
5795,195
5796,195
5797,195
5798,195
5799,195
5800,195
5801,195
5802,195
5803,195
5804,195
5805,195
5806,195
5807,195
5808,195
5809,195
5810,195
5811,195
5812,195
5813,195
5814,195
5815,195
5816,195
5817,195
5818,195
5819,195
5820,195
5821,195
5822,195
5823,195
5824,195
5825,195
5826,195
5827,195
5828,195
5829,195
5830,195
5831,195
5832,195
5833,195
5834,195
5835,195
5836,195
5837,195
5838,195
5839,195
5840,195
5841,195
5842,195
5843,195
5844,195
5845,195
5846,195
5847,195
5848,195
5849,195
5850,195
5851,195
5852,195
5853,195
5854,195
5855,195
5856,195
5857,195
5858,195
5859,195
5860,195
5861,195
5862,195
5863,195
5864,195
5865,195
5866,195
5867,195
5868,195
5869,195
5870,195
5871,195
5872,195
5873,195
5874,195
5875,195
5876,195
5877,195
5878,195
5879,195
5880,195
5881,195
5882,195
5883,195
5884,195
5885,195
5886,195
5887,195
5888,195
5889,195
5890,195
5891,195
5892,195
5893,195
5894,195
5895,195
5896,195
5897,195
5898,195
5899,195
5900,195
5901,195
5902,195
5903,195
5904,195
5905,195
5906,195
5907,195
5908,195
5909,195
5910,195
5911,195
5912,195
5913,195
5914,195
5915,195
5916,195
5917,195
5918,195
5919,195
5920,195
5921,195
5922,195
5923,195
5924,195
5925,195
5926,195
5927,195
5928,195
5929,195
5930,195
5931,195
5932,195
5933,195
5934,195
5935,195
5936,195
5937,195
5938,195
5939,195
5940,195
5941,195
5942,195
5943,195
5944,195
5945,195
5946,195
5947,195
5948,195
5949,195
5950,195
5951,195
5952,195
5953,195
5954,195
5955,195
5956,195
5957,195
5958,195
5959,195
5960,195
5961,195
5962,195
5963,195
5964,195
5965,195
5966,195
5967,195
5968,195
5969,195
5970,195
5971,195
5972,195
5973,195
5974,195
5975,195
5976,195
5977,195
5978,195
5979,195
5980,195
5981,195
5982,195
5983,195
5984,194
5985,194
5986,194
5987,194
5988,194
5989,194
5990,194
5991,194
5992,194
5993,194
5994,194
5995,194
5996,194
5997,194
5998,194
5999,194
6000,194
6001,194
6002,194
6003,194
6004,194
6005,194
6006,194
6007,194
6008,194
6009,194
6010,194
6011,194
6012,194
6013,194
6014,194
6015,194
6016,194
6017,194
6018,194
6019,194
6020,194
6021,194
6022,194
6023,194
6024,194
6025,194
6026,194
6027,194
6028,194
6029,194
6030,194
6031,194
6032,194
6033,194
6034,194
6035,194
6036,194
6037,194
6038,194
6039,194
6040,194
6041,194
6042,194
6043,194
6044,194
6045,194
6046,194
6047,194
6048,194
6049,194
6050,194
6051,194
6052,194
6053,194
6054,194
6055,194
6056,194
6057,194
6058,194
6059,194
6060,194
6061,194
6062,194
6063,194
6064,194
6065,194
6066,194
6067,194
6068,194
6069,194
6070,194
6071,194
6072,194
6073,194
6074,194
6075,194
6076,194
6077,194
6078,194
6079,194
6080,194
6081,194
6082,194
6083,194
6084,194
6085,194
6086,194
6087,194
6088,194
6089,194
6090,194
6091,194
6092,194
6093,194
6094,194
6095,194
6096,194
6097,194
6098,194
6099,194
6100,194
6101,194
6102,194
6103,194
6104,194
6105,194
6106,194
6107,194
6108,194
6109,194
6110,194
6111,194
6112,194
6113,194
6114,194
6115,194
6116,194
6117,194
6118,194
6119,194
6120,194
6121,194
6122,194
6123,194
6124,194
6125,194
6126,194
6127,194
6128,194
6129,194
6130,194
6131,194
6132,194
6133,194
6134,194
6135,194
6136,194
6137,194
6138,194
6139,194
6140,194
6141,194
6142,194
6143,194
6144,194
6145,194
6146,194
6147,194
6148,194
6149,194
6150,194
6151,194
6152,194
6153,194
6154,194
6155,194
6156,194
6157,194
6158,194
6159,194
6160,194
6161,194
6162,194
6163,194
6164,194
6165,194
6166,194
6167,194
6168,194
6169,194
6170,194
6171,194
6172,194
6173,194
6174,194
6175,194
6176,194
6177,194
6178,194
6179,194
6180,194
6181,194
6182,194
6183,194
6184,194
6185,194
6186,194
6187,194
6188,194
6189,194
6190,194
6191,194
6192,194
6193,194
6194,194
6195,194
6196,194
6197,194
6198,194
6199,194
6200,194
6201,194
6202,194
6203,194
6204,194
6205,194
6206,194
6207,194
6208,194
6209,194
6210,194
6211,194
6212,194
6213,194
6214,194
6215,194
6216,194
6217,194
6218,194
6219,194
6220,194
6221,194
6222,194
6223,194
6224,194
6225,194
6226,194
6227,194
6228,194
6229,194
6230,194
6231,194
6232,194
6233,194
6234,194
6235,194
6236,194
6237,194
6238,194
6239,194
6240,194
6241,194
6242,194
6243,194
6244,194
6245,194
6246,194
6247,194
6248,194
6249,194
6250,194
6251,194
6252,194
6253,194
6254,194
6255,194
6256,194
6257,194
6258,194
6259,194
6260,194
6261,194
6262,194
6263,194
6264,194
6265,194
6266,194
6267,194
6268,194
6269,194
6270,194
6271,194
6272,194
6273,194
6274,194
6275,194
6276,194
6277,194
6278,194
6279,194
6280,194
6281,194
6282,194
6283,194
6284,194
6285,194
6286,194
6287,194
6288,194
6289,194
6290,194
6291,194
6292,194
6293,194
6294,194
6295,194
6296,194
6297,194
6298,194
6299,194
6300,194
6301,194
6302,194
6303,194
6304,194
6305,194
6306,194
6307,194
6308,194
6309,194
6310,194
6311,194
6312,194
6313,194
6314,194
6315,194
6316,194
6317,194
6318,194
6319,194
6320,194
6321,194
6322,194
6323,194
6324,194
6325,194
6326,194
6327,194
6328,194
6329,194
6330,194
6331,194
6332,194
6333,194
6334,194
6335,194
6336,194
6337,194
6338,194
6339,194
6340,194
6341,194
6342,194
6343,194
6344,194
6345,194
6346,194
6347,194
6348,194
6349,194
6350,194
6351,194
6352,194
6353,194
6354,194
6355,194
6356,194
6357,194
6358,194
6359,194
6360,194
6361,194
6362,194
6363,194
6364,194
6365,194
6366,194
6367,194
6368,194
6369,194
6370,194
6371,194
6372,194
6373,194
6374,194
6375,194
6376,194
6377,194
6378,194
6379,194
6380,194
6381,194
6382,194
6383,194
6384,194
6385,194
6386,194
6387,194
6388,194
6389,194
6390,194
6391,194
6392,194
6393,194
6394,194
6395,194
6396,194
6397,194
6398,194
6399,194
6400,194
6401,194
6402,194
6403,194
6404,194
6405,194
6406,194
6407,194
6408,194
6409,194
6410,194
6411,194
6412,194
6413,194
6414,194
6415,194
6416,194
6417,194
6418,194
6419,194
6420,194
6421,194
6422,194
6423,194
6424,194
6425,194
6426,194
6427,194
6428,194
6429,194
6430,194
6431,194
6432,194
6433,194
6434,194
6435,194
6436,194
6437,194
6438,194
6439,194
6440,194
6441,194
6442,194
6443,194
6444,194
6445,194
6446,194
6447,194
6448,194
6449,194
6450,194
6451,194
6452,194
6453,194
6454,194
6455,194
6456,194
6457,194
6458,194
6459,194
6460,194
6461,194
6462,194
6463,194
6464,194
6465,194
6466,194
6467,194
6468,194
6469,194
6470,194
6471,194
6472,194
6473,194
6474,194
6475,194
6476,194
6477,194
6478,194
6479,194
6480,194
6481,194
6482,194
6483,194
6484,194
6485,194
6486,194
6487,194
6488,194
6489,194
6490,194
6491,194
6492,194
6493,194
6494,194
6495,194
6496,194
6497,194
6498,194
6499,194
6500,194
6501,194
6502,194
6503,194
6504,194
6505,194
6506,194
6507,194
6508,194
6509,194
6510,194
6511,194
6512,194
6513,194
6514,194
6515,194
6516,194
6517,194
6518,194
6519,194
6520,194
6521,194
6522,194
6523,194
6524,194
6525,194
6526,194
6527,194
6528,194
6529,194
6530,194
6531,194
6532,194
6533,194
6534,194
6535,194
6536,194
6537,194
6538,194
6539,194
6540,194
6541,194
6542,194
6543,194
6544,194
6545,194
6546,194
6547,194
6548,194
6549,194
6550,194
6551,194
6552,194
6553,194
6554,194
6555,194
6556,194
6557,194
6558,194
6559,194
6560,194
6561,194
6562,194
6563,194
6564,194
6565,194
6566,194
6567,194
6568,194
6569,194
6570,194
6571,194
6572,194
6573,194
6574,194
6575,194
6576,194
6577,194
6578,194
6579,194
6580,194
6581,194
6582,194
6583,194
6584,194
6585,194
6586,194
6587,194
6588,194
6589,194
6590,194
6591,194
6592,194
6593,194
6594,194
6595,194
6596,194
6597,194
6598,194
6599,194
6600,194
6601,194
6602,194
6603,194
6604,194
6605,194
6606,194
6607,194
6608,194
6609,194
6610,194
6611,194
6612,194
6613,194
6614,194
6615,194
6616,194
6617,194
6618,194
6619,194
6620,194
6621,194
6622,194
6623,194
6624,194
6625,194
6626,194
6627,194
6628,194
6629,194
6630,194
6631,194
6632,194
6633,194
6634,194
6635,194
6636,194
6637,194
6638,194
6639,194
6640,194
6641,194
6642,194
6643,194
6644,194
6645,194
6646,194
6647,194
6648,194
6649,194
6650,194
6651,194
6652,194
6653,194
6654,194
6655,194
6656,194
6657,194
6658,194
6659,194
6660,194
6661,194
6662,194
6663,194
6664,194
6665,194
6666,194
6667,194
6668,194
6669,194
6670,194
6671,194
6672,194
6673,194
6674,194
6675,194
6676,194
6677,194
6678,194
6679,194
6680,194
6681,194
6682,194
6683,194
6684,194
6685,194
6686,194
6687,194
6688,194
6689,194
6690,194
6691,194
6692,194
6693,194
6694,194
6695,194
6696,194
6697,194
6698,194
6699,194
6700,194
6701,194
6702,194
6703,194
6704,194
6705,194
6706,194
6707,194
6708,194
6709,194
6710,194
6711,194
6712,194
6713,194
6714,194
6715,193
6716,193
6717,193
6718,193
6719,193
6720,193
6721,193
6722,193
6723,193
6724,193
6725,193
6726,193
6727,193
6728,193
6729,193
6730,193
6731,193
6732,193
6733,193
6734,193
6735,193
6736,193
6737,193
6738,193
6739,193
6740,193
6741,193
6742,193
6743,193
6744,193
6745,193
6746,193
6747,193
6748,193
6749,193
6750,193
6751,193
6752,193
6753,193
6754,193
6755,193
6756,193
6757,193
6758,193
6759,193
6760,193
6761,193
6762,193
6763,193
6764,193
6765,193
6766,193
6767,193
6768,193
6769,193
6770,193
6771,193
6772,193
6773,193
6774,193
6775,193
6776,193
6777,193
6778,193
6779,193
6780,193
6781,193
6782,193
6783,193
6784,193
6785,193
6786,193
6787,193
6788,193
6789,193
6790,193
6791,193
6792,193
6793,193
6794,193
6795,193
6796,193
6797,193
6798,193
6799,193
6800,193
6801,193
6802,193
6803,193
6804,193
6805,193
6806,193
6807,193
6808,193
6809,193
6810,193
6811,193
6812,193
6813,193
6814,193
6815,193
6816,193
6817,193
6818,193
6819,193
6820,193
6821,193
6822,193
6823,193
6824,193
6825,193
6826,193
6827,193
6828,193
6829,193
6830,193
6831,193
6832,193
6833,193
6834,193
6835,193
6836,193
6837,193
6838,193
6839,193
6840,193
6841,193
6842,193
6843,193
6844,193
6845,193
6846,193
6847,193
6848,193
6849,193
6850,193
6851,193
6852,193
6853,193
6854,193
6855,193
6856,193
6857,193
6858,193
6859,193
6860,193
6861,193
6862,193
6863,193
6864,193
6865,193
6866,193
6867,193
6868,193
6869,193
6870,193
6871,193
6872,193
6873,193
6874,193
6875,193
6876,193
6877,193
6878,193
6879,193
6880,193
6881,193
6882,193
6883,193
6884,193
6885,193
6886,193
6887,193
6888,193
6889,193
6890,193
6891,193
6892,193
6893,193
6894,193
6895,193
6896,193
6897,193
6898,193
6899,193
6900,193
6901,193
6902,193
6903,193
6904,193
6905,193
6906,193
6907,193
6908,193
6909,193
6910,193
6911,193
6912,193
6913,193
6914,193
6915,193
6916,193
6917,193
6918,192
6919,192
6920,192
6921,192
6922,192
6923,192
6924,192
6925,192
6926,192
6927,192
6928,192
6929,192
6930,192
6931,192
6932,192
6933,192
6934,192
6935,192
6936,192
6937,192
6938,192
6939,192
6940,192
6941,192
6942,192
6943,192
6944,192
6945,192
6946,192
6947,192
6948,192
6949,192
6950,192
6951,192
6952,192
6953,192
6954,192
6955,192
6956,192
6957,192
6958,192
6959,192
6960,192
6961,192
6962,192
6963,192
6964,192
6965,192
6966,192
6967,192
6968,192
6969,192
6970,192
6971,192
6972,192
6973,192
6974,192
6975,192
6976,192
6977,192
6978,192
6979,192
6980,192
6981,192
6982,192
6983,192
6984,192
6985,192
6986,192
6987,192
6988,192
6989,192
6990,192
6991,192
6992,192
6993,192
6994,192
6995,192
6996,192
6997,192
6998,192
6999,192
7000,192
7001,192
7002,192
7003,192
7004,192
7005,192
7006,192
7007,192
7008,192
7009,192
7010,192
7011,192
7012,192
7013,192
7014,192
7015,192
7016,192
7017,192
7018,192
7019,192
7020,192
7021,192
7022,192
7023,192
7024,192
7025,192
7026,192
7027,192
7028,192
7029,192
7030,192
7031,192
7032,192
7033,192
7034,192
7035,192
7036,192
7037,192
7038,192
7039,192
7040,192
7041,192
7042,192
7043,192
7044,192
7045,192
7046,192
7047,192
7048,192
7049,192
7050,192
7051,192
7052,192
7053,192
7054,192
7055,192
7056,192
7057,192
7058,192
7059,192
7060,192
7061,192
7062,192
7063,192
7064,192
7065,192
7066,192
7067,192
7068,192
7069,192
7070,192
7071,192
7072,192
7073,192
7074,192
7075,192
7076,192
7077,192
7078,192
7079,192
7080,192
7081,192
7082,192
7083,192
7084,192
7085,192
7086,192
7087,192
7088,192
7089,192
7090,192
7091,192
7092,192
7093,191
7094,191
7095,191
7096,191
7097,191
7098,191
7099,191
7100,191
7101,191
7102,191
7103,191
7104,191
7105,191
7106,191
7107,191
7108,191
7109,191
7110,191
7111,191
7112,191
7113,191
7114,191
7115,191
7116,191
7117,191
7118,191
7119,191
7120,191
7121,191
7122,191
7123,191
7124,191
7125,191
7126,191
7127,191
7128,191
7129,191
7130,191
7131,191
7132,191
7133,191
7134,191
7135,191
7136,191
7137,191
7138,191
7139,191
7140,191
7141,191
7142,191
7143,191
7144,191
7145,191
7146,191
7147,191
7148,191
7149,191
7150,191
7151,191
7152,191
7153,191
7154,191
7155,191
7156,191
7157,191
7158,191
7159,191
7160,191
7161,191
7162,191
7163,191
7164,191
7165,191
7166,191
7167,191
7168,191
7169,191
7170,191
7171,191
7172,191
7173,191
7174,191
7175,191
7176,191
7177,191
7178,191
7179,191
7180,191
7181,191
7182,191
7183,191
7184,191
7185,191
7186,191
7187,191
7188,191
7189,191
7190,191
7191,191
7192,191
7193,191
7194,191
7195,191
7196,191
7197,191
7198,191
7199,191
7200,191
7201,191
7202,191
7203,191
7204,191
7205,191
7206,191
7207,191
7208,191
7209,191
7210,191
7211,191
7212,191
7213,191
7214,191
7215,191
7216,191
7217,191
7218,191
7219,191
7220,191
7221,191
7222,191
7223,191
7224,191
7225,191
7226,191
7227,191
7228,191
7229,191
7230,191
7231,191
7232,191
7233,191
7234,191
7235,191
7236,191
7237,191
7238,191
7239,191
7240,191
7241,191
7242,191
7243,191
7244,191
7245,191
7246,191
7247,191
7248,191
7249,191
7250,191
7251,191
7252,191
7253,191
7254,191
7255,191
7256,191
7257,191
7258,191
7259,191
7260,191
7261,191
7262,191
7263,191
7264,191
7265,191
7266,191
7267,191
7268,191
7269,191
7270,191
7271,191
7272,191
7273,191
7274,191
7275,191
7276,191
7277,191
7278,191
7279,191
7280,191
7281,191
7282,191
7283,191
7284,191
7285,191
7286,191
7287,191
7288,191
7289,191
7290,191
7291,191
7292,191
7293,191
7294,191
7295,191
7296,191
7297,191
7298,191
7299,191
7300,191
7301,191
7302,191
7303,191
7304,191
7305,191
7306,191
7307,191
7308,191
7309,191
7310,191
7311,191
7312,191
7313,191
7314,191
7315,191
7316,191
7317,191
7318,191
7319,191
7320,191
7321,191
7322,191
7323,191
7324,191
7325,191
7326,191
7327,191
7328,191
7329,191
7330,191
7331,191
7332,191
7333,191
7334,191
7335,191
7336,191
7337,191
7338,191
7339,191
7340,191
7341,191
7342,191
7343,191
7344,191
7345,191
7346,191
7347,191
7348,191
7349,191
7350,191
7351,191
7352,191
7353,191
7354,191
7355,191
7356,191
7357,191
7358,191
7359,191
7360,191
7361,191
7362,191
7363,191
7364,191
7365,191
7366,191
7367,191
7368,191
7369,191
7370,191
7371,191
7372,191
7373,191
7374,191
7375,191
7376,191
7377,191
7378,191
7379,191
7380,191
7381,191
7382,191
7383,191
7384,191
7385,191
7386,191
7387,191
7388,191
7389,191
7390,191
7391,191
7392,191
7393,191
7394,191
7395,191
7396,191
7397,191
7398,191
7399,191
7400,191
7401,191
7402,191
7403,191
7404,191
7405,191
7406,191
7407,191
7408,191
7409,191
7410,191
7411,191
7412,191
7413,191
7414,191
7415,191
7416,191
7417,191
7418,191
7419,191
7420,191
7421,191
7422,191
7423,191
7424,191
7425,191
7426,191
7427,191
7428,191
7429,191
7430,191
7431,191
7432,191
7433,191
7434,191
7435,191
7436,191
7437,191
7438,191
7439,191
7440,191
7441,191
7442,191
7443,191
7444,191
7445,191
7446,191
7447,191
7448,191
7449,191
7450,191
7451,191
7452,191
7453,191
7454,191
7455,191
7456,191
7457,191
7458,191
7459,191
7460,191
7461,191
7462,191
7463,191
7464,191
7465,191
7466,191
7467,191
7468,191
7469,191
7470,191
7471,191
7472,191
7473,191
7474,191
7475,191
7476,191
7477,191
7478,191
7479,191
7480,191
7481,191
7482,191
7483,191
7484,191
7485,191
7486,191
7487,191
7488,191
7489,191
7490,191
7491,191
7492,191
7493,191
7494,191
7495,191
7496,191
7497,191
7498,191
7499,191
7500,191
7501,191
7502,191
7503,191
7504,191
7505,191
7506,191
7507,191
7508,191
7509,191
7510,191
7511,191
7512,191
7513,191
7514,191
7515,191
7516,191
7517,191
7518,191
7519,191
7520,191
7521,191
7522,191
7523,191
7524,191
7525,191
7526,191
7527,191
7528,191
7529,191
7530,191
7531,191
7532,191
7533,191
7534,191
7535,191
7536,191
7537,191
7538,191
7539,191
7540,191
7541,191
7542,191
7543,191
7544,191
7545,191
7546,191
7547,191
7548,191
7549,191
7550,191
7551,191
7552,191
7553,191
7554,191
7555,191
7556,191
7557,191
7558,191
7559,191
7560,191
7561,191
7562,191
7563,191
7564,191
7565,191
7566,191
7567,191
7568,191
7569,191
7570,191
7571,191
7572,191
7573,191
7574,191
7575,191
7576,191
7577,191
7578,191
7579,191
7580,191
7581,191
7582,191
7583,191
7584,191
7585,191
7586,191
7587,191
7588,191
7589,191
7590,191
7591,191
7592,190
7593,190
7594,190
7595,190
7596,190
7597,190
7598,190
7599,190
7600,190
7601,190
7602,190
7603,190
7604,190
7605,190
7606,190
7607,190
7608,190
7609,190
7610,190
7611,190
7612,190
7613,190
7614,190
7615,190
7616,190
7617,190
7618,190
7619,190
7620,190
7621,190
7622,190
7623,190
7624,190
7625,190
7626,190
7627,190
7628,190
7629,190
7630,190
7631,190
7632,190
7633,190
7634,190
7635,190
7636,190
7637,190
7638,190
7639,190
7640,190
7641,190
7642,190
7643,190
7644,190
7645,190
7646,190
7647,190
7648,190
7649,190
7650,190
7651,190
7652,190
7653,190
7654,190
7655,190
7656,190
7657,190
7658,190
7659,190
7660,190
7661,190
7662,190
7663,190
7664,190
7665,190
7666,190
7667,190
7668,190
7669,190
7670,190
7671,190
7672,190
7673,190
7674,190
7675,190
7676,190
7677,190
7678,190
7679,190
7680,190
7681,190
7682,190
7683,190
7684,190
7685,190
7686,190
7687,190
7688,190
7689,190
7690,190
7691,190
7692,190
7693,190
7694,190
7695,190
7696,190
7697,190
7698,190
7699,190
7700,190
7701,190
7702,190
7703,190
7704,190
7705,190
7706,190
7707,190
7708,190
7709,190
7710,190
7711,190
7712,190
7713,190
7714,190
7715,190
7716,190
7717,190
7718,190
7719,190
7720,190
7721,190
7722,190
7723,190
7724,190
7725,190
7726,190
7727,190
7728,190
7729,190
7730,190
7731,190
7732,190
7733,190
7734,190
7735,190
7736,190
7737,190
7738,190
7739,190
7740,190
7741,190
7742,190
7743,190
7744,190
7745,190
7746,190
7747,190
7748,190
7749,190
7750,190
7751,190
7752,190
7753,190
7754,190
7755,190
7756,190
7757,190
7758,190
7759,190
7760,190
7761,190
7762,190
7763,190
7764,190
7765,190
7766,190
7767,190
7768,190
7769,190
7770,190
7771,190
7772,190
7773,190
7774,190
7775,190
7776,190
7777,190
7778,190
7779,190
7780,190
7781,190
7782,190
7783,190
7784,190
7785,190
7786,190
7787,190
7788,190
7789,190
7790,190
7791,190
7792,190
7793,190
7794,190
7795,190
7796,190
7797,190
7798,190
7799,190
7800,190
7801,190
7802,190
7803,190
7804,190
7805,190
7806,190
7807,190
7808,190
7809,190
7810,190
7811,190
7812,190
7813,190
7814,190
7815,190
7816,190
7817,190
7818,190
7819,190
7820,190
7821,190
7822,190
7823,190
7824,190
7825,190
7826,190
7827,190
7828,190
7829,190
7830,190
7831,190
7832,190
7833,190
7834,190
7835,190
7836,190
7837,190
7838,190
7839,190
7840,190
7841,190
7842,190
7843,190
7844,190
7845,190
7846,190
7847,190
7848,190
7849,190
7850,190
7851,190
7852,190
7853,190
7854,190
7855,190
7856,190
7857,190
7858,190
7859,190
7860,190
7861,190
7862,190
7863,190
7864,190
7865,190
7866,190
7867,190
7868,190
7869,190
7870,190
7871,190
7872,190
7873,190
7874,190
7875,190
7876,190
7877,190
7878,190
7879,190
7880,190
7881,190
7882,190
7883,190
7884,190
7885,190
7886,190
7887,190
7888,190
7889,190
7890,190
7891,190
7892,190
7893,190
7894,190
7895,190
7896,190
7897,190
7898,190
7899,190
7900,190
7901,190
7902,190
7903,190
7904,190
7905,190
7906,190
7907,190
7908,190
7909,190
7910,190
7911,190
7912,190
7913,190
7914,190
7915,190
7916,190
7917,190
7918,190
7919,190
7920,190
7921,190
7922,190
7923,190
7924,190
7925,190
7926,190
7927,190
7928,190
7929,190
7930,190
7931,190
7932,190
7933,190
7934,190
7935,190
7936,190
7937,190
7938,190
7939,190
7940,190
7941,190
7942,190
7943,190
7944,190
7945,190
7946,190
7947,190
7948,190
7949,190
7950,190
7951,190
7952,190
7953,190
7954,190
7955,190
7956,190
7957,190
7958,190
7959,190
7960,190
7961,190
7962,190
7963,190
7964,190
7965,190
7966,190
7967,190
7968,190
7969,190
7970,190
7971,190
7972,190
7973,190
7974,190
7975,190
7976,190
7977,190
7978,190
7979,190
7980,190
7981,190
7982,190
7983,190
7984,190
7985,190
7986,190
7987,190
7988,190
7989,190
7990,190
7991,190
7992,190
7993,190
7994,190
7995,190
7996,190
7997,190
7998,190
7999,190
8000,190
8001,190
8002,190
8003,190
8004,190
8005,190
8006,190
8007,190
8008,190
8009,190
8010,190
8011,190
8012,190
8013,190
8014,190
8015,190
8016,190
8017,190
8018,190
8019,190
8020,190
8021,190
8022,190
8023,190
8024,190
8025,190
8026,190
8027,190
8028,190
8029,190
8030,190
8031,190
8032,190
8033,190
8034,190
8035,190
8036,190
8037,190
8038,190
8039,190
8040,190
8041,190
8042,190
8043,190
8044,190
8045,190
8046,190
8047,190
8048,190
8049,190
8050,190
8051,190
8052,190
8053,190
8054,190
8055,190
8056,190
8057,190
8058,190
8059,190
8060,190
8061,190
8062,190
8063,190
8064,190
8065,190
8066,190
8067,190
8068,190
8069,190
8070,190
8071,190
8072,190
8073,190
8074,190
8075,190
8076,190
8077,190
8078,190
8079,190
8080,190
8081,190
8082,190
8083,190
8084,190
8085,190
8086,190
8087,190
8088,190
8089,190
8090,190
8091,190
8092,190
8093,190
8094,190
8095,190
8096,190
8097,190
8098,190
8099,190
8100,190
8101,190
8102,190
8103,190
8104,190
8105,190
8106,190
8107,190
8108,190
8109,190
8110,190
8111,190
8112,190
8113,190
8114,190
8115,190
8116,190
8117,190
8118,190
8119,190
8120,190
8121,190
8122,190
8123,190
8124,190
8125,190
8126,190
8127,190
8128,190
8129,190
8130,190
8131,190
8132,190
8133,190
8134,190
8135,190
8136,190
8137,190
8138,190
8139,190
8140,190
8141,190
8142,190
8143,190
8144,190
8145,190
8146,190
8147,190
8148,190
8149,190
8150,190
8151,190
8152,190
8153,190
8154,190
8155,190
8156,190
8157,190
8158,190
8159,190
8160,190
8161,190
8162,190
8163,190
8164,190
8165,190
8166,190
8167,190
8168,190
8169,190
8170,190
8171,190
8172,190
8173,190
8174,190
8175,190
8176,190
8177,190
8178,190
8179,190
8180,190
8181,190
8182,190
8183,190
8184,190
8185,190
8186,190
8187,190
8188,190
8189,190
8190,190
8191,190
8192,190
8193,190
8194,190
8195,190
8196,190
8197,190
8198,190
8199,190
8200,190
8201,190
8202,190
8203,190
8204,190
8205,190
8206,190
8207,190
8208,190
8209,190
8210,190
8211,190
8212,190
8213,190
8214,190
8215,190
8216,190
8217,190
8218,190
8219,190
8220,190
8221,190
8222,190
8223,190
8224,190
8225,190
8226,190
8227,190
8228,190
8229,190
8230,190
8231,190
8232,190
8233,190
8234,190
8235,190
8236,190
8237,190
8238,190
8239,190
8240,190
8241,190
8242,190
8243,190
8244,190
8245,190
8246,190
8247,190
8248,190
8249,190
8250,190
8251,190
8252,190
8253,190
8254,190
8255,190
8256,190
8257,190
8258,190
8259,190
8260,190
8261,190
8262,190
8263,190
8264,190
8265,190
8266,190
8267,190
8268,190
8269,190
8270,190
8271,190
8272,190
8273,190
8274,190
8275,190
8276,190
8277,190
8278,190
8279,190
8280,190
8281,190
8282,190
8283,190
8284,190
8285,190
8286,190
8287,190
8288,190
8289,190
8290,190
8291,190
8292,190
8293,190
8294,190
8295,190
8296,190
8297,190
8298,190
8299,190
8300,190
8301,190
8302,190
8303,190
8304,190
8305,190
8306,190
8307,190
8308,190
8309,190
8310,190
8311,190
8312,190
8313,190
8314,190
8315,190
8316,190
8317,190
8318,190
8319,190
8320,190
8321,190
8322,190
8323,190
8324,190
8325,190
8326,190
8327,190
8328,190
8329,190
8330,190
8331,190
8332,190
8333,190
8334,190
8335,190
8336,190
8337,190
8338,190
8339,190
8340,190
8341,190
8342,190
8343,190
8344,190
8345,190
8346,190
8347,190
8348,190
8349,190
8350,190
8351,190
8352,190
8353,190
8354,190
8355,190
8356,190
8357,190
8358,190
8359,190
8360,190
8361,190
8362,190
8363,190
8364,190
8365,190
8366,190
8367,190
8368,190
8369,190
8370,190
8371,190
8372,190
8373,190
8374,190
8375,190
8376,190
8377,190
8378,190
8379,190
8380,190
8381,190
8382,190
8383,190
8384,190
8385,190
8386,190
8387,190
8388,190
8389,190
8390,190
8391,190
8392,190
8393,190
8394,190
8395,190
8396,190
8397,190
8398,190
8399,190
8400,190
8401,190
8402,190
8403,190
8404,190
8405,190
8406,190
8407,190
8408,190
8409,190
8410,190
8411,190
8412,190
8413,190
8414,190
8415,190
8416,190
8417,190
8418,190
8419,190
8420,190
8421,190
8422,190
8423,190
8424,190
8425,190
8426,190
8427,190
8428,190
8429,190
8430,190
8431,190
8432,190
8433,190
8434,190
8435,190
8436,190
8437,190
8438,190
8439,190
8440,190
8441,190
8442,190
8443,190
8444,190
8445,190
8446,190
8447,190
8448,190
8449,190
8450,190
8451,190
8452,190
8453,190
8454,190
8455,190
8456,190
8457,190
8458,190
8459,190
8460,190
8461,190
8462,190
8463,190
8464,190
8465,190
8466,190
8467,190
8468,190
8469,190
8470,190
8471,190
8472,190
8473,190
8474,190
8475,190
8476,190
8477,190
8478,190
8479,190
8480,190
8481,190
8482,190
8483,190
8484,190
8485,190
8486,190
8487,190
8488,190
8489,190
8490,190
8491,190
8492,190
8493,190
8494,190
8495,190
8496,190
8497,190
8498,190
8499,190
8500,190
8501,190
8502,190
8503,190
8504,190
8505,190
8506,190
8507,190
8508,190
8509,190
8510,190
8511,190
8512,190
8513,190
8514,190
8515,190
8516,190
8517,190
8518,190
8519,190
8520,190
8521,190
8522,190
8523,190
8524,190
8525,190
8526,190
8527,190
8528,190
8529,190
8530,190
8531,190
8532,190
8533,190
8534,190
8535,190
8536,190
8537,190
8538,190
8539,190
8540,190
8541,190
8542,190
8543,190
8544,190
8545,190
8546,190
8547,190
8548,190
8549,190
8550,190
8551,190
8552,190
8553,190
8554,190
8555,190
8556,190
8557,190
8558,190
8559,190
8560,190
8561,190
8562,190
8563,190
8564,190
8565,190
8566,190
8567,190
8568,190
8569,190
8570,190
8571,190
8572,190
8573,190
8574,190
8575,190
8576,190
8577,190
8578,190
8579,190
8580,190
8581,190
8582,190
8583,190
8584,190
8585,190
8586,190
8587,190
8588,190
8589,190
8590,190
8591,190
8592,190
8593,190
8594,190
8595,190
8596,190
8597,190
8598,190
8599,190
8600,190
8601,190
8602,190
8603,190
8604,190
8605,190
8606,190
8607,190
8608,190
8609,190
8610,190
8611,190
8612,190
8613,190
8614,190
8615,190
8616,190
8617,190
8618,190
8619,190
8620,190
8621,190
8622,190
8623,190
8624,190
8625,190
8626,190
8627,190
8628,190
8629,190
8630,190
8631,190
8632,190
8633,190
8634,190
8635,190
8636,190
8637,190
8638,190
8639,190
8640,190
8641,190
8642,190
8643,190
8644,190
8645,190
8646,190
8647,190
8648,190
8649,190
8650,190
8651,190
8652,190
8653,190
8654,190
8655,190
8656,190
8657,190
8658,190
8659,190
8660,190
8661,190
8662,190
8663,190
8664,190
8665,190
8666,190
8667,190
8668,190
8669,190
8670,190
8671,190
8672,190
8673,190
8674,190
8675,190
8676,190
8677,190
8678,190
8679,190
8680,190
8681,190
8682,190
8683,190
8684,190
8685,190
8686,190
8687,190
8688,190
8689,190
8690,190
8691,190
8692,190
8693,190
8694,189
8695,189
8696,189
8697,189
8698,189
8699,189
8700,189
8701,189
8702,189
8703,189
8704,189
8705,189
8706,189
8707,189
8708,189
8709,189
8710,189
8711,189
8712,189
8713,189
8714,189
8715,189
8716,189
8717,189
8718,189
8719,189
8720,189
8721,189
8722,189
8723,189
8724,189
8725,189
8726,189
8727,189
8728,189
8729,189
8730,189
8731,189
8732,189
8733,189
8734,189
8735,189
8736,189
8737,189
8738,189
8739,189
8740,189
8741,189
8742,189
8743,189
8744,189
8745,189
8746,189
8747,189
8748,189
8749,189
8750,189
8751,189
8752,189
8753,189
8754,189
8755,189
8756,189
8757,189
8758,189
8759,189
8760,189
8761,189
8762,189
8763,189
8764,189
8765,189
8766,189
8767,189
8768,189
8769,189
8770,189
8771,189
8772,189
8773,189
8774,189
8775,189
8776,189
8777,189
8778,189
8779,189
8780,189
8781,189
8782,189
8783,189
8784,189
8785,189
8786,189
8787,189
8788,189
8789,189
8790,189
8791,189
8792,189
8793,189
8794,189
8795,189
8796,189
8797,189
8798,189
8799,189
8800,189
8801,189
8802,189
8803,189
8804,189
8805,189
8806,189
8807,189
8808,189
8809,189
8810,189
8811,189
8812,189
8813,189
8814,189
8815,189
8816,189
8817,189
8818,189
8819,189
8820,189
8821,189
8822,189
8823,189
8824,189
8825,189
8826,189
8827,189
8828,189
8829,189
8830,189
8831,189
8832,189
8833,189
8834,189
8835,189
8836,189
8837,189
8838,189
8839,189
8840,189
8841,189
8842,189
8843,189
8844,189
8845,189
8846,189
8847,189
8848,189
8849,189
8850,189
8851,189
8852,189
8853,189
8854,189
8855,189
8856,189
8857,189
8858,189
8859,189
8860,189
8861,189
8862,189
8863,189
8864,189
8865,189
8866,189
8867,189
8868,189
8869,189
8870,189
8871,189
8872,189
8873,189
8874,189
8875,189
8876,189
8877,189
8878,189
8879,189
8880,189
8881,189
8882,189
8883,189
8884,189
8885,189
8886,189
8887,189
8888,189
8889,189
8890,189
8891,189
8892,189
8893,189
8894,189
8895,189
8896,189
8897,189
8898,189
8899,189
8900,189
8901,189
8902,189
8903,189
8904,189
8905,189
8906,189
8907,189
8908,189
8909,189
8910,189
8911,189
8912,189
8913,189
8914,189
8915,189
8916,189
8917,189
8918,189
8919,189
8920,189
8921,189
8922,189
8923,189
8924,189
8925,189
8926,189
8927,189
8928,189
8929,189
8930,189
8931,189
8932,189
8933,189
8934,189
8935,189
8936,189
8937,189
8938,189
8939,189
8940,189
8941,188
8942,188
8943,188
8944,188
8945,188
8946,188
8947,188
8948,188
8949,188
8950,188
8951,188
8952,188
8953,188
8954,188
8955,188
8956,188
8957,188
8958,188
8959,188
8960,188
8961,188
8962,188
8963,188
8964,188
8965,188
8966,188
8967,188
8968,188
8969,188
8970,188
8971,188
8972,188
8973,188
8974,188
8975,188
8976,188
8977,188
8978,188
8979,188
8980,188
8981,188
8982,188
8983,188
8984,188
8985,188
8986,188
8987,188
8988,188
8989,188
8990,188
8991,188
8992,188
8993,188
8994,188
8995,188
8996,188
8997,188
8998,188
8999,188
9000,188
9001,188
9002,188
9003,188
9004,188
9005,188
9006,188
9007,188
9008,188
9009,188
9010,188
9011,188
9012,188
9013,188
9014,188
9015,188
9016,188
9017,188
9018,188
9019,188
9020,188
9021,188
9022,188
9023,188
9024,188
9025,188
9026,188
9027,188
9028,188
9029,188
9030,188
9031,188
9032,188
9033,188
9034,188
9035,188
9036,188
9037,188
9038,188
9039,188
9040,188
9041,188
9042,188
9043,188
9044,188
9045,188
9046,188
9047,188
9048,188
9049,188
9050,188
9051,188
9052,188
9053,188
9054,188
9055,188
9056,188
9057,188
9058,188
9059,188
9060,188
9061,188
9062,188
9063,188
9064,188
9065,188
9066,188
9067,188
9068,188
9069,188
9070,188
9071,188
9072,188
9073,188
9074,188
9075,188
9076,188
9077,188
9078,188
9079,188
9080,188
9081,188
9082,188
9083,188
9084,188
9085,188
9086,188
9087,188
9088,188
9089,188
9090,188
9091,188
9092,188
9093,188
9094,188
9095,188
9096,188
9097,188
9098,188
9099,188
9100,188
9101,188
9102,188
9103,188
9104,188
9105,188
9106,188
9107,188
9108,188
9109,188
9110,188
9111,188
9112,188
9113,188
9114,188
9115,188
9116,188
9117,188
9118,188
9119,188
9120,188
9121,188
9122,188
9123,188
9124,188
9125,188
9126,188
9127,188
9128,188
9129,188
9130,188
9131,188
9132,188
9133,188
9134,188
9135,188
9136,188
9137,188
9138,188
9139,188
9140,188
9141,188
9142,188
9143,188
9144,188
9145,188
9146,188
9147,188
9148,188
9149,188
9150,188
9151,188
9152,188
9153,188
9154,188
9155,188
9156,188
9157,188
9158,188
9159,188
9160,188
9161,188
9162,188
9163,188
9164,188
9165,188
9166,188
9167,188
9168,188
9169,188
9170,188
9171,188
9172,188
9173,188
9174,188
9175,188
9176,188
9177,188
9178,188
9179,188
9180,188
9181,188
9182,188
9183,188
9184,188
9185,188
9186,188
9187,188
9188,188
9189,188
9190,188
9191,188
9192,188
9193,188
9194,188
9195,188
9196,188
9197,188
9198,188
9199,188
9200,188
9201,188
9202,188
9203,188
9204,188
9205,188
9206,188
9207,188
9208,188
9209,188
9210,188
9211,188
9212,188
9213,188
9214,188
9215,188
9216,188
9217,188
9218,188
9219,188
9220,188
9221,188
9222,188
9223,188
9224,188
9225,188
9226,188
9227,188
9228,188
9229,188
9230,188
9231,188
9232,188
9233,188
9234,188
9235,188
9236,188
9237,188
9238,188
9239,188
9240,188
9241,188
9242,188
9243,188
9244,188
9245,188
9246,188
9247,188
9248,188
9249,188
9250,188
9251,188
9252,188
9253,188
9254,188
9255,188
9256,188
9257,188
9258,188
9259,188
9260,188
9261,188
9262,188
9263,188
9264,188
9265,188
9266,188
9267,188
9268,188
9269,188
9270,188
9271,188
9272,188
9273,188
9274,188
9275,188
9276,188
9277,188
9278,188
9279,188
9280,188
9281,188
9282,188
9283,188
9284,188
9285,188
9286,188
9287,188
9288,188
9289,188
9290,188
9291,188
9292,188
9293,188
9294,188
9295,188
9296,188
9297,188
9298,188
9299,188
9300,188
9301,188
9302,188
9303,188
9304,188
9305,188
9306,188
9307,188
9308,188
9309,188
9310,188
9311,188
9312,188
9313,188
9314,188
9315,188
9316,188
9317,188
9318,188
9319,188
9320,188
9321,188
9322,188
9323,188
9324,188
9325,188
9326,188
9327,188
9328,188
9329,188
9330,188
9331,188
9332,188
9333,188
9334,188
9335,188
9336,188
9337,188
9338,188
9339,188
9340,188
9341,188
9342,188
9343,188
9344,188
9345,188
9346,188
9347,188
9348,188
9349,188
9350,188
9351,188
9352,188
9353,188
9354,188
9355,188
9356,188
9357,188
9358,188
9359,188
9360,188
9361,188
9362,188
9363,188
9364,188
9365,188
9366,188
9367,188
9368,188
9369,188
9370,188
9371,188
9372,188
9373,188
9374,188
9375,188
9376,188
9377,188
9378,188
9379,188
9380,188
9381,188
9382,188
9383,188
9384,188
9385,188
9386,188
9387,188
9388,188
9389,188
9390,188
9391,188
9392,188
9393,188
9394,188
9395,188
9396,188
9397,188
9398,188
9399,188
9400,188
9401,188
9402,188
9403,188
9404,188
9405,188
9406,188
9407,188
9408,188
9409,188
9410,188
9411,188
9412,188
9413,188
9414,188
9415,188
9416,188
9417,188
9418,188
9419,188
9420,188
9421,188
9422,188
9423,188
9424,188
9425,188
9426,188
9427,188
9428,188
9429,188
9430,188
9431,188
9432,188
9433,188
9434,188
9435,188
9436,188
9437,188
9438,188
9439,188
9440,188
9441,188
9442,188
9443,188
9444,188
9445,188
9446,188
9447,188
9448,188
9449,188
9450,188
9451,188
9452,188
9453,188
9454,188
9455,188
9456,188
9457,188
9458,188
9459,188
9460,188
9461,188
9462,188
9463,188
9464,188
9465,188
9466,188
9467,188
9468,188
9469,188
9470,188
9471,188
9472,188
9473,188
9474,188
9475,188
9476,188
9477,188
9478,188
9479,188
9480,188
9481,188
9482,188
9483,188
9484,188
9485,188
9486,188
9487,188
9488,188
9489,188
9490,188
9491,188
9492,188
9493,188
9494,188
9495,188
9496,188
9497,188
9498,188
9499,188
9500,188
9501,188
9502,188
9503,188
9504,188
9505,188
9506,188
9507,188
9508,188
9509,188
9510,188
9511,188
9512,188
9513,188
9514,188
9515,188
9516,188
9517,188
9518,188
9519,188
9520,188
9521,188
9522,188
9523,188
9524,188
9525,188
9526,188
9527,188
9528,188
9529,188
9530,188
9531,188
9532,188
9533,188
9534,188
9535,188
9536,188
9537,188
9538,188
9539,188
9540,188
9541,188
9542,188
9543,188
9544,188
9545,188
9546,188
9547,188
9548,188
9549,188
9550,188
9551,188
9552,188
9553,188
9554,188
9555,188
9556,188
9557,188
9558,188
9559,188
9560,188
9561,188
9562,188
9563,188
9564,188
9565,188
9566,188
9567,188
9568,188
9569,188
9570,188
9571,188
9572,188
9573,188
9574,188
9575,188
9576,188
9577,188
9578,188
9579,188
9580,188
9581,188
9582,188
9583,188
9584,188
9585,188
9586,188
9587,188
9588,188
9589,188
9590,188
9591,188
9592,188
9593,188
9594,188
9595,188
9596,188
9597,188
9598,188
9599,188
9600,188
9601,188
9602,188
9603,188
9604,188
9605,188
9606,188
9607,188
9608,188
9609,188
9610,188
9611,188
9612,188
9613,188
9614,188
9615,188
9616,188
9617,188
9618,188
9619,188
9620,188
9621,188
9622,188
9623,188
9624,188
9625,188
9626,188
9627,188
9628,188
9629,188
9630,188
9631,188
9632,188
9633,188
9634,188
9635,188
9636,188
9637,188
9638,188
9639,188
9640,188
9641,188
9642,188
9643,188
9644,188
9645,188
9646,188
9647,188
9648,188
9649,188
9650,188
9651,188
9652,188
9653,188
9654,188
9655,188
9656,188
9657,188
9658,188
9659,188
9660,188
9661,188
9662,188
9663,188
9664,188
9665,188
9666,188
9667,188
9668,188
9669,188
9670,188
9671,188
9672,188
9673,188
9674,188
9675,188
9676,188
9677,188
9678,188
9679,188
9680,188
9681,188
9682,188
9683,188
9684,188
9685,188
9686,188
9687,188
9688,188
9689,188
9690,188
9691,188
9692,188
9693,188
9694,188
9695,188
9696,188
9697,188
9698,188
9699,188
9700,188
9701,188
9702,188
9703,188
9704,188
9705,188
9706,188
9707,188
9708,188
9709,188
9710,188
9711,188
9712,188
9713,188
9714,188
9715,188
9716,188
9717,188
9718,188
9719,188
9720,188
9721,188
9722,188
9723,188
9724,188
9725,188
9726,188
9727,188
9728,188
9729,188
9730,188
9731,188
9732,188
9733,188
9734,188
9735,188
9736,188
9737,188
9738,188
9739,188
9740,188
9741,188
9742,188
9743,188
9744,188
9745,188
9746,188
9747,188
9748,188
9749,188
9750,188
9751,188
9752,188
9753,188
9754,188
9755,188
9756,188
9757,188
9758,188
9759,188
9760,188
9761,188
9762,188
9763,188
9764,188
9765,188
9766,188
9767,188
9768,188
9769,188
9770,188
9771,188
9772,188
9773,188
9774,188
9775,188
9776,188
9777,187
9778,187
9779,187
9780,187
9781,187
9782,187
9783,187
9784,187
9785,187
9786,187
9787,187
9788,187
9789,187
9790,187
9791,187
9792,187
9793,187
9794,187
9795,187
9796,187
9797,187
9798,187
9799,187
9800,187
9801,187
9802,187
9803,187
9804,187
9805,187
9806,187
9807,187
9808,187
9809,187
9810,187
9811,187
9812,187
9813,187
9814,187
9815,187
9816,187
9817,187
9818,187
9819,187
9820,187
9821,187
9822,187
9823,187
9824,187
9825,187
9826,187
9827,187
9828,187
9829,187
9830,187
9831,187
9832,187
9833,187
9834,187
9835,187
9836,187
9837,187
9838,187
9839,187
9840,187
9841,187
9842,187
9843,187
9844,187
9845,187
9846,187
9847,187
9848,187
9849,187
9850,187
9851,187
9852,187
9853,187
9854,187
9855,187
9856,187
9857,187
9858,187
9859,187
9860,187
9861,187
9862,187
9863,187
9864,187
9865,187
9866,187
9867,187
9868,187
9869,187
9870,187
9871,187
9872,187
9873,187
9874,187
9875,187
9876,187
9877,187
9878,187
9879,187
9880,187
9881,187
9882,187
9883,187
9884,187
9885,187
9886,187
9887,187
9888,187
9889,187
9890,187
9891,187
9892,187
9893,187
9894,187
9895,187
9896,187
9897,187
9898,187
9899,187
9900,187
9901,187
9902,187
9903,187
9904,187
9905,187
9906,187
9907,187
9908,187
9909,187
9910,187
9911,187
9912,187
9913,187
9914,187
9915,187
9916,187
9917,187
9918,187
9919,187
9920,187
9921,187
9922,187
9923,187
9924,187
9925,187
9926,187
9927,187
9928,187
9929,187
9930,187
9931,187
9932,187
9933,187
9934,187
9935,187
9936,187
9937,187
9938,187
9939,187
9940,187
9941,187
9942,187
9943,187
9944,187
9945,187
9946,187
9947,187
9948,187
9949,187
9950,187
9951,187
9952,187
9953,187
9954,187
9955,187
9956,187
9957,187
9958,187
9959,187
9960,187
9961,187
9962,187
9963,187
9964,187
9965,187
9966,187
9967,187
9968,187
9969,187
9970,187
9971,187
9972,187
9973,187
9974,187
9975,187
9976,187
9977,187
9978,187
9979,187
9980,187
9981,187
9982,187
9983,187
9984,187
9985,187
9986,187
9987,187
9988,187
9989,187
9990,187
9991,187
9992,187
9993,187
9994,187
9995,187
9996,187
9997,187
9998,187
9999,187
