,pso
0,300
1,300
2,300
3,300
4,300
5,300
6,300
7,300
8,300
9,300
10,300
11,300
12,300
13,300
14,300
15,300
16,300
17,300
18,300
19,300
20,300
21,300
22,300
23,300
24,300
25,300
26,300
27,300
28,300
29,300
30,300
31,300
32,300
33,300
34,300
35,300
36,300
37,300
38,300
39,300
40,300
41,300
42,300
43,300
44,300
45,300
46,300
47,300
48,300
49,300
50,300
51,300
52,300
53,300
54,300
55,300
56,300
57,300
58,300
59,300
60,300
61,300
62,300
63,300
64,300
65,300
66,300
67,300
68,300
69,300
70,300
71,300
72,300
73,300
74,300
75,300
76,300
77,300
78,300
79,300
80,300
81,300
82,300
83,300
84,300
85,300
86,300
87,300
88,300
89,300
90,300
91,300
92,300
93,300
94,300
95,300
96,300
97,300
98,300
99,300
100,300
101,300
102,300
103,300
104,300
105,300
106,300
107,300
108,300
109,300
110,300
111,300
112,300
113,300
114,300
115,300
116,300
117,300
118,300
119,300
120,300
121,300
122,300
123,300
124,300
125,300
126,300
127,300
128,300
129,300
130,300
131,300
132,300
133,300
134,300
135,300
136,300
137,300
138,300
139,300
140,300
141,300
142,300
143,300
144,300
145,300
146,300
147,300
148,300
149,300
150,300
151,300
152,300
153,300
154,300
155,300
156,300
157,300
158,300
159,300
160,300
161,300
162,300
163,300
164,300
165,300
166,300
167,300
168,300
169,300
170,300
171,300
172,300
173,300
174,300
175,300
176,300
177,300
178,300
179,300
180,300
181,300
182,300
183,300
184,300
185,300
186,300
187,300
188,300
189,300
190,300
191,300
192,300
193,300
194,300
195,300
196,300
197,300
198,300
199,300
200,300
201,300
202,300
203,300
204,300
205,300
206,300
207,300
208,300
209,300
210,300
211,300
212,300
213,300
214,300
215,300
216,300
217,300
218,300
219,300
220,300
221,300
222,300
223,300
224,300
225,300
226,300
227,300
228,300
229,300
230,300
231,300
232,300
233,300
234,300
235,300
236,300
237,300
238,300
239,300
240,300
241,300
242,300
243,300
244,300
245,300
246,300
247,300
248,300
249,300
250,300
251,300
252,300
253,300
254,300
255,300
256,300
257,300
258,300
259,300
260,300
261,300
262,300
263,300
264,300
265,300
266,300
267,300
268,300
269,300
270,300
271,300
272,300
273,300
274,300
275,300
276,300
277,300
278,300
279,300
280,300
281,300
282,300
283,300
284,300
285,300
286,300
287,300
288,300
289,300
290,300
291,300
292,300
293,300
294,300
295,300
296,300
297,300
298,300
299,300
300,300
301,300
302,300
303,300
304,300
305,300
306,300
307,300
308,300
309,300
310,300
311,300
312,300
313,300
314,300
315,300
316,300
317,300
318,300
319,300
320,300
321,300
322,300
323,300
324,300
325,300
326,300
327,300
328,300
329,300
330,300
331,300
332,300
333,300
334,300
335,300
336,300
337,300
338,300
339,300
340,300
341,300
342,300
343,300
344,300
345,300
346,300
347,300
348,300
349,300
350,300
351,300
352,300
353,300
354,300
355,300
356,300
357,300
358,300
359,300
360,300
361,300
362,300
363,300
364,300
365,300
366,300
367,300
368,300
369,300
370,300
371,300
372,300
373,300
374,300
375,300
376,300
377,300
378,300
379,300
380,300
381,300
382,300
383,300
384,300
385,300
386,300
387,300
388,300
389,300
390,300
391,300
392,300
393,300
394,300
395,300
396,300
397,300
398,300
399,300
400,300
401,300
402,300
403,300
404,300
405,300
406,300
407,300
408,300
409,300
410,300
411,300
412,300
413,300
414,300
415,300
416,300
417,300
418,300
419,300
420,300
421,300
422,300
423,300
424,300
425,300
426,300
427,300
428,300
429,300
430,300
431,300
432,300
433,300
434,300
435,300
436,300
437,300
438,300
439,300
440,300
441,300
442,300
443,300
444,300
445,300
446,300
447,300
448,300
449,300
450,300
451,300
452,300
453,300
454,300
455,300
456,300
457,300
458,300
459,300
460,300
461,300
462,300
463,300
464,300
465,300
466,300
467,300
468,300
469,300
470,300
471,300
472,300
473,300
474,300
475,300
476,300
477,300
478,300
479,300
480,300
481,300
482,300
483,300
484,300
485,300
486,300
487,300
488,300
489,300
490,300
491,300
492,300
493,300
494,300
495,300
496,300
497,300
498,300
499,300
500,300
501,300
502,300
503,300
504,300
505,300
506,300
507,300
508,300
509,300
510,300
511,300
512,300
513,300
514,300
515,300
516,300
517,300
518,300
519,300
520,300
521,300
522,300
523,300
524,300
525,300
526,300
527,300
528,300
529,300
530,300
531,300
532,300
533,300
534,300
535,300
536,300
537,300
538,300
539,300
540,300
541,300
542,300
543,300
544,300
545,300
546,300
547,300
548,300
549,300
550,300
551,300
552,300
553,300
554,300
555,300
556,300
557,300
558,300
559,300
560,300
561,300
562,300
563,300
564,300
565,300
566,300
567,300
568,300
569,300
570,300
571,300
572,300
573,300
574,300
575,300
576,300
577,300
578,300
579,300
580,300
581,300
582,300
583,300
584,300
585,300
586,300
587,300
588,300
589,300
590,300
591,300
592,300
593,300
594,300
595,300
596,300
597,300
598,300
599,300
600,300
601,300
602,300
603,300
604,300
605,300
606,300
607,300
608,300
609,300
610,300
611,300
612,300
613,300
614,300
615,300
616,300
617,300
618,300
619,300
620,300
621,300
622,300
623,300
624,300
625,300
626,300
627,300
628,300
629,300
630,300
631,300
632,300
633,300
634,300
635,300
636,300
637,300
638,300
639,300
640,300
641,300
642,300
643,300
644,300
645,300
646,300
647,300
648,300
649,300
650,300
651,300
652,300
653,300
654,300
655,300
656,300
657,300
658,300
659,300
660,300
661,300
662,300
663,300
664,300
665,300
666,300
667,300
668,300
669,300
670,300
671,300
672,300
673,300
674,300
675,300
676,300
677,300
678,300
679,300
680,300
681,300
682,300
683,300
684,300
685,300
686,300
687,300
688,300
689,300
690,300
691,300
692,300
693,300
694,300
695,300
696,300
697,300
698,300
699,300
700,300
701,300
702,300
703,300
704,300
705,300
706,300
707,300
708,300
709,300
710,300
711,300
712,300
713,300
714,300
715,300
716,300
717,300
718,300
719,300
720,300
721,300
722,300
723,300
724,300
725,300
726,300
727,300
728,300
729,300
730,300
731,300
732,300
733,300
734,300
735,300
736,300
737,300
738,300
739,300
740,300
741,300
742,300
743,300
744,300
745,300
746,300
747,300
748,300
749,300
750,300
751,300
752,300
753,300
754,300
755,300
756,300
757,300
758,300
759,300
760,300
761,300
762,300
763,300
764,300
765,300
766,300
767,300
768,300
769,300
770,300
771,300
772,300
773,300
774,300
775,300
776,300
777,300
778,300
779,300
780,300
781,300
782,300
783,300
784,300
785,300
786,300
787,300
788,300
789,300
790,300
791,300
792,300
793,300
794,300
795,300
796,300
797,300
798,300
799,300
800,300
801,300
802,300
803,300
804,300
805,300
806,300
807,300
808,300
809,300
810,300
811,300
812,300
813,300
814,300
815,300
816,300
817,300
818,300
819,300
820,300
821,300
822,300
823,300
824,300
825,300
826,300
827,300
828,300
829,300
830,300
831,300
832,300
833,300
834,300
835,300
836,300
837,300
838,300
839,300
840,300
841,300
842,300
843,300
844,300
845,300
846,300
847,300
848,300
849,300
850,300
851,300
852,300
853,300
854,300
855,300
856,300
857,300
858,300
859,300
860,300
861,300
862,300
863,300
864,300
865,300
866,300
867,300
868,300
869,300
870,300
871,300
872,300
873,300
874,300
875,300
876,300
877,300
878,300
879,300
880,300
881,300
882,300
883,300
884,300
885,300
886,300
887,300
888,300
889,300
890,300
891,300
892,300
893,300
894,300
895,300
896,300
897,300
898,300
899,300
900,300
901,300
902,300
903,300
904,300
905,300
906,300
907,300
908,300
909,300
910,300
911,300
912,300
913,300
914,300
915,300
916,300
917,300
918,300
919,300
920,300
921,300
922,300
923,300
924,300
925,300
926,300
927,300
928,300
929,300
930,300
931,300
932,300
933,300
934,300
935,300
936,300
937,300
938,300
939,300
940,300
941,300
942,300
943,300
944,300
945,300
946,300
947,300
948,300
949,300
950,300
951,300
952,300
953,300
954,300
955,300
956,300
957,300
958,300
959,300
960,300
961,300
962,300
963,300
964,300
965,300
966,300
967,300
968,300
969,300
970,300
971,300
972,300
973,300
974,300
975,300
976,300
977,300
978,300
979,300
980,300
981,300
982,300
983,300
984,300
985,300
986,300
987,300
988,300
989,300
990,300
991,300
992,300
993,300
994,300
995,300
996,300
997,300
998,300
999,300
1000,300
1001,300
1002,300
1003,300
1004,300
1005,300
1006,300
1007,300
1008,300
1009,300
1010,300
1011,300
1012,300
1013,300
1014,300
1015,300
1016,300
1017,300
1018,300
1019,300
1020,300
1021,300
1022,300
1023,300
1024,300
1025,300
1026,300
1027,300
1028,300
1029,300
1030,300
1031,300
1032,300
1033,300
1034,300
1035,300
1036,300
1037,300
1038,300
1039,300
1040,300
1041,300
1042,300
1043,300
1044,300
1045,300
1046,300
1047,300
1048,300
1049,300
1050,300
1051,300
1052,300
1053,300
1054,300
1055,300
1056,300
1057,300
1058,300
1059,300
1060,300
1061,300
1062,300
1063,300
1064,300
1065,300
1066,300
1067,300
1068,300
1069,300
1070,300
1071,300
1072,300
1073,300
1074,300
1075,300
1076,300
1077,300
1078,300
1079,300
1080,300
1081,300
1082,300
1083,300
1084,300
1085,300
1086,300
1087,300
1088,300
1089,300
1090,300
1091,300
1092,300
1093,300
1094,300
1095,300
1096,300
1097,300
1098,300
1099,300
1100,300
1101,300
1102,300
1103,300
1104,300
1105,300
1106,300
1107,300
1108,300
1109,300
1110,300
1111,300
1112,300
1113,300
1114,300
1115,300
1116,300
1117,300
1118,300
1119,300
1120,300
1121,300
1122,300
1123,300
1124,300
1125,300
1126,300
1127,300
1128,300
1129,300
1130,300
1131,300
1132,300
1133,300
1134,300
1135,300
1136,300
1137,300
1138,300
1139,300
1140,300
1141,300
1142,300
1143,300
1144,300
1145,300
1146,300
1147,300
1148,300
1149,300
1150,300
1151,300
1152,300
1153,300
1154,300
1155,300
1156,300
1157,300
1158,300
1159,300
1160,300
1161,300
1162,300
1163,300
1164,300
1165,300
1166,300
1167,300
1168,300
1169,300
1170,300
1171,300
1172,300
1173,300
1174,300
1175,300
1176,300
1177,300
1178,300
1179,300
1180,300
1181,300
1182,300
1183,300
1184,300
1185,300
1186,300
1187,300
1188,300
1189,300
1190,300
1191,300
1192,300
1193,300
1194,300
1195,300
1196,300
1197,300
1198,300
1199,300
1200,300
1201,300
1202,300
1203,300
1204,300
1205,300
1206,300
1207,300
1208,300
1209,300
1210,300
1211,300
1212,300
1213,300
1214,300
1215,300
1216,300
1217,300
1218,300
1219,300
1220,300
1221,300
1222,300
1223,300
1224,300
1225,300
1226,300
1227,300
1228,300
1229,300
1230,300
1231,300
1232,300
1233,300
1234,300
1235,300
1236,300
1237,300
1238,300
1239,300
1240,300
1241,300
1242,300
1243,300
1244,300
1245,300
1246,300
1247,300
1248,300
1249,300
1250,300
1251,300
1252,300
1253,300
1254,300
1255,300
1256,300
1257,300
1258,300
1259,300
1260,300
1261,300
1262,300
1263,300
1264,300
1265,300
1266,300
1267,300
1268,300
1269,300
1270,300
1271,300
1272,300
1273,300
1274,300
1275,300
1276,300
1277,300
1278,300
1279,300
1280,300
1281,300
1282,300
1283,300
1284,300
1285,300
1286,300
1287,300
1288,300
1289,300
1290,300
1291,300
1292,300
1293,300
1294,300
1295,300
1296,300
1297,300
1298,300
1299,300
1300,300
1301,300
1302,300
1303,300
1304,300
1305,300
1306,300
1307,300
1308,300
1309,300
1310,300
1311,300
1312,300
1313,300
1314,300
1315,300
1316,300
1317,300
1318,300
1319,300
1320,300
1321,300
1322,300
1323,300
1324,300
1325,300
1326,300
1327,300
1328,300
1329,300
1330,300
1331,300
1332,300
1333,300
1334,300
1335,300
1336,300
1337,299
1338,299
1339,299
1340,299
1341,299
1342,299
1343,299
1344,299
1345,299
1346,299
1347,299
1348,299
1349,299
1350,299
1351,299
1352,299
1353,299
1354,299
1355,299
1356,299
1357,299
1358,299
1359,299
1360,299
1361,299
1362,299
1363,299
1364,299
1365,299
1366,299
1367,299
1368,299
1369,299
1370,299
1371,299
1372,299
1373,299
1374,299
1375,299
1376,299
1377,299
1378,299
1379,299
1380,299
1381,299
1382,299
1383,299
1384,299
1385,299
1386,299
1387,299
1388,299
1389,299
1390,299
1391,299
1392,299
1393,299
1394,299
1395,299
1396,299
1397,299
1398,299
1399,299
1400,299
1401,299
1402,299
1403,299
1404,299
1405,299
1406,299
1407,299
1408,299
1409,299
1410,299
1411,299
1412,299
1413,299
1414,299
1415,299
1416,299
1417,299
1418,299
1419,299
1420,298
1421,298
1422,298
1423,298
1424,298
1425,298
1426,298
1427,298
1428,298
1429,298
1430,298
1431,298
1432,298
1433,298
1434,298
1435,298
1436,298
1437,298
1438,298
1439,298
1440,298
1441,298
1442,298
1443,298
1444,298
1445,298
1446,298
1447,298
1448,298
1449,298
1450,298
1451,298
1452,298
1453,298
1454,298
1455,298
1456,298
1457,298
1458,298
1459,298
1460,298
1461,298
1462,298
1463,298
1464,298
1465,298
1466,298
1467,298
1468,298
1469,298
1470,298
1471,298
1472,298
1473,298
1474,298
1475,298
1476,298
1477,298
1478,298
1479,298
1480,298
1481,298
1482,298
1483,298
1484,298
1485,298
1486,298
1487,298
1488,298
1489,298
1490,298
1491,298
1492,298
1493,298
1494,298
1495,298
1496,298
1497,298
1498,298
1499,298
1500,298
1501,298
1502,298
1503,298
1504,298
1505,298
1506,298
1507,298
1508,298
1509,298
1510,298
1511,298
1512,298
1513,298
1514,298
1515,298
1516,298
1517,298
1518,298
1519,298
1520,298
1521,298
1522,298
1523,298
1524,298
1525,298
1526,298
1527,298
1528,298
1529,298
1530,298
1531,298
1532,298
1533,298
1534,298
1535,298
1536,298
1537,298
1538,298
1539,298
1540,298
1541,298
1542,298
1543,298
1544,298
1545,298
1546,298
1547,298
1548,298
1549,298
1550,298
1551,298
1552,298
1553,298
1554,298
1555,298
1556,298
1557,298
1558,298
1559,298
1560,298
1561,298
1562,298
1563,298
1564,298
1565,298
1566,298
1567,298
1568,298
1569,298
1570,298
1571,298
1572,298
1573,298
1574,298
1575,298
1576,298
1577,298
1578,298
1579,298
1580,298
1581,298
1582,298
1583,298
1584,298
1585,298
1586,298
1587,298
1588,298
1589,298
1590,298
1591,298
1592,298
1593,298
1594,298
1595,298
1596,298
1597,298
1598,298
1599,298
1600,298
1601,298
1602,298
1603,298
1604,298
1605,298
1606,298
1607,298
1608,298
1609,298
1610,298
1611,298
1612,298
1613,298
1614,298
1615,298
1616,298
1617,298
1618,298
1619,298
1620,298
1621,298
1622,298
1623,298
1624,298
1625,298
1626,298
1627,298
1628,298
1629,298
1630,298
1631,298
1632,298
1633,298
1634,298
1635,298
1636,298
1637,298
1638,298
1639,298
1640,298
1641,298
1642,298
1643,298
1644,298
1645,298
1646,298
1647,298
1648,298
1649,298
1650,298
1651,298
1652,298
1653,298
1654,298
1655,298
1656,298
1657,298
1658,298
1659,298
1660,298
1661,298
1662,298
1663,298
1664,298
1665,298
1666,298
1667,298
1668,298
1669,298
1670,298
1671,298
1672,298
1673,298
1674,298
1675,298
1676,298
1677,298
1678,298
1679,298
1680,298
1681,298
1682,298
1683,298
1684,298
1685,298
1686,298
1687,298
1688,298
1689,298
1690,298
1691,298
1692,298
1693,298
1694,298
1695,298
1696,298
1697,298
1698,298
1699,298
1700,298
1701,298
1702,298
1703,298
1704,298
1705,298
1706,298
1707,298
1708,298
1709,298
1710,298
1711,298
1712,298
1713,298
1714,298
1715,298
1716,298
1717,298
1718,298
1719,298
1720,298
1721,298
1722,298
1723,298
1724,298
1725,298
1726,298
1727,298
1728,298
1729,298
1730,298
1731,298
1732,297
1733,297
1734,297
1735,297
1736,297
1737,297
1738,297
1739,297
1740,297
1741,297
1742,297
1743,297
1744,297
1745,297
1746,297
1747,297
1748,297
1749,297
1750,297
1751,297
1752,297
1753,297
1754,297
1755,297
1756,297
1757,297
1758,297
1759,297
1760,297
1761,297
1762,297
1763,297
1764,297
1765,297
1766,297
1767,297
1768,297
1769,297
1770,297
1771,297
1772,297
1773,297
1774,297
1775,297
1776,297
1777,297
1778,297
1779,297
1780,297
1781,297
1782,296
1783,296
1784,296
1785,296
1786,296
1787,296
1788,296
1789,296
1790,296
1791,296
1792,296
1793,296
1794,296
1795,296
1796,296
1797,296
1798,296
1799,296
1800,296
1801,296
1802,296
1803,296
1804,296
1805,296
1806,296
1807,296
1808,296
1809,296
1810,296
1811,296
1812,296
1813,296
1814,296
1815,296
1816,296
1817,296
1818,296
1819,296
1820,296
1821,296
1822,296
1823,296
1824,296
1825,296
1826,296
1827,296
1828,296
1829,296
1830,296
1831,296
1832,296
1833,296
1834,296
1835,296
1836,296
1837,296
1838,296
1839,296
1840,296
1841,296
1842,296
1843,296
1844,296
1845,296
1846,296
1847,296
1848,296
1849,296
1850,296
1851,296
1852,296
1853,296
1854,296
1855,296
1856,296
1857,296
1858,296
1859,296
1860,296
1861,296
1862,296
1863,296
1864,296
1865,296
1866,296
1867,296
1868,296
1869,296
1870,296
1871,296
1872,296
1873,296
1874,296
1875,296
1876,296
1877,296
1878,296
1879,296
1880,296
1881,296
1882,296
1883,296
1884,296
1885,296
1886,296
1887,296
1888,296
1889,296
1890,296
1891,296
1892,296
1893,296
1894,296
1895,296
1896,296
1897,296
1898,296
1899,296
1900,296
1901,296
1902,296
1903,296
1904,296
1905,296
1906,296
1907,296
1908,296
1909,296
1910,296
1911,296
1912,296
1913,296
1914,296
1915,296
1916,296
1917,296
1918,296
1919,296
1920,296
1921,296
1922,296
1923,296
1924,296
1925,296
1926,296
1927,296
1928,296
1929,296
1930,296
1931,296
1932,296
1933,296
1934,296
1935,296
1936,296
1937,296
1938,296
1939,296
1940,296
1941,296
1942,296
1943,296
1944,296
1945,296
1946,296
1947,296
1948,296
1949,296
1950,296
1951,296
1952,296
1953,296
1954,296
1955,296
1956,296
1957,296
1958,296
1959,296
1960,296
1961,296
1962,296
1963,296
1964,296
1965,296
1966,296
1967,296
1968,296
1969,296
1970,296
1971,296
1972,296
1973,296
1974,296
1975,296
1976,296
1977,296
1978,296
1979,296
1980,296
1981,295
1982,295
1983,295
1984,295
1985,295
1986,295
1987,295
1988,295
1989,295
1990,295
1991,295
1992,295
1993,295
1994,295
1995,295
1996,295
1997,295
1998,295
1999,295
2000,295
2001,295
2002,295
2003,295
2004,295
2005,295
2006,295
2007,295
2008,295
2009,295
2010,295
2011,295
2012,295
2013,295
2014,295
2015,295
2016,295
2017,295
2018,295
2019,295
2020,295
2021,295
2022,295
2023,295
2024,295
2025,295
2026,295
2027,295
2028,295
2029,295
2030,295
2031,295
2032,295
2033,295
2034,295
2035,295
2036,295
2037,295
2038,295
2039,295
2040,294
2041,294
2042,293
2043,293
2044,293
2045,293
2046,293
2047,293
2048,293
2049,293
2050,292
2051,292
2052,291
2053,291
2054,291
2055,291
2056,290
2057,289
2058,288
2059,287
2060,287
2061,287
2062,286
2063,285
2064,285
2065,285
2066,284
2067,284
2068,283
2069,282
2070,281
2071,280
2072,280
2073,279
2074,278
2075,278
2076,278
2077,278
2078,278
2079,277
2080,276
2081,273
2082,272
2083,271
2084,270
2085,268
2086,267
2087,265
2088,263
2089,262
2090,259
2091,256
2092,254
2093,252
2094,250
2095,249
2096,247
2097,246
2098,245
2099,244
2100,244
2101,244
2102,244
2103,244
2104,244
2105,244
2106,244
2107,244
2108,244
2109,244
2110,244
2111,244
2112,244
2113,244
2114,244
2115,244
2116,244
2117,244
2118,244
2119,244
2120,243
2121,243
2122,243
2123,243
2124,243
2125,243
2126,243
2127,243
2128,243
2129,243
2130,243
2131,243
2132,243
2133,243
2134,243
2135,243
2136,243
2137,243
2138,243
2139,243
2140,243
2141,243
2142,243
2143,243
2144,243
2145,243
2146,243
2147,243
2148,243
2149,243
2150,243
2151,243
2152,243
2153,243
2154,243
2155,243
2156,243
2157,243
2158,243
2159,243
2160,243
2161,243
2162,243
2163,243
2164,243
2165,243
2166,243
2167,243
2168,243
2169,243
2170,243
2171,243
2172,243
2173,243
2174,243
2175,243
2176,243
2177,243
2178,243
2179,243
2180,243
2181,243
2182,243
2183,243
2184,243
2185,243
2186,243
2187,243
2188,243
2189,243
2190,243
2191,243
2192,243
2193,243
2194,243
2195,243
2196,243
2197,243
2198,243
2199,243
2200,243
2201,243
2202,243
2203,243
2204,243
2205,243
2206,242
2207,242
2208,241
2209,241
2210,241
2211,241
2212,241
2213,241
2214,241
2215,241
2216,241
2217,241
2218,241
2219,241
2220,241
2221,241
2222,241
2223,241
2224,241
2225,241
2226,241
2227,241
2228,241
2229,241
2230,241
2231,241
2232,241
2233,241
2234,241
2235,241
2236,241
2237,241
2238,241
2239,241
2240,241
2241,241
2242,241
2243,241
2244,241
2245,241
2246,241
2247,241
2248,241
2249,241
2250,241
2251,241
2252,241
2253,241
2254,241
2255,241
2256,241
2257,241
2258,241
2259,241
2260,241
2261,241
2262,241
2263,241
2264,241
2265,241
2266,241
2267,241
2268,241
2269,241
2270,241
2271,241
2272,241
2273,241
2274,241
2275,241
2276,241
2277,240
2278,240
2279,240
2280,240
2281,240
2282,240
2283,240
2284,240
2285,240
2286,240
2287,240
2288,240
2289,240
2290,240
2291,240
2292,240
2293,240
2294,240
2295,240
2296,240
2297,240
2298,240
2299,240
2300,240
2301,240
2302,240
2303,240
2304,240
2305,240
2306,240
2307,240
2308,240
2309,240
2310,240
2311,240
2312,240
2313,240
2314,240
2315,240
2316,240
2317,240
2318,240
2319,240
2320,240
2321,240
2322,240
2323,240
2324,240
2325,240
2326,240
2327,240
2328,240
2329,240
2330,240
2331,239
2332,239
2333,239
2334,239
2335,239
2336,239
2337,239
2338,239
2339,239
2340,239
2341,239
2342,239
2343,239
2344,239
2345,239
2346,239
2347,239
2348,239
2349,239
2350,239
2351,239
2352,239
2353,239
2354,239
2355,239
2356,239
2357,239
2358,239
2359,239
2360,239
2361,239
2362,239
2363,239
2364,239
2365,239
2366,239
2367,239
2368,239
2369,239
2370,239
2371,239
2372,239
2373,239
2374,239
2375,239
2376,239
2377,239
2378,239
2379,239
2380,239
2381,239
2382,239
2383,239
2384,239
2385,239
2386,238
2387,238
2388,238
2389,238
2390,238
2391,238
2392,238
2393,238
2394,238
2395,238
2396,238
2397,238
2398,238
2399,238
2400,238
2401,238
2402,238
2403,237
2404,237
2405,236
2406,236
2407,236
2408,236
2409,236
2410,235
2411,235
2412,235
2413,235
2414,235
2415,235
2416,235
2417,235
2418,235
2419,235
2420,235
2421,235
2422,235
2423,235
2424,235
2425,235
2426,235
2427,235
2428,235
2429,235
2430,235
2431,235
2432,235
2433,235
2434,235
2435,234
2436,234
2437,233
2438,233
2439,232
2440,232
2441,232
2442,231
2443,230
2444,230
2445,229
2446,228
2447,227
2448,226
2449,226
2450,226
2451,226
2452,225
2453,224
2454,223
2455,221
2456,220
2457,218
2458,218
2459,217
2460,216
2461,215
2462,214
2463,213
2464,211
2465,210
2466,207
2467,206
2468,205
2469,200
2470,199
2471,198
2472,197
2473,195
2474,194
2475,193
2476,190
2477,189
2478,188
2479,187
2480,187
2481,187
2482,187
2483,187
2484,187
2485,187
2486,187
2487,187
2488,186
2489,186
2490,186
2491,186
2492,186
2493,186
2494,186
2495,186
2496,186
2497,186
2498,186
2499,186
2500,186
2501,185
2502,185
2503,185
2504,185
2505,185
2506,185
2507,185
2508,185
2509,185
2510,185
2511,185
2512,185
2513,185
2514,185
2515,185
2516,185
2517,185
2518,185
2519,185
2520,185
2521,185
2522,185
2523,185
2524,185
2525,185
2526,185
2527,185
2528,185
2529,185
2530,185
2531,185
2532,185
2533,185
2534,185
2535,185
2536,185
2537,185
2538,185
2539,185
2540,185
2541,185
2542,185
2543,185
2544,185
2545,185
2546,185
2547,185
2548,185
2549,185
2550,185
2551,185
2552,185
2553,185
2554,185
2555,185
2556,185
2557,185
2558,185
2559,185
2560,185
2561,185
2562,185
2563,185
2564,185
2565,185
2566,185
2567,185
2568,185
2569,185
2570,185
2571,185
2572,185
2573,185
2574,185
2575,185
2576,185
2577,185
2578,185
2579,185
2580,185
2581,185
2582,185
2583,185
2584,185
2585,185
2586,185
2587,185
2588,185
2589,185
2590,185
2591,185
2592,184
2593,184
2594,184
2595,183
2596,183
2597,183
2598,183
2599,183
2600,183
2601,183
2602,183
2603,183
2604,183
2605,183
2606,183
2607,183
2608,183
2609,183
2610,183
2611,183
2612,183
2613,183
2614,183
2615,183
2616,183
2617,183
2618,183
2619,183
2620,183
2621,183
2622,183
2623,183
2624,183
2625,183
2626,183
2627,183
2628,183
2629,183
2630,183
2631,183
2632,183
2633,183
2634,183
2635,183
2636,183
2637,183
2638,183
2639,183
2640,183
2641,183
2642,183
2643,183
2644,183
2645,183
2646,183
2647,183
2648,183
2649,183
2650,183
2651,183
2652,183
2653,183
2654,183
2655,183
2656,182
2657,182
2658,182
2659,182
2660,182
2661,182
2662,182
2663,182
2664,182
2665,182
2666,182
2667,182
2668,182
2669,182
2670,182
2671,182
2672,182
2673,182
2674,182
2675,182
2676,182
2677,182
2678,182
2679,182
2680,182
2681,182
2682,182
2683,182
2684,182
2685,182
2686,182
2687,182
2688,182
2689,182
2690,182
2691,181
2692,181
2693,181
2694,181
2695,181
2696,181
2697,181
2698,181
2699,181
2700,181
2701,181
2702,181
2703,181
2704,181
2705,181
2706,181
2707,181
2708,181
2709,181
2710,181
2711,181
2712,181
2713,181
2714,181
2715,181
2716,181
2717,181
2718,181
2719,181
2720,181
2721,181
2722,181
2723,181
2724,181
2725,181
2726,181
2727,181
2728,181
2729,181
2730,181
2731,181
2732,181
2733,181
2734,181
2735,181
2736,181
2737,181
2738,181
2739,181
2740,181
2741,181
2742,181
2743,181
2744,181
2745,181
2746,181
2747,181
2748,181
2749,181
2750,181
2751,181
2752,181
2753,180
2754,180
2755,180
2756,180
2757,180
2758,180
2759,180
2760,180
2761,180
2762,180
2763,180
2764,180
2765,179
2766,179
2767,179
2768,179
2769,179
2770,179
2771,179
2772,179
2773,179
2774,179
2775,179
2776,179
2777,179
2778,179
2779,179
2780,179
2781,179
2782,179
2783,179
2784,179
2785,179
2786,179
2787,179
2788,179
2789,179
2790,179
2791,179
2792,179
2793,179
2794,179
2795,179
2796,179
2797,179
2798,178
2799,178
2800,178
2801,178
2802,178
2803,178
2804,178
2805,177
2806,177
2807,177
2808,177
2809,177
2810,177
2811,177
2812,177
2813,177
2814,177
2815,177
2816,177
2817,177
2818,177
2819,176
2820,175
2821,175
2822,175
2823,175
2824,175
2825,175
2826,175
2827,175
2828,175
2829,175
2830,175
2831,175
2832,175
2833,175
2834,175
2835,175
2836,175
2837,175
2838,175
2839,175
2840,175
2841,175
2842,175
2843,174
2844,173
2845,173
2846,173
2847,172
2848,171
2849,170
2850,170
2851,170
2852,169
2853,168
2854,167
2855,167
2856,165
2857,165
2858,165
2859,165
2860,165
2861,165
2862,165
2863,163
2864,162
2865,161
2866,160
2867,159
2868,158
2869,156
2870,155
2871,154
2872,152
2873,149
2874,148
2875,147
2876,146
2877,144
2878,143
2879,141
2880,140
2881,139
2882,138
2883,135
2884,134
2885,132
2886,131
2887,131
2888,131
2889,131
2890,131
2891,131
2892,131
2893,131
2894,131
2895,131
2896,131
2897,131
2898,131
2899,131
2900,131
2901,131
2902,131
2903,131
2904,131
2905,131
2906,131
2907,131
2908,131
2909,131
2910,131
2911,131
2912,131
2913,131
2914,131
2915,131
2916,131
2917,131
2918,131
2919,131
2920,131
2921,131
2922,131
2923,131
2924,131
2925,131
2926,131
2927,131
2928,131
2929,131
2930,131
2931,131
2932,131
2933,131
2934,131
2935,131
2936,131
2937,131
2938,131
2939,131
2940,131
2941,131
2942,131
2943,131
2944,130
2945,130
2946,130
2947,130
2948,130
2949,130
2950,130
2951,130
2952,130
2953,130
2954,130
2955,130
2956,130
2957,130
2958,130
2959,130
2960,130
2961,130
2962,130
2963,130
2964,130
2965,130
2966,130
2967,130
2968,130
2969,130
2970,130
2971,130
2972,130
2973,130
2974,130
2975,130
2976,130
2977,130
2978,130
2979,130
2980,130
2981,130
2982,130
2983,130
2984,130
2985,130
2986,130
2987,130
2988,130
2989,130
2990,130
2991,130
2992,130
2993,130
2994,130
2995,130
2996,130
2997,130
2998,130
2999,130
3000,130
3001,130
3002,130
3003,130
3004,130
3005,130
3006,130
3007,130
3008,130
3009,130
3010,130
3011,130
3012,130
3013,129
3014,129
3015,129
3016,129
3017,129
3018,128
3019,128
3020,128
3021,128
3022,128
3023,128
3024,128
3025,128
3026,128
3027,128
3028,128
3029,128
3030,128
3031,128
3032,128
3033,128
3034,128
3035,128
3036,128
3037,128
3038,128
3039,128
3040,128
3041,128
3042,128
3043,128
3044,127
3045,127
3046,127
3047,127
3048,127
3049,127
3050,127
3051,127
3052,127
3053,127
3054,126
3055,126
3056,126
3057,126
3058,126
3059,126
3060,126
3061,126
3062,126
3063,126
3064,126
3065,126
3066,126
3067,126
3068,126
3069,126
3070,126
3071,126
3072,126
3073,126
3074,126
3075,126
3076,126
3077,126
3078,126
3079,126
3080,126
3081,126
3082,126
3083,126
3084,126
3085,126
3086,126
3087,126
3088,126
3089,126
3090,126
3091,126
3092,126
3093,126
3094,126
3095,126
3096,126
3097,126
3098,126
3099,126
3100,126
3101,126
3102,126
3103,126
3104,126
3105,126
3106,126
3107,126
3108,126
3109,126
3110,126
3111,126
3112,126
3113,126
3114,126
3115,126
3116,126
3117,126
3118,126
3119,126
3120,126
3121,126
3122,126
3123,126
3124,126
3125,126
3126,126
3127,126
3128,126
3129,126
3130,126
3131,126
3132,126
3133,126
3134,126
3135,126
3136,126
3137,126
3138,126
3139,126
3140,126
3141,126
3142,126
3143,126
3144,126
3145,126
3146,126
3147,126
3148,126
3149,126
3150,126
3151,126
3152,126
3153,126
3154,126
3155,126
3156,126
3157,126
3158,126
3159,125
3160,125
3161,125
3162,125
3163,125
3164,125
3165,125
3166,125
3167,125
3168,125
3169,125
3170,125
3171,125
3172,125
3173,125
3174,125
3175,125
3176,125
3177,124
3178,124
3179,124
3180,124
3181,124
3182,124
3183,124
3184,124
3185,124
3186,124
3187,124
3188,124
3189,124
3190,124
3191,124
3192,124
3193,124
3194,124
3195,124
3196,124
3197,124
3198,124
3199,124
3200,124
3201,124
3202,124
3203,124
3204,124
3205,124
3206,124
3207,124
3208,124
3209,124
3210,124
3211,124
3212,124
3213,124
3214,124
3215,124
3216,124
3217,124
3218,124
3219,124
3220,124
3221,124
3222,124
3223,124
3224,124
3225,124
3226,124
3227,124
3228,123
3229,123
3230,123
3231,123
3232,123
3233,123
3234,123
3235,123
3236,123
3237,123
3238,123
3239,123
3240,123
3241,123
3242,123
3243,123
3244,123
3245,123
3246,123
3247,123
3248,123
3249,123
3250,123
3251,123
3252,123
3253,123
3254,123
3255,123
3256,123
3257,123
3258,123
3259,123
3260,123
3261,123
3262,123
3263,123
3264,123
3265,123
3266,123
3267,123
3268,123
3269,123
3270,123
3271,123
3272,123
3273,123
3274,123
3275,123
3276,123
3277,123
3278,123
3279,123
3280,123
3281,123
3282,123
3283,123
3284,123
3285,123
3286,123
3287,123
3288,123
3289,123
3290,123
3291,123
3292,123
3293,123
3294,123
3295,123
3296,123
3297,123
3298,123
3299,123
3300,123
3301,123
3302,123
3303,123
3304,123
3305,123
3306,123
3307,123
3308,123
3309,121
3310,121
3311,121
3312,121
3313,121
3314,121
3315,121
3316,121
3317,121
3318,121
3319,121
3320,121
3321,121
3322,121
3323,121
3324,121
3325,121
3326,121
3327,121
3328,121
3329,120
3330,120
3331,120
3332,120
3333,120
3334,120
3335,120
3336,120
3337,120
3338,120
3339,120
3340,120
3341,120
3342,120
3343,120
3344,120
3345,120
3346,120
3347,120
3348,120
3349,120
3350,120
3351,120
3352,120
3353,120
3354,120
3355,120
3356,120
3357,120
3358,120
3359,120
3360,120
3361,120
3362,120
3363,120
3364,120
3365,120
3366,120
3367,120
3368,120
3369,120
3370,120
3371,120
3372,119
3373,119
3374,119
3375,119
3376,119
3377,119
3378,119
3379,119
3380,119
3381,119
3382,119
3383,119
3384,119
3385,119
3386,119
3387,119
3388,119
3389,119
3390,119
3391,119
3392,119
3393,119
3394,119
3395,119
3396,119
3397,119
3398,119
3399,119
3400,119
3401,119
3402,119
3403,119
3404,119
3405,119
3406,119
3407,119
3408,119
3409,119
3410,119
3411,119
3412,119
3413,119
3414,119
3415,119
3416,119
3417,119
3418,119
3419,119
3420,119
3421,119
3422,119
3423,119
3424,119
3425,119
3426,119
3427,119
3428,119
3429,119
3430,119
3431,119
3432,119
3433,119
3434,119
3435,119
3436,119
3437,119
3438,119
3439,119
3440,119
3441,119
3442,119
3443,119
3444,119
3445,119
3446,119
3447,119
3448,119
3449,119
3450,119
3451,119
3452,119
3453,119
3454,119
3455,119
3456,119
3457,119
3458,119
3459,119
3460,119
3461,119
3462,119
3463,119
3464,119
3465,119
3466,119
3467,119
3468,119
3469,119
3470,119
3471,119
3472,119
3473,119
3474,119
3475,119
3476,119
3477,119
3478,119
3479,119
3480,119
3481,118
3482,118
3483,118
3484,118
3485,118
3486,118
3487,118
3488,118
3489,118
3490,118
3491,118
3492,118
3493,118
3494,118
3495,118
3496,118
3497,118
3498,118
3499,118
3500,117
3501,117
3502,117
3503,117
3504,117
3505,117
3506,117
3507,117
3508,117
3509,117
3510,117
3511,117
3512,117
3513,117
3514,117
3515,117
3516,117
3517,117
3518,117
3519,117
3520,117
3521,117
3522,117
3523,117
3524,117
3525,117
3526,117
3527,117
3528,117
3529,117
3530,117
3531,117
3532,117
3533,117
3534,117
3535,117
3536,117
3537,117
3538,117
3539,117
3540,117
3541,117
3542,117
3543,117
3544,117
3545,117
3546,117
3547,117
3548,117
3549,117
3550,117
3551,117
3552,117
3553,117
3554,117
3555,117
3556,117
3557,117
3558,117
3559,117
3560,117
3561,117
3562,117
3563,117
3564,117
3565,117
3566,117
3567,117
3568,117
3569,117
3570,117
3571,117
3572,117
3573,117
3574,117
3575,117
3576,117
3577,117
3578,117
3579,117
3580,117
3581,117
3582,117
3583,117
3584,117
3585,117
3586,117
3587,117
3588,117
3589,116
3590,116
3591,116
3592,116
3593,116
3594,116
3595,116
3596,116
3597,116
3598,116
3599,116
3600,116
3601,116
3602,116
3603,116
3604,116
3605,116
3606,116
3607,116
3608,116
3609,116
3610,116
3611,116
3612,116
3613,116
3614,116
3615,116
3616,116
3617,116
3618,116
3619,116
3620,116
3621,116
3622,116
3623,116
3624,116
3625,116
3626,116
3627,116
3628,116
3629,116
3630,116
3631,116
3632,116
3633,116
3634,116
3635,116
3636,116
3637,116
3638,116
3639,116
3640,116
3641,116
3642,116
3643,116
3644,116
3645,116
3646,116
3647,116
3648,116
3649,116
3650,116
3651,116
3652,116
3653,116
3654,116
3655,116
3656,116
3657,116
3658,116
3659,116
3660,116
3661,116
3662,116
3663,116
3664,116
3665,116
3666,116
3667,116
3668,116
3669,116
3670,116
3671,116
3672,116
3673,116
3674,116
3675,116
3676,116
3677,116
3678,116
3679,116
3680,116
3681,116
3682,116
3683,116
3684,116
3685,116
3686,116
3687,116
3688,116
3689,116
3690,116
3691,116
3692,116
3693,116
3694,116
3695,116
3696,116
3697,116
3698,116
3699,116
3700,116
3701,116
3702,116
3703,116
3704,116
3705,116
3706,116
3707,116
3708,116
3709,116
3710,116
3711,116
3712,116
3713,116
3714,116
3715,116
3716,116
3717,116
3718,116
3719,116
3720,116
3721,116
3722,116
3723,116
3724,116
3725,116
3726,116
3727,116
3728,116
3729,116
3730,116
3731,116
3732,116
3733,116
3734,116
3735,116
3736,116
3737,116
3738,116
3739,116
3740,116
3741,116
3742,116
3743,116
3744,116
3745,116
3746,116
3747,116
3748,116
3749,116
3750,116
3751,116
3752,116
3753,116
3754,116
3755,116
3756,116
3757,116
3758,116
3759,116
3760,116
3761,116
3762,116
3763,116
3764,116
3765,116
3766,116
3767,116
3768,116
3769,116
3770,116
3771,116
3772,116
3773,116
3774,116
3775,116
3776,116
3777,116
3778,116
3779,116
3780,116
3781,116
3782,116
3783,116
3784,116
3785,116
3786,116
3787,116
3788,116
3789,116
3790,116
3791,116
3792,116
3793,116
3794,116
3795,116
3796,116
3797,116
3798,116
3799,116
3800,116
3801,116
3802,116
3803,116
3804,116
3805,116
3806,116
3807,116
3808,116
3809,116
3810,116
3811,116
3812,116
3813,116
3814,116
3815,116
3816,116
3817,116
3818,116
3819,116
3820,116
3821,116
3822,116
3823,116
3824,116
3825,116
3826,116
3827,116
3828,116
3829,116
3830,116
3831,116
3832,116
3833,116
3834,116
3835,116
3836,116
3837,116
3838,116
3839,116
3840,116
3841,116
3842,116
3843,116
3844,116
3845,116
3846,116
3847,116
3848,116
3849,116
3850,116
3851,116
3852,116
3853,116
3854,116
3855,116
3856,116
3857,116
3858,116
3859,116
3860,116
3861,116
3862,116
3863,116
3864,116
3865,116
3866,116
3867,116
3868,116
3869,116
3870,116
3871,116
3872,116
3873,116
3874,116
3875,116
3876,116
3877,116
3878,116
3879,116
3880,116
3881,116
3882,116
3883,116
3884,116
3885,116
3886,116
3887,116
3888,116
3889,116
3890,116
3891,116
3892,116
3893,116
3894,116
3895,116
3896,116
3897,116
3898,116
3899,116
3900,116
3901,116
3902,116
3903,116
3904,116
3905,116
3906,116
3907,116
3908,116
3909,116
3910,116
3911,116
3912,116
3913,116
3914,116
3915,116
3916,116
3917,116
3918,116
3919,116
3920,116
3921,116
3922,116
3923,116
3924,116
3925,116
3926,116
3927,116
3928,116
3929,116
3930,116
3931,116
3932,116
3933,116
3934,116
3935,116
3936,116
3937,116
3938,116
3939,116
3940,116
3941,116
3942,116
3943,116
3944,116
3945,116
3946,116
3947,116
3948,116
3949,116
3950,116
3951,116
3952,116
3953,116
3954,116
3955,116
3956,116
3957,116
3958,116
3959,116
3960,116
3961,116
3962,116
3963,116
3964,116
3965,116
3966,116
3967,116
3968,115
3969,115
3970,115
3971,114
3972,114
3973,114
3974,114
3975,114
3976,114
3977,114
3978,114
3979,114
3980,114
3981,114
3982,114
3983,114
3984,114
3985,114
3986,114
3987,114
3988,114
3989,114
3990,114
3991,114
3992,114
3993,114
3994,114
3995,114
3996,114
3997,114
3998,114
3999,114
4000,114
4001,114
4002,114
4003,114
4004,114
4005,114
4006,114
4007,114
4008,114
4009,114
4010,114
4011,114
4012,114
4013,114
4014,114
4015,114
4016,114
4017,114
4018,114
4019,114
4020,114
4021,114
4022,114
4023,114
4024,114
4025,114
4026,114
4027,114
4028,114
4029,114
4030,114
4031,114
4032,114
4033,114
4034,114
4035,114
4036,114
4037,114
4038,113
4039,113
4040,113
4041,112
4042,112
4043,111
4044,111
4045,111
4046,111
4047,111
4048,111
4049,111
4050,111
4051,111
4052,111
4053,111
4054,111
4055,111
4056,111
4057,111
4058,111
4059,111
4060,111
4061,111
4062,111
4063,111
4064,111
4065,111
4066,111
4067,111
4068,111
4069,111
4070,111
4071,111
4072,111
4073,111
4074,111
4075,111
4076,111
4077,111
4078,111
4079,111
4080,111
4081,111
4082,111
4083,111
4084,111
4085,111
4086,111
4087,111
4088,111
4089,111
4090,111
4091,111
4092,111
4093,111
4094,111
4095,111
4096,111
4097,111
4098,111
4099,111
4100,111
4101,111
4102,111
4103,111
4104,111
4105,111
4106,111
4107,111
4108,111
4109,111
4110,111
4111,111
4112,111
4113,111
4114,111
4115,111
4116,110
4117,110
4118,110
4119,110
4120,110
4121,110
4122,110
4123,110
4124,110
4125,110
4126,110
4127,110
4128,110
4129,110
4130,110
4131,110
4132,110
4133,110
4134,110
4135,110
4136,110
4137,110
4138,110
4139,110
4140,110
4141,110
4142,110
4143,110
4144,110
4145,110
4146,110
4147,110
4148,110
4149,110
4150,110
4151,110
4152,110
4153,110
4154,110
4155,110
4156,110
4157,110
4158,110
4159,110
4160,110
4161,110
4162,110
4163,110
4164,110
4165,110
4166,110
4167,110
4168,110
4169,110
4170,110
4171,110
4172,110
4173,110
4174,110
4175,109
4176,109
4177,108
4178,108
4179,108
4180,108
4181,108
4182,108
4183,108
4184,108
4185,108
4186,108
4187,108
4188,108
4189,108
4190,108
4191,108
4192,108
4193,108
4194,108
4195,108
4196,108
4197,108
4198,108
4199,108
4200,108
4201,108
4202,108
4203,108
4204,108
4205,108
4206,108
4207,108
4208,108
4209,108
4210,108
4211,108
4212,108
4213,108
4214,108
4215,108
4216,108
4217,108
4218,108
4219,108
4220,108
4221,108
4222,108
4223,108
4224,108
4225,108
4226,108
4227,108
4228,108
4229,108
4230,108
4231,108
4232,108
4233,108
4234,108
4235,108
4236,108
4237,108
4238,108
4239,108
4240,108
4241,108
4242,108
4243,108
4244,108
4245,108
4246,108
4247,108
4248,108
4249,108
4250,108
4251,108
4252,108
4253,108
4254,108
4255,108
4256,108
4257,108
4258,108
4259,108
4260,108
4261,108
4262,108
4263,108
4264,108
4265,108
4266,108
4267,108
4268,108
4269,108
4270,108
4271,108
4272,108
4273,108
4274,108
4275,108
4276,108
4277,107
4278,107
4279,107
4280,107
4281,107
4282,107
4283,107
4284,107
4285,107
4286,107
4287,107
4288,107
4289,107
4290,107
4291,107
4292,107
4293,107
4294,107
4295,107
4296,107
4297,107
4298,107
4299,107
4300,107
4301,107
4302,107
4303,107
4304,107
4305,107
4306,107
4307,107
4308,107
4309,107
4310,107
4311,107
4312,107
4313,107
4314,107
4315,107
4316,107
4317,107
4318,107
4319,107
4320,107
4321,107
4322,107
4323,107
4324,107
4325,107
4326,107
4327,107
4328,107
4329,106
4330,106
4331,106
4332,106
4333,106
4334,106
4335,106
4336,106
4337,106
4338,106
4339,106
4340,106
4341,106
4342,106
4343,106
4344,106
4345,106
4346,106
4347,106
4348,106
4349,106
4350,106
4351,106
4352,106
4353,106
4354,106
4355,106
4356,106
4357,106
4358,106
4359,105
4360,105
4361,105
4362,105
4363,105
4364,105
4365,105
4366,105
4367,105
4368,105
4369,105
4370,105
4371,105
4372,105
4373,105
4374,105
4375,105
4376,105
4377,105
4378,105
4379,105
4380,105
4381,105
4382,105
4383,105
4384,105
4385,105
4386,105
4387,105
4388,105
4389,105
4390,105
4391,105
4392,105
4393,105
4394,105
4395,105
4396,105
4397,105
4398,105
4399,105
4400,105
4401,105
4402,105
4403,105
4404,105
4405,105
4406,105
4407,105
4408,105
4409,105
4410,105
4411,105
4412,105
4413,105
4414,105
4415,105
4416,105
4417,105
4418,105
4419,105
4420,105
4421,105
4422,105
4423,105
4424,105
4425,105
4426,105
4427,105
4428,105
4429,105
4430,105
4431,105
4432,105
4433,105
4434,105
4435,105
4436,105
4437,105
4438,105
4439,105
4440,105
4441,105
4442,105
4443,105
4444,105
4445,105
4446,105
4447,105
4448,105
4449,105
4450,105
4451,105
4452,105
4453,105
4454,105
4455,105
4456,105
4457,105
4458,105
4459,105
4460,105
4461,105
4462,105
4463,105
4464,105
4465,105
4466,105
4467,105
4468,105
4469,105
4470,105
4471,105
4472,105
4473,105
4474,105
4475,105
4476,105
4477,105
4478,105
4479,105
4480,105
4481,105
4482,105
4483,105
4484,105
4485,105
4486,105
4487,105
4488,105
4489,105
4490,105
4491,105
4492,105
4493,105
4494,105
4495,105
4496,105
4497,105
4498,105
4499,105
4500,105
4501,104
4502,104
4503,104
4504,104
4505,104
4506,104
4507,104
4508,104
4509,104
4510,104
4511,104
4512,104
4513,104
4514,104
4515,104
4516,104
4517,104
4518,104
4519,104
4520,104
4521,104
4522,104
4523,104
4524,104
4525,104
4526,104
4527,104
4528,104
4529,104
4530,104
4531,104
4532,104
4533,104
4534,104
4535,104
4536,104
4537,104
4538,104
4539,104
4540,104
4541,104
4542,104
4543,104
4544,104
4545,104
4546,104
4547,104
4548,104
4549,104
4550,104
4551,104
4552,104
4553,104
4554,104
4555,104
4556,104
4557,104
4558,104
4559,104
4560,103
4561,103
4562,103
4563,103
4564,103
4565,103
4566,103
4567,103
4568,103
4569,102
4570,102
4571,102
4572,102
4573,102
4574,102
4575,102
4576,102
4577,102
4578,102
4579,102
4580,102
4581,102
4582,102
4583,102
4584,102
4585,102
4586,102
4587,102
4588,102
4589,102
4590,102
4591,102
4592,102
4593,102
4594,102
4595,102
4596,102
4597,102
4598,102
4599,102
4600,102
4601,102
4602,102
4603,102
4604,102
4605,102
4606,102
4607,102
4608,102
4609,102
4610,102
4611,102
4612,102
4613,102
4614,102
4615,102
4616,102
4617,102
4618,102
4619,102
4620,102
4621,102
4622,102
4623,102
4624,102
4625,102
4626,102
4627,102
4628,102
4629,102
4630,102
4631,102
4632,102
4633,102
4634,102
4635,102
4636,102
4637,102
4638,102
4639,102
4640,102
4641,102
4642,102
4643,102
4644,102
4645,102
4646,102
4647,102
4648,102
4649,102
4650,102
4651,102
4652,102
4653,102
4654,102
4655,102
4656,102
4657,102
4658,102
4659,102
4660,102
4661,102
4662,102
4663,102
4664,102
4665,102
4666,102
4667,102
4668,102
4669,102
4670,102
4671,102
4672,102
4673,102
4674,102
4675,102
4676,102
4677,102
4678,102
4679,102
4680,102
4681,102
4682,102
4683,102
4684,102
4685,102
4686,102
4687,102
4688,102
4689,102
4690,102
4691,102
4692,102
4693,102
4694,102
4695,102
4696,102
4697,102
4698,102
4699,102
4700,102
4701,102
4702,102
4703,102
4704,102
4705,102
4706,102
4707,102
4708,102
4709,102
4710,102
4711,102
4712,102
4713,102
4714,102
4715,102
4716,102
4717,102
4718,102
4719,102
4720,102
4721,102
4722,102
4723,102
4724,102
4725,102
4726,102
4727,102
4728,102
4729,102
4730,102
4731,102
4732,102
4733,102
4734,102
4735,102
4736,102
4737,102
4738,102
4739,102
4740,102
4741,102
4742,102
4743,102
4744,102
4745,102
4746,102
4747,102
4748,102
4749,102
4750,102
4751,101
4752,101
4753,101
4754,101
4755,101
4756,101
4757,101
4758,101
4759,101
4760,101
4761,101
4762,101
4763,101
4764,101
4765,101
4766,101
4767,101
4768,101
4769,101
4770,101
4771,101
4772,101
4773,101
4774,101
4775,101
4776,101
4777,101
4778,101
4779,101
4780,101
4781,101
4782,101
4783,101
4784,101
4785,101
4786,101
4787,101
4788,101
4789,101
4790,101
4791,101
4792,101
4793,101
4794,101
4795,101
4796,101
4797,101
4798,101
4799,101
4800,101
4801,101
4802,101
4803,101
4804,101
4805,101
4806,101
4807,101
4808,101
4809,101
4810,101
4811,101
4812,101
4813,101
4814,101
4815,101
4816,101
4817,101
4818,101
4819,101
4820,101
4821,101
4822,101
4823,101
4824,101
4825,101
4826,101
4827,101
4828,101
4829,101
4830,101
4831,101
4832,101
4833,101
4834,101
4835,101
4836,101
4837,101
4838,101
4839,101
4840,101
4841,101
4842,101
4843,101
4844,101
4845,101
4846,101
4847,101
4848,101
4849,101
4850,101
4851,101
4852,101
4853,101
4854,101
4855,101
4856,101
4857,101
4858,101
4859,101
4860,101
4861,101
4862,101
4863,101
4864,101
4865,101
4866,101
4867,101
4868,101
4869,101
4870,101
4871,101
4872,101
4873,101
4874,101
4875,101
4876,101
4877,101
4878,101
4879,101
4880,101
4881,101
4882,101
4883,101
4884,101
4885,101
4886,101
4887,101
4888,101
4889,101
4890,101
4891,101
4892,101
4893,101
4894,101
4895,101
4896,101
4897,101
4898,101
4899,101
4900,101
4901,101
4902,101
4903,101
4904,101
4905,101
4906,101
4907,101
4908,101
4909,101
4910,101
4911,101
4912,101
4913,101
4914,101
4915,101
4916,101
4917,101
4918,101
4919,101
4920,101
4921,101
4922,101
4923,101
4924,101
4925,101
4926,101
4927,101
4928,101
4929,101
4930,101
4931,101
4932,101
4933,101
4934,101
4935,101
4936,101
4937,101
4938,101
4939,101
4940,101
4941,101
4942,101
4943,101
4944,101
4945,101
4946,101
4947,101
4948,101
4949,101
4950,101
4951,101
4952,101
4953,101
4954,101
4955,101
4956,101
4957,101
4958,101
4959,101
4960,101
4961,101
4962,101
4963,101
4964,101
4965,101
4966,101
4967,101
4968,101
4969,101
4970,101
4971,101
4972,101
4973,101
4974,101
4975,101
4976,101
4977,101
4978,101
4979,101
4980,101
4981,101
4982,101
4983,101
4984,101
4985,101
4986,101
4987,101
4988,101
4989,101
4990,101
4991,101
4992,101
4993,101
4994,101
4995,101
4996,101
4997,101
4998,101
4999,101
5000,101
5001,101
5002,101
5003,101
5004,101
5005,101
5006,101
5007,101
5008,101
5009,101
5010,101
5011,101
5012,101
5013,101
5014,101
5015,101
5016,101
5017,101
5018,101
5019,101
5020,101
5021,101
5022,101
5023,101
5024,101
5025,101
5026,101
5027,101
5028,101
5029,101
5030,101
5031,101
5032,101
5033,101
5034,101
5035,101
5036,101
5037,101
5038,101
5039,101
5040,101
5041,101
5042,101
5043,101
5044,101
5045,101
5046,101
5047,101
5048,101
5049,101
5050,101
5051,101
5052,101
5053,101
5054,101
5055,101
5056,101
5057,101
5058,101
5059,101
5060,101
5061,101
5062,101
5063,101
5064,101
5065,101
5066,101
5067,101
5068,101
5069,101
5070,101
5071,101
5072,101
5073,101
5074,101
5075,101
5076,101
5077,101
5078,101
5079,101
5080,101
5081,101
5082,101
5083,101
5084,101
5085,101
5086,101
5087,101
5088,101
5089,101
5090,101
5091,101
5092,101
5093,101
5094,101
5095,101
5096,101
5097,101
5098,101
5099,101
5100,101
5101,101
5102,101
5103,101
5104,101
5105,101
5106,101
5107,101
5108,101
5109,101
5110,101
5111,101
5112,101
5113,101
5114,101
5115,101
5116,101
5117,101
5118,101
5119,101
5120,101
5121,101
5122,101
5123,101
5124,101
5125,101
5126,101
5127,101
5128,101
5129,101
5130,101
5131,101
5132,101
5133,101
5134,101
5135,101
5136,101
5137,101
5138,101
5139,101
5140,101
5141,101
5142,101
5143,101
5144,101
5145,101
5146,101
5147,101
5148,101
5149,101
5150,101
5151,101
5152,101
5153,101
5154,101
5155,101
5156,101
5157,101
5158,101
5159,101
5160,101
5161,101
5162,101
5163,101
5164,101
5165,101
5166,101
5167,101
5168,101
5169,101
5170,101
5171,101
5172,101
5173,101
5174,101
5175,101
5176,101
5177,101
5178,101
5179,101
5180,101
5181,101
5182,101
5183,101
5184,101
5185,101
5186,101
5187,101
5188,101
5189,101
5190,101
5191,101
5192,101
5193,101
5194,101
5195,101
5196,101
5197,101
5198,101
5199,101
5200,101
5201,101
5202,101
5203,101
5204,101
5205,101
5206,101
5207,101
5208,101
5209,101
5210,101
5211,101
5212,101
5213,101
5214,101
5215,101
5216,101
5217,101
5218,101
5219,101
5220,101
5221,101
5222,101
5223,101
5224,101
5225,101
5226,101
5227,101
5228,101
5229,101
5230,101
5231,101
5232,101
5233,101
5234,101
5235,101
5236,101
5237,101
5238,101
5239,101
5240,101
5241,101
5242,101
5243,101
5244,101
5245,101
5246,101
5247,101
5248,101
5249,101
5250,101
5251,101
5252,101
5253,101
5254,101
5255,101
5256,101
5257,101
5258,101
5259,101
5260,101
5261,101
5262,101
5263,101
5264,101
5265,101
5266,101
5267,101
5268,101
5269,101
5270,101
5271,101
5272,101
5273,101
5274,101
5275,101
5276,101
5277,101
5278,101
5279,101
5280,101
5281,101
5282,101
5283,101
5284,101
5285,101
5286,101
5287,101
5288,101
5289,101
5290,101
5291,101
5292,101
5293,101
5294,101
5295,101
5296,101
5297,101
5298,101
5299,101
5300,101
5301,101
5302,101
5303,101
5304,101
5305,101
5306,101
5307,101
5308,101
5309,101
5310,101
5311,101
5312,101
5313,101
5314,101
5315,101
5316,101
5317,101
5318,101
5319,101
5320,101
5321,101
5322,101
5323,101
5324,101
5325,101
5326,101
5327,101
5328,101
5329,101
5330,101
5331,101
5332,101
5333,101
5334,101
5335,101
5336,101
5337,101
5338,101
5339,101
5340,101
5341,101
5342,101
5343,101
5344,101
5345,101
5346,101
5347,101
5348,101
5349,101
5350,101
5351,101
5352,101
5353,101
5354,101
5355,101
5356,101
5357,101
5358,101
5359,101
5360,101
5361,101
5362,101
5363,101
5364,101
5365,101
5366,101
5367,101
5368,101
5369,101
5370,101
5371,101
5372,101
5373,101
5374,101
5375,101
5376,101
5377,101
5378,101
5379,101
5380,101
5381,101
5382,101
5383,101
5384,101
5385,101
5386,101
5387,101
5388,101
5389,100
5390,100
5391,100
5392,100
5393,100
5394,100
5395,100
5396,100
5397,100
5398,100
5399,100
5400,100
5401,100
5402,100
5403,100
5404,100
5405,100
5406,100
5407,100
5408,100
5409,100
5410,100
5411,100
5412,100
5413,100
5414,100
5415,100
5416,100
5417,100
5418,100
5419,100
5420,100
5421,100
5422,100
5423,100
5424,100
5425,100
5426,100
5427,100
5428,100
5429,100
5430,100
5431,100
5432,100
5433,100
5434,100
5435,100
5436,100
5437,100
5438,100
5439,100
5440,99
5441,99
5442,99
5443,99
5444,99
5445,99
5446,99
5447,99
5448,99
5449,99
5450,99
5451,99
5452,99
5453,99
5454,99
5455,99
5456,99
5457,99
5458,99
5459,99
5460,99
5461,99
5462,99
5463,99
5464,99
5465,99
5466,99
5467,99
5468,99
5469,99
5470,99
5471,99
5472,99
5473,99
5474,99
5475,99
5476,99
5477,99
5478,99
5479,99
5480,99
5481,98
5482,98
5483,98
5484,98
5485,98
5486,98
5487,98
5488,98
5489,98
5490,98
5491,98
5492,98
5493,98
5494,98
5495,98
5496,98
5497,98
5498,98
5499,98
5500,98
5501,98
5502,98
5503,98
5504,98
5505,98
5506,98
5507,98
5508,98
5509,98
5510,98
5511,98
5512,98
5513,98
5514,97
5515,97
5516,97
5517,97
5518,97
5519,97
5520,97
5521,97
5522,97
5523,97
5524,97
5525,97
5526,97
5527,97
5528,97
5529,97
5530,97
5531,97
5532,97
5533,97
5534,97
5535,97
5536,97
5537,97
5538,97
5539,97
5540,97
5541,97
5542,97
5543,97
5544,97
5545,97
5546,97
5547,97
5548,97
5549,96
5550,96
5551,96
5552,96
5553,96
5554,96
5555,96
5556,96
5557,96
5558,96
5559,96
5560,96
5561,96
5562,96
5563,96
5564,96
5565,96
5566,96
5567,96
5568,96
5569,96
5570,96
5571,96
5572,96
5573,96
5574,96
5575,96
5576,95
5577,95
5578,95
5579,95
5580,95
5581,95
5582,95
5583,95
5584,95
5585,95
5586,94
5587,94
5588,94
5589,94
5590,94
5591,94
5592,94
5593,94
5594,94
5595,94
5596,94
5597,94
5598,94
5599,94
5600,94
5601,94
5602,94
5603,94
5604,94
5605,94
5606,94
5607,94
5608,94
5609,94
5610,94
5611,94
5612,94
5613,94
5614,94
5615,94
5616,94
5617,94
5618,94
5619,94
5620,94
5621,94
5622,94
5623,94
5624,94
5625,94
5626,94
5627,94
5628,94
5629,94
5630,94
5631,94
5632,94
5633,94
5634,94
5635,94
5636,94
5637,94
5638,94
5639,94
5640,94
5641,94
5642,94
5643,94
5644,94
5645,94
5646,94
5647,94
5648,94
5649,94
5650,93
5651,93
5652,93
5653,93
5654,93
5655,93
5656,93
5657,93
5658,93
5659,93
5660,93
5661,93
5662,93
5663,93
5664,93
5665,93
5666,93
5667,93
5668,93
5669,93
5670,93
5671,93
5672,93
5673,93
5674,93
5675,93
5676,93
5677,93
5678,93
5679,93
5680,93
5681,93
5682,93
5683,93
5684,93
5685,93
5686,93
5687,93
5688,93
5689,93
5690,93
5691,93
5692,93
5693,93
5694,93
5695,93
5696,93
5697,93
5698,93
5699,93
5700,93
5701,93
5702,93
5703,93
5704,93
5705,93
5706,93
5707,93
5708,93
5709,93
5710,93
5711,93
5712,93
5713,93
5714,93
5715,93
5716,93
5717,93
5718,93
5719,93
5720,93
5721,93
5722,93
5723,93
5724,93
5725,93
5726,93
5727,93
5728,93
5729,93
5730,93
5731,93
5732,93
5733,93
5734,93
5735,93
5736,93
5737,93
5738,93
5739,93
5740,93
5741,93
5742,93
5743,93
5744,93
5745,93
5746,93
5747,93
5748,93
5749,93
5750,93
5751,93
5752,93
5753,93
5754,93
5755,93
5756,93
5757,93
5758,93
5759,92
5760,92
5761,92
5762,92
5763,92
5764,92
5765,92
5766,92
5767,92
5768,92
5769,92
5770,92
5771,92
5772,92
5773,92
5774,92
5775,92
5776,92
5777,92
5778,92
5779,92
5780,92
5781,92
5782,92
5783,92
5784,92
5785,92
5786,92
5787,92
5788,92
5789,92
5790,92
5791,92
5792,92
5793,92
5794,92
5795,92
5796,92
5797,92
5798,92
5799,92
5800,92
5801,92
5802,92
5803,92
5804,92
5805,92
5806,92
5807,92
5808,92
5809,92
5810,92
5811,92
5812,92
5813,92
5814,92
5815,92
5816,92
5817,92
5818,92
5819,92
5820,92
5821,92
5822,92
5823,92
5824,92
5825,92
5826,92
5827,92
5828,92
5829,92
5830,92
5831,92
5832,92
5833,92
5834,92
5835,92
5836,92
5837,92
5838,92
5839,92
5840,92
5841,92
5842,92
5843,92
5844,92
5845,92
5846,92
5847,92
5848,91
5849,91
5850,91
5851,91
5852,91
5853,91
5854,91
5855,91
5856,91
5857,90
5858,90
5859,90
5860,90
5861,90
5862,90
5863,90
5864,90
5865,90
5866,90
5867,90
5868,90
5869,90
5870,90
5871,90
5872,90
5873,90
5874,90
5875,90
5876,90
5877,90
5878,90
5879,90
5880,90
5881,90
5882,90
5883,90
5884,90
5885,90
5886,90
5887,89
5888,89
5889,89
5890,89
5891,89
5892,89
5893,89
5894,89
5895,89
5896,89
5897,89
5898,89
5899,89
5900,89
5901,89
5902,89
5903,89
5904,89
5905,89
5906,89
5907,89
5908,89
5909,89
5910,89
5911,89
5912,89
5913,89
5914,89
5915,89
5916,89
5917,89
5918,89
5919,89
5920,89
5921,89
5922,89
5923,89
5924,89
5925,89
5926,89
5927,89
5928,89
5929,89
5930,89
5931,89
5932,89
5933,89
5934,89
5935,89
5936,89
5937,89
5938,89
5939,89
5940,89
5941,89
5942,89
5943,89
5944,89
5945,89
5946,89
5947,89
5948,89
5949,89
5950,89
5951,89
5952,89
5953,89
5954,89
5955,89
5956,88
5957,88
5958,88
5959,88
5960,88
5961,88
5962,88
5963,88
5964,88
5965,88
5966,88
5967,88
5968,88
5969,88
5970,88
5971,88
5972,88
5973,88
5974,88
5975,87
5976,87
5977,87
5978,87
5979,87
5980,87
5981,87
5982,87
5983,87
5984,87
5985,87
5986,87
5987,87
5988,87
5989,87
5990,87
5991,87
5992,87
5993,87
5994,87
5995,87
5996,87
5997,87
5998,87
5999,87
6000,87
6001,87
6002,87
6003,87
6004,87
6005,87
6006,87
6007,87
6008,87
6009,87
6010,87
6011,87
6012,87
6013,87
6014,87
6015,87
6016,87
6017,87
6018,87
6019,87
6020,87
6021,87
6022,87
6023,87
6024,87
6025,87
6026,87
6027,87
6028,87
6029,87
6030,87
6031,87
6032,87
6033,87
6034,87
6035,87
6036,87
6037,87
6038,87
6039,87
6040,87
6041,87
6042,87
6043,87
6044,87
6045,87
6046,87
6047,87
6048,87
6049,87
6050,87
6051,87
6052,87
6053,87
6054,87
6055,87
6056,87
6057,87
6058,87
6059,87
6060,87
6061,87
6062,87
6063,87
6064,87
6065,87
6066,87
6067,87
6068,87
6069,87
6070,87
6071,87
6072,87
6073,87
6074,87
6075,87
6076,87
6077,87
6078,87
6079,87
6080,87
6081,87
6082,87
6083,87
6084,87
6085,87
6086,87
6087,87
6088,87
6089,87
6090,87
6091,87
6092,87
6093,87
6094,87
6095,87
6096,87
6097,87
6098,87
6099,87
6100,87
6101,87
6102,87
6103,87
6104,87
6105,87
6106,87
6107,87
6108,87
6109,87
6110,87
6111,87
6112,87
6113,87
6114,87
6115,87
6116,87
6117,87
6118,87
6119,87
6120,87
6121,87
6122,87
6123,87
6124,87
6125,87
6126,87
6127,87
6128,87
6129,87
6130,87
6131,87
6132,87
6133,87
6134,87
6135,87
6136,87
6137,87
6138,87
6139,87
6140,87
6141,87
6142,87
6143,87
6144,87
6145,87
6146,87
6147,87
6148,87
6149,87
6150,87
6151,87
6152,87
6153,87
6154,87
6155,87
6156,87
6157,87
6158,87
6159,87
6160,87
6161,87
6162,87
6163,87
6164,87
6165,87
6166,87
6167,87
6168,87
6169,87
6170,87
6171,86
6172,86
6173,86
6174,86
6175,86
6176,86
6177,86
6178,86
6179,86
6180,86
6181,86
6182,86
6183,86
6184,86
6185,86
6186,86
6187,86
6188,86
6189,86
6190,86
6191,86
6192,86
6193,86
6194,86
6195,86
6196,86
6197,86
6198,86
6199,86
6200,86
6201,86
6202,86
6203,86
6204,86
6205,86
6206,86
6207,86
6208,86
6209,86
6210,86
6211,86
6212,86
6213,86
6214,86
6215,86
6216,86
6217,86
6218,86
6219,86
6220,86
6221,86
6222,86
6223,86
6224,86
6225,86
6226,85
6227,85
6228,85
6229,85
6230,85
6231,85
6232,85
6233,85
6234,85
6235,85
6236,85
6237,85
6238,85
6239,85
6240,85
6241,85
6242,85
6243,85
6244,85
6245,85
6246,85
6247,85
6248,85
6249,85
6250,85
6251,85
6252,84
6253,84
6254,84
6255,84
6256,84
6257,84
6258,84
6259,84
6260,84
6261,84
6262,84
6263,84
6264,84
6265,84
6266,84
6267,84
6268,84
6269,84
6270,84
6271,84
6272,84
6273,84
6274,84
6275,84
6276,83
6277,83
6278,83
6279,83
6280,83
6281,83
6282,83
6283,83
6284,82
6285,82
6286,82
6287,82
6288,82
6289,82
6290,82
6291,82
6292,82
6293,82
6294,82
6295,82
6296,82
6297,82
6298,82
6299,82
6300,82
6301,82
6302,82
6303,82
6304,82
6305,82
6306,82
6307,82
6308,82
6309,82
6310,82
6311,82
6312,82
6313,82
6314,82
6315,82
6316,82
6317,82
6318,82
6319,82
6320,82
6321,82
6322,82
6323,82
6324,82
6325,82
6326,82
6327,82
6328,82
6329,82
6330,82
6331,82
6332,82
6333,82
6334,82
6335,82
6336,82
6337,82
6338,82
6339,82
6340,82
6341,82
6342,82
6343,82
6344,82
6345,82
6346,82
6347,82
6348,82
6349,82
6350,82
6351,82
6352,82
6353,82
6354,82
6355,82
6356,82
6357,82
6358,82
6359,82
6360,82
6361,82
6362,82
6363,82
6364,82
6365,82
6366,82
6367,82
6368,82
6369,82
6370,82
6371,82
6372,82
6373,82
6374,82
6375,82
6376,81
6377,81
6378,81
6379,81
6380,81
6381,81
6382,81
6383,81
6384,81
6385,81
6386,81
6387,81
6388,81
6389,81
6390,81
6391,81
6392,81
6393,81
6394,81
6395,81
6396,81
6397,81
6398,81
6399,81
6400,81
6401,81
6402,81
6403,81
6404,81
6405,81
6406,81
6407,81
6408,81
6409,81
6410,81
6411,81
6412,80
6413,80
6414,80
6415,80
6416,80
6417,80
6418,80
6419,80
6420,80
6421,80
6422,80
6423,80
6424,80
6425,80
6426,80
6427,80
6428,80
6429,80
6430,80
6431,80
6432,80
6433,80
6434,80
6435,80
6436,80
6437,80
6438,80
6439,80
6440,80
6441,80
6442,79
6443,79
6444,79
6445,79
6446,79
6447,79
6448,79
6449,79
6450,79
6451,79
6452,79
6453,79
6454,79
6455,79
6456,79
6457,79
6458,79
6459,79
6460,79
6461,79
6462,79
6463,79
6464,79
6465,79
6466,79
6467,79
6468,79
6469,79
6470,79
6471,79
6472,79
6473,79
6474,79
6475,79
6476,79
6477,79
6478,79
6479,79
6480,79
6481,79
6482,79
6483,79
6484,79
6485,79
6486,79
6487,79
6488,79
6489,79
6490,79
6491,79
6492,79
6493,79
6494,79
6495,79
6496,79
6497,79
6498,79
6499,79
6500,79
6501,79
6502,79
6503,79
6504,79
6505,79
6506,79
6507,79
6508,79
6509,79
6510,79
6511,79
6512,79
6513,79
6514,79
6515,79
6516,79
6517,79
6518,79
6519,79
6520,79
6521,79
6522,79
6523,79
6524,79
6525,79
6526,79
6527,79
6528,79
6529,79
6530,79
6531,79
6532,79
6533,79
6534,79
6535,79
6536,79
6537,79
6538,78
6539,78
6540,78
6541,78
6542,78
6543,78
6544,78
6545,78
6546,78
6547,77
6548,77
6549,77
6550,77
6551,77
6552,77
6553,77
6554,77
6555,77
6556,77
6557,77
6558,77
6559,77
6560,77
6561,77
6562,77
6563,77
6564,77
6565,77
6566,77
6567,77
6568,77
6569,77
6570,77
6571,77
6572,77
6573,77
6574,77
6575,77
6576,77
6577,77
6578,77
6579,77
6580,77
6581,77
6582,77
6583,77
6584,77
6585,77
6586,77
6587,77
6588,76
6589,76
6590,76
6591,76
6592,76
6593,76
6594,76
6595,76
6596,76
6597,76
6598,76
6599,76
6600,76
6601,76
6602,76
6603,76
6604,76
6605,76
6606,76
6607,76
6608,76
6609,76
6610,76
6611,76
6612,76
6613,76
6614,76
6615,76
6616,76
6617,76
6618,76
6619,76
6620,76
6621,76
6622,76
6623,76
6624,76
6625,76
6626,76
6627,75
6628,75
6629,75
6630,75
6631,75
6632,75
6633,75
6634,75
6635,75
6636,75
6637,75
6638,75
6639,75
6640,75
6641,75
6642,75
6643,75
6644,75
6645,75
6646,75
6647,75
6648,75
6649,75
6650,75
6651,75
6652,75
6653,75
6654,75
6655,75
6656,75
6657,75
6658,75
6659,75
6660,75
6661,75
6662,75
6663,75
6664,75
6665,75
6666,75
6667,75
6668,75
6669,75
6670,75
6671,75
6672,75
6673,75
6674,75
6675,75
6676,75
6677,75
6678,75
6679,75
6680,75
6681,75
6682,75
6683,75
6684,75
6685,75
6686,75
6687,75
6688,75
6689,75
6690,75
6691,75
6692,75
6693,75
6694,75
6695,75
6696,75
6697,75
6698,75
6699,75
6700,75
6701,75
6702,75
6703,75
6704,75
6705,75
6706,75
6707,75
6708,75
6709,75
6710,75
6711,75
6712,75
6713,75
6714,75
6715,75
6716,75
6717,75
6718,75
6719,75
6720,75
6721,75
6722,75
6723,75
6724,75
6725,75
6726,75
6727,75
6728,75
6729,75
6730,75
6731,75
6732,75
6733,75
6734,75
6735,75
6736,75
6737,75
6738,75
6739,75
6740,75
6741,75
6742,75
6743,75
6744,75
6745,75
6746,75
6747,75
6748,75
6749,75
6750,75
6751,75
6752,75
6753,75
6754,75
6755,74
6756,74
6757,74
6758,74
6759,74
6760,73
6761,73
6762,73
6763,73
6764,73
6765,73
6766,72
6767,72
6768,72
6769,72
6770,72
6771,72
6772,72
6773,72
6774,72
6775,72
6776,72
6777,72
6778,72
6779,72
6780,72
6781,72
6782,72
6783,72
6784,72
6785,72
6786,72
6787,72
6788,72
6789,72
6790,72
6791,72
6792,72
6793,72
6794,72
6795,72
6796,72
6797,72
6798,72
6799,72
6800,72
6801,72
6802,72
6803,72
6804,72
6805,72
6806,72
6807,72
6808,72
6809,72
6810,72
6811,72
6812,72
6813,72
6814,72
6815,72
6816,72
6817,72
6818,72
6819,72
6820,72
6821,72
6822,72
6823,72
6824,72
6825,72
6826,72
6827,72
6828,72
6829,72
6830,72
6831,72
6832,72
6833,72
6834,72
6835,72
6836,72
6837,72
6838,72
6839,72
6840,72
6841,72
6842,72
6843,72
6844,72
6845,72
6846,72
6847,72
6848,72
6849,72
6850,72
6851,72
6852,72
6853,72
6854,72
6855,72
6856,72
6857,72
6858,72
6859,72
6860,72
6861,72
6862,72
6863,72
6864,72
6865,72
6866,72
6867,72
6868,72
6869,72
6870,72
6871,72
6872,72
6873,72
6874,72
6875,72
6876,72
6877,72
6878,72
6879,72
6880,72
6881,72
6882,72
6883,72
6884,72
6885,72
6886,72
6887,72
6888,72
6889,72
6890,72
6891,72
6892,72
6893,72
6894,72
6895,72
6896,72
6897,72
6898,72
6899,72
6900,72
6901,72
6902,72
6903,71
6904,71
6905,71
6906,71
6907,71
6908,71
6909,71
6910,71
6911,70
6912,70
6913,70
6914,70
6915,70
6916,70
6917,70
6918,70
6919,70
6920,70
6921,70
6922,70
6923,70
6924,70
6925,70
6926,70
6927,70
6928,70
6929,70
6930,70
6931,70
6932,70
6933,70
6934,70
6935,70
6936,70
6937,70
6938,70
6939,70
6940,70
6941,70
6942,70
6943,69
6944,69
6945,69
6946,69
6947,69
6948,69
6949,68
6950,68
6951,68
6952,68
6953,68
6954,68
6955,68
6956,68
6957,68
6958,68
6959,68
6960,68
6961,68
6962,68
6963,68
6964,68
6965,68
6966,68
6967,68
6968,68
6969,68
6970,68
6971,68
6972,68
6973,68
6974,68
6975,68
6976,68
6977,68
6978,68
6979,68
6980,68
6981,68
6982,68
6983,68
6984,68
6985,68
6986,68
6987,68
6988,68
6989,68
6990,68
6991,68
6992,68
6993,68
6994,68
6995,68
6996,68
6997,68
6998,68
6999,68
7000,68
7001,68
7002,68
7003,68
7004,68
7005,68
7006,68
7007,68
7008,68
7009,68
7010,68
7011,68
7012,68
7013,68
7014,68
7015,68
7016,68
7017,68
7018,68
7019,68
7020,68
7021,68
7022,68
7023,68
7024,68
7025,68
7026,68
7027,68
7028,68
7029,68
7030,68
7031,68
7032,68
7033,68
7034,68
7035,68
7036,68
7037,68
7038,68
7039,68
7040,68
7041,68
7042,68
7043,68
7044,68
7045,68
7046,68
7047,68
7048,68
7049,68
7050,68
7051,68
7052,68
7053,68
7054,68
7055,68
7056,68
7057,68
7058,68
7059,68
7060,68
7061,68
7062,68
7063,68
7064,68
7065,68
7066,68
7067,68
7068,68
7069,68
7070,68
7071,68
7072,68
7073,68
7074,68
7075,68
7076,68
7077,68
7078,68
7079,68
7080,68
7081,68
7082,68
7083,68
7084,68
7085,68
7086,68
7087,68
7088,68
7089,68
7090,68
7091,68
7092,68
7093,68
7094,68
7095,68
7096,68
7097,68
7098,68
7099,68
7100,68
7101,68
7102,68
7103,68
7104,68
7105,68
7106,68
7107,68
7108,68
7109,68
7110,68
7111,68
7112,68
7113,68
7114,68
7115,68
7116,68
7117,68
7118,68
7119,68
7120,68
7121,68
7122,68
7123,68
7124,68
7125,68
7126,68
7127,68
7128,67
7129,67
7130,67
7131,67
7132,67
7133,67
7134,67
7135,67
7136,67
7137,67
7138,67
7139,67
7140,67
7141,67
7142,67
7143,67
7144,67
7145,67
7146,67
7147,67
7148,67
7149,67
7150,67
7151,67
7152,67
7153,67
7154,67
7155,67
7156,67
7157,67
7158,67
7159,67
7160,67
7161,67
7162,66
7163,66
7164,66
7165,66
7166,66
7167,66
7168,66
7169,66
7170,66
7171,66
7172,66
7173,66
7174,66
7175,66
7176,66
7177,66
7178,66
7179,66
7180,66
7181,66
7182,66
7183,66
7184,66
7185,66
7186,66
7187,66
7188,66
7189,66
7190,66
7191,66
7192,66
7193,66
7194,66
7195,66
7196,66
7197,66
7198,66
7199,66
7200,66
7201,66
7202,65
7203,65
7204,65
7205,65
7206,64
7207,64
7208,64
7209,64
7210,64
7211,64
7212,64
7213,64
7214,64
7215,64
7216,64
7217,64
7218,64
7219,64
7220,64
7221,64
7222,64
7223,64
7224,64
7225,64
7226,64
7227,64
7228,64
7229,64
7230,64
7231,64
7232,64
7233,64
7234,64
7235,64
7236,64
7237,64
7238,64
7239,64
7240,64
7241,64
7242,64
7243,64
7244,64
7245,64
7246,64
7247,64
7248,64
7249,64
7250,64
7251,64
7252,64
7253,64
7254,64
7255,64
7256,64
7257,64
7258,64
7259,64
7260,64
7261,64
7262,64
7263,64
7264,64
7265,64
7266,64
7267,64
7268,64
7269,64
7270,64
7271,64
7272,64
7273,64
7274,64
7275,64
7276,64
7277,64
7278,64
7279,63
7280,63
7281,63
7282,63
7283,63
7284,63
7285,63
7286,63
7287,63
7288,63
7289,63
7290,63
7291,63
7292,63
7293,63
7294,63
7295,63
7296,63
7297,63
7298,62
7299,62
7300,62
7301,62
7302,61
7303,60
7304,60
7305,58
7306,56
7307,55
7308,54
7309,54
7310,53
7311,52
7312,50
7313,49
7314,48
7315,47
7316,46
7317,45
7318,44
7319,44
7320,44
7321,44
7322,44
7323,44
7324,44
7325,44
7326,44
7327,44
7328,44
7329,44
7330,44
7331,44
7332,44
7333,44
7334,44
7335,44
7336,43
7337,43
7338,43
7339,43
7340,43
7341,43
7342,43
7343,43
7344,43
7345,43
7346,43
7347,43
7348,43
7349,43
7350,43
7351,43
7352,43
7353,43
7354,43
7355,43
7356,43
7357,43
7358,43
7359,43
7360,43
7361,43
7362,43
7363,43
7364,43
7365,43
7366,43
7367,43
7368,43
7369,43
7370,43
7371,43
7372,43
7373,43
7374,43
7375,43
7376,43
7377,43
7378,43
7379,43
7380,43
7381,43
7382,43
7383,43
7384,43
7385,43
7386,43
7387,43
7388,43
7389,43
7390,43
7391,43
7392,43
7393,43
7394,43
7395,43
7396,43
7397,43
7398,43
7399,43
7400,43
7401,43
7402,43
7403,43
7404,43
7405,43
7406,43
7407,43
7408,43
7409,43
7410,43
7411,43
7412,43
7413,43
7414,43
7415,43
7416,43
7417,43
7418,43
7419,43
7420,43
7421,43
7422,43
7423,43
7424,43
7425,43
7426,43
7427,43
7428,43
7429,43
7430,43
7431,43
7432,43
7433,43
7434,42
7435,42
7436,42
7437,42
7438,42
7439,42
7440,42
7441,42
7442,42
7443,42
7444,42
7445,42
7446,42
7447,42
7448,42
7449,42
7450,42
7451,42
7452,42
7453,42
7454,42
7455,42
7456,42
7457,42
7458,42
7459,42
7460,42
7461,42
7462,42
7463,42
7464,42
7465,42
7466,42
7467,42
7468,42
7469,42
7470,42
7471,42
7472,42
7473,42
7474,42
7475,42
7476,42
7477,42
7478,42
7479,42
7480,42
7481,42
7482,42
7483,42
7484,42
7485,42
7486,42
7487,42
7488,42
7489,42
7490,42
7491,42
7492,42
7493,42
7494,42
7495,42
7496,42
7497,42
7498,42
7499,42
7500,42
7501,42
7502,42
7503,42
7504,42
7505,42
7506,42
7507,42
7508,42
7509,42
7510,42
7511,42
7512,42
7513,42
7514,42
7515,42
7516,42
7517,42
7518,42
7519,42
7520,42
7521,42
7522,42
7523,42
7524,42
7525,42
7526,41
7527,41
7528,41
7529,41
7530,41
7531,41
7532,40
7533,40
7534,40
7535,40
7536,40
7537,40
7538,40
7539,40
7540,40
7541,40
7542,40
7543,40
7544,40
7545,40
7546,40
7547,40
7548,40
7549,40
7550,40
7551,40
7552,40
7553,40
7554,40
7555,40
7556,40
7557,40
7558,40
7559,40
7560,40
7561,40
7562,40
7563,40
7564,40
7565,40
7566,40
7567,40
7568,40
7569,40
7570,40
7571,40
7572,40
7573,40
7574,40
7575,40
7576,40
7577,40
7578,40
7579,40
7580,40
7581,40
7582,40
7583,40
7584,40
7585,40
7586,40
7587,40
7588,40
7589,40
7590,40
7591,40
7592,40
7593,40
7594,40
7595,40
7596,40
7597,40
7598,40
7599,40
7600,40
7601,40
7602,40
7603,40
7604,40
7605,40
7606,40
7607,40
7608,40
7609,40
7610,40
7611,40
7612,40
7613,40
7614,40
7615,40
7616,40
7617,40
7618,40
7619,40
7620,40
7621,40
7622,40
7623,40
7624,40
7625,40
7626,40
7627,40
7628,40
7629,40
7630,40
7631,40
7632,40
7633,40
7634,40
7635,40
7636,40
7637,40
7638,40
7639,40
7640,40
7641,40
7642,40
7643,40
7644,40
7645,40
7646,40
7647,40
7648,40
7649,40
7650,40
7651,40
7652,40
7653,40
7654,40
7655,40
7656,40
7657,40
7658,40
7659,40
7660,40
7661,40
7662,40
7663,40
7664,40
7665,40
7666,40
7667,40
7668,40
7669,40
7670,40
7671,40
7672,40
7673,40
7674,40
7675,40
7676,40
7677,40
7678,40
7679,40
7680,40
7681,40
7682,40
7683,40
7684,40
7685,39
7686,39
7687,39
7688,39
7689,39
7690,39
7691,39
7692,39
7693,39
7694,39
7695,39
7696,39
7697,39
7698,39
7699,39
7700,39
7701,39
7702,39
7703,39
7704,39
7705,39
7706,39
7707,39
7708,39
7709,39
7710,39
7711,39
7712,39
7713,39
7714,39
7715,39
7716,39
7717,39
7718,39
7719,39
7720,39
7721,39
7722,39
7723,39
7724,39
7725,39
7726,39
7727,39
7728,39
7729,39
7730,39
7731,39
7732,39
7733,39
7734,39
7735,39
7736,39
7737,39
7738,39
7739,39
7740,39
7741,39
7742,39
7743,39
7744,39
7745,39
7746,39
7747,39
7748,39
7749,39
7750,39
7751,39
7752,39
7753,39
7754,39
7755,39
7756,39
7757,39
7758,39
7759,39
7760,39
7761,39
7762,39
7763,39
7764,39
7765,39
7766,39
7767,39
7768,39
7769,39
7770,39
7771,39
7772,39
7773,39
7774,39
7775,39
7776,39
7777,39
7778,39
7779,39
7780,39
7781,39
7782,39
7783,39
7784,39
7785,39
7786,39
7787,39
7788,39
7789,38
7790,38
7791,38
7792,38
7793,38
7794,38
7795,38
7796,38
7797,38
7798,38
7799,38
7800,38
7801,38
7802,38
7803,38
7804,38
7805,38
7806,38
7807,38
7808,38
7809,38
7810,38
7811,38
7812,38
7813,38
7814,38
7815,38
7816,38
7817,38
7818,38
7819,38
7820,38
7821,38
7822,38
7823,38
7824,38
7825,38
7826,38
7827,38
7828,38
7829,38
7830,38
7831,38
7832,38
7833,38
7834,38
7835,38
7836,37
7837,37
7838,37
7839,37
7840,37
7841,37
7842,37
7843,37
7844,37
7845,37
7846,37
7847,37
7848,37
7849,37
7850,37
7851,37
7852,37
7853,37
7854,37
7855,37
7856,37
7857,37
7858,37
7859,37
7860,37
7861,37
7862,37
7863,37
7864,37
7865,37
7866,37
7867,37
7868,37
7869,37
7870,37
7871,37
7872,37
7873,37
7874,37
7875,37
7876,37
7877,37
7878,37
7879,37
7880,37
7881,37
7882,37
7883,37
7884,37
7885,37
7886,37
7887,37
7888,37
7889,37
7890,37
7891,37
7892,37
7893,37
7894,37
7895,37
7896,37
7897,37
7898,37
7899,37
7900,37
7901,37
7902,37
7903,37
7904,37
7905,37
7906,37
7907,37
7908,37
7909,37
7910,37
7911,37
7912,37
7913,37
7914,37
7915,37
7916,37
7917,37
7918,37
7919,37
7920,37
7921,37
7922,37
7923,37
7924,37
7925,37
7926,37
7927,37
7928,37
7929,37
7930,37
7931,37
7932,37
7933,37
7934,37
7935,37
7936,37
7937,37
7938,37
7939,37
7940,37
7941,37
7942,37
7943,37
7944,37
7945,37
7946,37
7947,37
7948,37
7949,37
7950,37
7951,37
7952,37
7953,37
7954,37
7955,37
7956,37
7957,37
7958,37
7959,37
7960,37
7961,37
7962,37
7963,37
7964,37
7965,37
7966,37
7967,37
7968,37
7969,37
7970,37
7971,37
7972,37
7973,37
7974,37
7975,37
7976,37
7977,37
7978,37
7979,37
7980,37
7981,37
7982,37
7983,37
7984,37
7985,37
7986,37
7987,37
7988,37
7989,37
7990,37
7991,37
7992,37
7993,37
7994,37
7995,37
7996,37
7997,37
7998,37
7999,37
8000,37
8001,37
8002,37
8003,37
8004,37
8005,37
8006,37
8007,37
8008,37
8009,37
8010,37
8011,37
8012,37
8013,37
8014,37
8015,37
8016,37
8017,37
8018,37
8019,37
8020,37
8021,37
8022,37
8023,37
8024,37
8025,37
8026,37
8027,37
8028,37
8029,37
8030,37
8031,37
8032,37
8033,37
8034,37
8035,37
8036,37
8037,37
8038,37
8039,37
8040,37
8041,37
8042,37
8043,37
8044,37
8045,37
8046,37
8047,37
8048,37
8049,37
8050,37
8051,37
8052,37
8053,37
8054,37
8055,37
8056,37
8057,37
8058,37
8059,37
8060,37
8061,37
8062,37
8063,37
8064,37
8065,37
8066,37
8067,37
8068,37
8069,37
8070,37
8071,37
8072,37
8073,37
8074,37
8075,37
8076,37
8077,37
8078,37
8079,37
8080,37
8081,37
8082,37
8083,37
8084,37
8085,37
8086,37
8087,37
8088,37
8089,37
8090,37
8091,37
8092,37
8093,37
8094,37
8095,37
8096,37
8097,37
8098,37
8099,37
8100,37
8101,37
8102,37
8103,37
8104,37
8105,37
8106,37
8107,37
8108,37
8109,37
8110,37
8111,37
8112,37
8113,37
8114,37
8115,37
8116,37
8117,37
8118,37
8119,37
8120,37
8121,37
8122,37
8123,37
8124,37
8125,37
8126,37
8127,37
8128,37
8129,37
8130,37
8131,37
8132,37
8133,37
8134,37
8135,37
8136,37
8137,37
8138,37
8139,37
8140,37
8141,37
8142,37
8143,37
8144,37
8145,37
8146,37
8147,37
8148,37
8149,37
8150,37
8151,37
8152,37
8153,37
8154,37
8155,37
8156,37
8157,37
8158,37
8159,37
8160,37
8161,37
8162,37
8163,37
8164,37
8165,37
8166,37
8167,37
8168,37
8169,37
8170,37
8171,37
8172,37
8173,37
8174,37
8175,37
8176,37
8177,37
8178,37
8179,37
8180,37
8181,37
8182,37
8183,37
8184,37
8185,37
8186,37
8187,37
8188,37
8189,37
8190,37
8191,37
8192,37
8193,37
8194,37
8195,37
8196,37
8197,37
8198,37
8199,37
8200,37
8201,37
8202,37
8203,37
8204,37
8205,37
8206,37
8207,37
8208,37
8209,37
8210,37
8211,37
8212,37
8213,37
8214,37
8215,37
8216,37
8217,37
8218,37
8219,37
8220,37
8221,37
8222,37
8223,37
8224,37
8225,37
8226,37
8227,37
8228,37
8229,37
8230,37
8231,37
8232,37
8233,37
8234,37
8235,37
8236,37
8237,37
8238,37
8239,37
8240,37
8241,37
8242,37
8243,37
8244,37
8245,37
8246,37
8247,37
8248,37
8249,37
8250,37
8251,37
8252,37
8253,37
8254,37
8255,37
8256,37
8257,37
8258,37
8259,37
8260,37
8261,37
8262,37
8263,37
8264,37
8265,37
8266,37
8267,37
8268,37
8269,37
8270,37
8271,37
8272,37
8273,37
8274,37
8275,37
8276,37
8277,37
8278,37
8279,37
8280,37
8281,37
8282,37
8283,37
8284,37
8285,37
8286,37
8287,37
8288,37
8289,37
8290,37
8291,37
8292,37
8293,37
8294,37
8295,37
8296,37
8297,37
8298,37
8299,37
8300,37
8301,37
8302,37
8303,37
8304,37
8305,37
8306,37
8307,37
8308,37
8309,37
8310,37
8311,37
8312,37
8313,37
8314,37
8315,37
8316,37
8317,36
8318,36
8319,36
8320,36
8321,36
8322,36
8323,36
8324,36
8325,36
8326,36
8327,36
8328,36
8329,36
8330,36
8331,36
8332,36
8333,36
8334,36
8335,36
8336,36
8337,36
8338,36
8339,36
8340,36
8341,36
8342,36
8343,36
8344,36
8345,36
8346,36
8347,36
8348,36
8349,36
8350,36
8351,36
8352,36
8353,36
8354,36
8355,36
8356,36
8357,36
8358,36
8359,36
8360,36
8361,36
8362,36
8363,36
8364,36
8365,36
8366,36
8367,36
8368,36
8369,36
8370,36
8371,36
8372,36
8373,36
8374,36
8375,36
8376,36
8377,36
8378,36
8379,36
8380,36
8381,36
8382,36
8383,36
8384,36
8385,36
8386,36
8387,36
8388,36
8389,36
8390,36
8391,36
8392,36
8393,36
8394,36
8395,36
8396,36
8397,36
8398,36
8399,36
8400,36
8401,36
8402,36
8403,36
8404,36
8405,36
8406,36
8407,36
8408,36
8409,36
8410,36
8411,36
8412,36
8413,36
8414,36
8415,36
8416,36
8417,36
8418,36
8419,36
8420,36
8421,36
8422,36
8423,36
8424,36
8425,36
8426,36
8427,36
8428,36
8429,36
8430,36
8431,36
8432,36
8433,36
8434,36
8435,36
8436,36
8437,36
8438,36
8439,36
8440,36
8441,36
8442,36
8443,36
8444,36
8445,36
8446,36
8447,36
8448,36
8449,36
8450,36
8451,36
8452,36
8453,36
8454,36
8455,36
8456,36
8457,36
8458,36
8459,36
8460,36
8461,36
8462,36
8463,36
8464,36
8465,36
8466,36
8467,36
8468,36
8469,36
8470,36
8471,36
8472,36
8473,36
8474,36
8475,36
8476,36
8477,36
8478,36
8479,36
8480,36
8481,36
8482,36
8483,36
8484,36
8485,36
8486,36
8487,36
8488,36
8489,36
8490,36
8491,36
8492,36
8493,36
8494,36
8495,36
8496,36
8497,36
8498,36
8499,36
8500,36
8501,36
8502,36
8503,36
8504,36
8505,36
8506,36
8507,36
8508,36
8509,36
8510,36
8511,36
8512,36
8513,36
8514,36
8515,36
8516,36
8517,36
8518,36
8519,36
8520,36
8521,36
8522,36
8523,36
8524,36
8525,36
8526,36
8527,36
8528,36
8529,36
8530,36
8531,36
8532,36
8533,36
8534,36
8535,36
8536,36
8537,36
8538,36
8539,36
8540,36
8541,36
8542,36
8543,36
8544,36
8545,36
8546,36
8547,36
8548,36
8549,36
8550,36
8551,36
8552,36
8553,36
8554,36
8555,36
8556,36
8557,36
8558,36
8559,36
8560,36
8561,36
8562,36
8563,36
8564,36
8565,36
8566,36
8567,36
8568,36
8569,36
8570,36
8571,36
8572,36
8573,36
8574,36
8575,36
8576,36
8577,36
8578,36
8579,36
8580,36
8581,36
8582,36
8583,36
8584,36
8585,36
8586,36
8587,36
8588,36
8589,36
8590,36
8591,36
8592,36
8593,36
8594,36
8595,36
8596,36
8597,36
8598,36
8599,36
8600,36
8601,36
8602,36
8603,36
8604,36
8605,36
8606,36
8607,36
8608,36
8609,36
8610,36
8611,36
8612,36
8613,36
8614,36
8615,36
8616,36
8617,36
8618,36
8619,36
8620,36
8621,36
8622,36
8623,36
8624,36
8625,36
8626,36
8627,36
8628,36
8629,36
8630,36
8631,36
8632,36
8633,36
8634,36
8635,36
8636,36
8637,36
8638,36
8639,36
8640,36
8641,36
8642,36
8643,36
8644,36
8645,36
8646,36
8647,36
8648,36
8649,36
8650,36
8651,36
8652,36
8653,36
8654,36
8655,36
8656,36
8657,36
8658,36
8659,36
8660,36
8661,36
8662,36
8663,36
8664,36
8665,36
8666,36
8667,36
8668,36
8669,36
8670,36
8671,36
8672,36
8673,36
8674,36
8675,36
8676,36
8677,36
8678,36
8679,36
8680,36
8681,36
8682,36
8683,36
8684,36
8685,36
8686,36
8687,36
8688,36
8689,36
8690,36
8691,36
8692,36
8693,36
8694,36
8695,36
8696,36
8697,36
8698,36
8699,36
8700,36
8701,36
8702,36
8703,36
8704,36
8705,36
8706,36
8707,36
8708,36
8709,36
8710,36
8711,36
8712,36
8713,36
8714,36
8715,36
8716,36
8717,36
8718,36
8719,36
8720,36
8721,36
8722,36
8723,36
8724,36
8725,36
8726,36
8727,36
8728,36
8729,36
8730,36
8731,36
8732,36
8733,36
8734,36
8735,36
8736,36
8737,36
8738,36
8739,36
8740,36
8741,36
8742,36
8743,36
8744,36
8745,36
8746,36
8747,36
8748,36
8749,36
8750,36
8751,36
8752,36
8753,36
8754,36
8755,36
8756,36
8757,36
8758,36
8759,36
8760,36
8761,36
8762,36
8763,36
8764,36
8765,36
8766,36
8767,36
8768,36
8769,36
8770,36
8771,36
8772,36
8773,36
8774,36
8775,36
8776,36
8777,36
8778,36
8779,36
8780,36
8781,36
8782,36
8783,36
8784,36
8785,36
8786,36
8787,36
8788,36
8789,36
8790,36
8791,36
8792,36
8793,36
8794,36
8795,36
8796,36
8797,36
8798,36
8799,36
8800,36
8801,36
8802,36
8803,36
8804,36
8805,36
8806,36
8807,36
8808,36
8809,36
8810,36
8811,36
8812,36
8813,36
8814,36
8815,36
8816,36
8817,36
8818,36
8819,36
8820,36
8821,36
8822,36
8823,36
8824,36
8825,36
8826,36
8827,36
8828,36
8829,36
8830,36
8831,36
8832,36
8833,36
8834,36
8835,36
8836,36
8837,36
8838,36
8839,36
8840,36
8841,36
8842,36
8843,36
8844,36
8845,36
8846,36
8847,36
8848,36
8849,36
8850,36
8851,36
8852,36
8853,36
8854,36
8855,36
8856,36
8857,36
8858,36
8859,36
8860,36
8861,36
8862,36
8863,36
8864,36
8865,36
8866,36
8867,36
8868,36
8869,36
8870,36
8871,36
8872,36
8873,36
8874,36
8875,36
8876,36
8877,36
8878,36
8879,36
8880,36
8881,36
8882,36
8883,36
8884,36
8885,36
8886,36
8887,36
8888,36
8889,36
8890,36
8891,36
8892,36
8893,36
8894,36
8895,36
8896,36
8897,36
8898,36
8899,36
8900,36
8901,36
8902,36
8903,36
8904,36
8905,36
8906,36
8907,36
8908,36
8909,36
8910,36
8911,36
8912,36
8913,36
8914,36
8915,36
8916,36
8917,36
8918,36
8919,36
8920,36
8921,36
8922,36
8923,36
8924,36
8925,36
8926,36
8927,36
8928,36
8929,36
8930,36
8931,36
8932,36
8933,36
8934,36
8935,36
8936,36
8937,36
8938,36
8939,36
8940,36
8941,36
8942,36
8943,36
8944,36
8945,36
8946,36
8947,36
8948,36
8949,36
8950,36
8951,36
8952,36
8953,36
8954,36
8955,36
8956,36
8957,36
8958,36
8959,36
8960,36
8961,36
8962,36
8963,36
8964,36
8965,36
8966,36
8967,36
8968,36
8969,36
8970,36
8971,36
8972,36
8973,36
8974,36
8975,36
8976,36
8977,36
8978,36
8979,36
8980,36
8981,36
8982,36
8983,36
8984,36
8985,36
8986,36
8987,36
8988,36
8989,36
8990,36
8991,36
8992,36
8993,36
8994,36
8995,36
8996,36
8997,36
8998,36
8999,36
9000,36
9001,36
9002,36
9003,36
9004,36
9005,36
9006,36
9007,36
9008,36
9009,36
9010,36
9011,36
9012,36
9013,36
9014,36
9015,36
9016,36
9017,36
9018,36
9019,36
9020,36
9021,36
9022,36
9023,36
9024,36
9025,36
9026,36
9027,36
9028,36
9029,36
9030,36
9031,36
9032,36
9033,36
9034,36
9035,36
9036,36
9037,36
9038,36
9039,36
9040,36
9041,36
9042,36
9043,36
9044,36
9045,36
9046,36
9047,36
9048,36
9049,36
9050,36
9051,36
9052,36
9053,36
9054,36
9055,36
9056,36
9057,36
9058,36
9059,36
9060,36
9061,36
9062,36
9063,36
9064,36
9065,36
9066,36
9067,36
9068,36
9069,36
9070,36
9071,36
9072,36
9073,36
9074,36
9075,36
9076,36
9077,36
9078,36
9079,36
9080,36
9081,36
9082,36
9083,36
9084,36
9085,36
9086,36
9087,36
9088,36
9089,36
9090,36
9091,36
9092,36
9093,36
9094,36
9095,36
9096,36
9097,36
9098,36
9099,36
9100,36
9101,36
9102,36
9103,36
9104,36
9105,36
9106,36
9107,36
9108,36
9109,36
9110,36
9111,36
9112,36
9113,36
9114,36
9115,36
9116,36
9117,36
9118,36
9119,36
9120,36
9121,36
9122,36
9123,36
9124,36
9125,36
9126,36
9127,36
9128,36
9129,36
9130,36
9131,36
9132,36
9133,36
9134,36
9135,36
9136,36
9137,36
9138,36
9139,36
9140,36
9141,36
9142,36
9143,36
9144,36
9145,36
9146,36
9147,36
9148,36
9149,36
9150,36
9151,36
9152,36
9153,36
9154,36
9155,36
9156,36
9157,36
9158,36
9159,36
9160,36
9161,36
9162,36
9163,36
9164,36
9165,36
9166,36
9167,36
9168,36
9169,36
9170,36
9171,36
9172,36
9173,36
9174,36
9175,36
9176,36
9177,36
9178,36
9179,36
9180,36
9181,36
9182,36
9183,36
9184,36
9185,36
9186,36
9187,36
9188,36
9189,36
9190,36
9191,36
9192,36
9193,36
9194,36
9195,36
9196,36
9197,36
9198,36
9199,36
9200,36
9201,36
9202,36
9203,36
9204,36
9205,36
9206,36
9207,36
9208,36
9209,36
9210,36
9211,36
9212,36
9213,36
9214,36
9215,36
9216,36
9217,36
9218,36
9219,36
9220,36
9221,36
9222,36
9223,36
9224,36
9225,36
9226,36
9227,36
9228,36
9229,36
9230,36
9231,36
9232,36
9233,36
9234,36
9235,36
9236,36
9237,36
9238,36
9239,36
9240,36
9241,36
9242,36
9243,36
9244,36
9245,36
9246,36
9247,36
9248,36
9249,36
9250,36
9251,36
9252,36
9253,36
9254,36
9255,36
9256,36
9257,36
9258,36
9259,36
9260,36
9261,36
9262,36
9263,36
9264,36
9265,36
9266,36
9267,36
9268,36
9269,36
9270,36
9271,36
9272,36
9273,36
9274,36
9275,36
9276,36
9277,36
9278,36
9279,36
9280,36
9281,36
9282,36
9283,36
9284,36
9285,36
9286,36
9287,36
9288,36
9289,36
9290,36
9291,36
9292,36
9293,36
9294,36
9295,36
9296,36
9297,36
9298,36
9299,36
9300,36
9301,36
9302,36
9303,36
9304,36
9305,36
9306,36
9307,36
9308,36
9309,36
9310,36
9311,36
9312,36
9313,36
9314,36
9315,36
9316,36
9317,36
9318,36
9319,36
9320,36
9321,36
9322,36
9323,36
9324,36
9325,36
9326,36
9327,36
9328,36
9329,36
9330,36
9331,36
9332,36
9333,36
9334,36
9335,36
9336,36
9337,36
9338,36
9339,36
9340,36
9341,36
9342,36
9343,36
9344,36
9345,36
9346,36
9347,36
9348,36
9349,36
9350,36
9351,36
9352,36
9353,36
9354,36
9355,36
9356,36
9357,36
9358,36
9359,36
9360,36
9361,36
9362,36
9363,36
9364,36
9365,36
9366,36
9367,36
9368,36
9369,36
9370,36
9371,36
9372,36
9373,36
9374,36
9375,36
9376,36
9377,36
9378,36
9379,36
9380,36
9381,36
9382,36
9383,36
9384,36
9385,36
9386,36
9387,36
9388,36
9389,36
9390,36
9391,36
9392,36
9393,36
9394,36
9395,36
9396,36
9397,36
9398,36
9399,36
9400,36
9401,36
9402,36
9403,36
9404,36
9405,36
9406,36
9407,36
9408,36
9409,36
9410,36
9411,36
9412,36
9413,36
9414,36
9415,36
9416,36
9417,36
9418,36
9419,36
9420,36
9421,36
9422,36
9423,36
9424,36
9425,36
9426,36
9427,36
9428,36
9429,36
9430,36
9431,36
9432,36
9433,36
9434,36
9435,36
9436,36
9437,36
9438,36
9439,36
9440,36
9441,36
9442,36
9443,36
9444,36
9445,36
9446,36
9447,36
9448,36
9449,36
9450,36
9451,36
9452,36
9453,36
9454,36
9455,36
9456,36
9457,36
9458,36
9459,36
9460,36
9461,36
9462,36
9463,36
9464,36
9465,36
9466,36
9467,36
9468,36
9469,36
9470,36
9471,36
9472,36
9473,36
9474,36
9475,36
9476,36
9477,36
9478,36
9479,36
9480,36
9481,36
9482,36
9483,36
9484,36
9485,36
9486,36
9487,36
9488,36
9489,36
9490,36
9491,36
9492,36
9493,36
9494,36
9495,36
9496,36
9497,36
9498,36
9499,36
9500,36
9501,36
9502,36
9503,36
9504,36
9505,36
9506,36
9507,36
9508,36
9509,36
9510,36
9511,36
9512,36
9513,36
9514,36
9515,36
9516,36
9517,36
9518,36
9519,36
9520,36
9521,36
9522,36
9523,36
9524,36
9525,36
9526,36
9527,36
9528,36
9529,36
9530,36
9531,36
9532,36
9533,36
9534,36
9535,36
9536,36
9537,36
9538,36
9539,36
9540,36
9541,36
9542,36
9543,36
9544,36
9545,36
9546,36
9547,36
9548,36
9549,36
9550,36
9551,36
9552,36
9553,36
9554,36
9555,36
9556,36
9557,36
9558,36
9559,36
9560,36
9561,36
9562,36
9563,36
9564,36
9565,36
9566,36
9567,36
9568,36
9569,36
9570,36
9571,36
9572,36
9573,36
9574,36
9575,36
9576,36
9577,36
9578,36
9579,36
9580,36
9581,36
9582,36
9583,36
9584,36
9585,36
9586,36
9587,36
9588,36
9589,36
9590,36
9591,36
9592,36
9593,36
9594,36
9595,36
9596,36
9597,36
9598,36
9599,36
9600,36
9601,36
9602,36
9603,36
9604,36
9605,36
9606,36
9607,36
9608,36
9609,36
9610,36
9611,36
9612,36
9613,36
9614,36
9615,36
9616,36
9617,36
9618,36
9619,36
9620,36
9621,36
9622,36
9623,36
9624,36
9625,36
9626,36
9627,36
9628,36
9629,36
9630,36
9631,36
9632,36
9633,36
9634,36
9635,36
9636,36
9637,36
9638,36
9639,36
9640,36
9641,36
9642,36
9643,36
9644,36
9645,36
9646,36
9647,36
9648,36
9649,36
9650,36
9651,36
9652,36
9653,36
9654,36
9655,36
9656,36
9657,36
9658,36
9659,36
9660,36
9661,36
9662,36
9663,36
9664,36
9665,36
9666,36
9667,36
9668,36
9669,36
9670,36
9671,36
9672,36
9673,36
9674,36
9675,36
9676,36
9677,36
9678,36
9679,36
9680,36
9681,36
9682,36
9683,36
9684,36
9685,36
9686,36
9687,36
9688,36
9689,36
9690,36
9691,36
9692,36
9693,36
9694,36
9695,36
9696,36
9697,36
9698,36
9699,36
9700,36
9701,36
9702,36
9703,36
9704,36
9705,36
9706,36
9707,36
9708,36
9709,36
9710,36
9711,36
9712,36
9713,36
9714,36
9715,36
9716,36
9717,36
9718,36
9719,36
9720,36
9721,36
9722,36
9723,36
9724,36
9725,36
9726,36
9727,36
9728,36
9729,36
9730,36
9731,36
9732,36
9733,36
9734,36
9735,36
9736,36
9737,36
9738,36
9739,36
9740,36
9741,36
9742,36
9743,36
9744,36
9745,36
9746,36
9747,36
9748,36
9749,36
9750,36
9751,36
9752,36
9753,36
9754,36
9755,36
9756,36
9757,36
9758,36
9759,36
9760,36
9761,36
9762,36
9763,36
9764,36
9765,36
9766,36
9767,36
9768,36
9769,36
9770,36
9771,36
9772,36
9773,36
9774,36
9775,36
9776,36
9777,36
9778,36
9779,36
9780,36
9781,36
9782,36
9783,36
9784,36
9785,36
9786,36
9787,36
9788,36
9789,36
9790,36
9791,36
9792,36
9793,36
9794,36
9795,36
9796,36
9797,36
9798,36
9799,36
9800,36
9801,36
9802,36
9803,36
9804,36
9805,36
9806,36
9807,36
9808,36
9809,36
9810,36
9811,36
9812,36
9813,36
9814,36
9815,36
9816,36
9817,36
9818,36
9819,36
9820,36
9821,36
9822,36
9823,36
9824,36
9825,36
9826,36
9827,36
9828,36
9829,36
9830,36
9831,36
9832,36
9833,36
9834,36
9835,36
9836,36
9837,36
9838,36
9839,36
9840,36
9841,36
9842,36
9843,36
9844,36
9845,36
9846,36
9847,36
9848,36
9849,36
9850,36
9851,36
9852,36
9853,36
9854,36
9855,36
9856,36
9857,36
9858,36
9859,36
9860,36
9861,36
9862,36
9863,36
9864,36
9865,36
9866,36
9867,36
9868,36
9869,36
9870,36
9871,36
9872,36
9873,36
9874,36
9875,36
9876,36
9877,36
9878,36
9879,36
9880,36
9881,36
9882,36
9883,36
9884,36
9885,36
9886,36
9887,36
9888,36
9889,36
9890,36
9891,36
9892,36
9893,36
9894,36
9895,36
9896,36
9897,36
9898,36
9899,36
9900,36
9901,36
9902,36
9903,36
9904,36
9905,36
9906,36
9907,36
9908,36
9909,36
9910,36
9911,36
9912,36
9913,36
9914,36
9915,36
9916,36
9917,36
9918,36
9919,36
9920,36
9921,36
9922,36
9923,36
9924,36
9925,36
9926,36
9927,36
9928,36
9929,36
9930,36
9931,36
9932,36
9933,36
9934,36
9935,36
9936,36
9937,36
9938,36
9939,36
9940,36
9941,36
9942,36
9943,36
9944,36
9945,36
9946,36
9947,36
9948,36
9949,36
9950,36
9951,36
9952,36
9953,36
9954,36
9955,36
9956,36
9957,36
9958,36
9959,36
9960,36
9961,36
9962,36
9963,36
9964,36
9965,36
9966,36
9967,36
9968,36
9969,36
9970,36
9971,36
9972,36
9973,36
9974,36
9975,36
9976,36
9977,36
9978,36
9979,36
9980,36
9981,36
9982,36
9983,36
9984,36
9985,36
9986,36
9987,36
9988,36
9989,36
9990,36
9991,36
9992,36
9993,36
9994,36
9995,36
9996,36
9997,36
9998,36
9999,36
