,pso
0,300
1,300
2,300
3,300
4,300
5,300
6,300
7,300
8,300
9,300
10,300
11,300
12,300
13,300
14,300
15,300
16,300
17,300
18,300
19,300
20,300
21,300
22,300
23,300
24,300
25,300
26,300
27,300
28,300
29,300
30,300
31,300
32,300
33,300
34,300
35,300
36,300
37,300
38,300
39,300
40,300
41,300
42,300
43,300
44,300
45,300
46,300
47,300
48,300
49,300
50,300
51,300
52,300
53,300
54,300
55,300
56,300
57,300
58,300
59,300
60,300
61,300
62,300
63,300
64,300
65,300
66,300
67,300
68,300
69,300
70,300
71,300
72,300
73,300
74,300
75,300
76,300
77,300
78,300
79,300
80,300
81,300
82,300
83,300
84,300
85,300
86,300
87,300
88,300
89,300
90,300
91,300
92,300
93,300
94,300
95,300
96,300
97,300
98,300
99,300
100,300
101,300
102,300
103,300
104,300
105,300
106,300
107,300
108,300
109,300
110,300
111,300
112,300
113,300
114,300
115,300
116,300
117,300
118,300
119,300
120,300
121,300
122,300
123,300
124,300
125,300
126,300
127,300
128,300
129,300
130,300
131,300
132,300
133,300
134,300
135,300
136,300
137,300
138,300
139,300
140,300
141,300
142,300
143,300
144,300
145,300
146,300
147,300
148,300
149,300
150,300
151,300
152,300
153,300
154,300
155,300
156,300
157,300
158,300
159,300
160,300
161,300
162,300
163,300
164,300
165,300
166,300
167,300
168,300
169,300
170,300
171,300
172,300
173,300
174,300
175,300
176,300
177,300
178,300
179,300
180,300
181,300
182,300
183,300
184,300
185,300
186,300
187,300
188,300
189,300
190,300
191,300
192,300
193,300
194,300
195,300
196,300
197,300
198,300
199,300
200,300
201,300
202,300
203,300
204,300
205,300
206,300
207,300
208,300
209,300
210,300
211,300
212,300
213,300
214,300
215,300
216,300
217,300
218,300
219,300
220,300
221,300
222,300
223,300
224,300
225,300
226,300
227,300
228,300
229,300
230,300
231,300
232,300
233,300
234,300
235,300
236,300
237,300
238,300
239,300
240,300
241,300
242,300
243,300
244,300
245,300
246,300
247,300
248,300
249,300
250,300
251,300
252,300
253,300
254,300
255,300
256,300
257,300
258,300
259,300
260,300
261,300
262,300
263,300
264,300
265,300
266,300
267,300
268,300
269,300
270,300
271,300
272,300
273,300
274,300
275,300
276,300
277,300
278,300
279,300
280,300
281,300
282,300
283,300
284,300
285,300
286,300
287,300
288,300
289,300
290,300
291,300
292,300
293,300
294,300
295,300
296,300
297,300
298,300
299,300
300,300
301,300
302,300
303,300
304,300
305,300
306,300
307,300
308,300
309,300
310,300
311,300
312,300
313,300
314,300
315,300
316,300
317,300
318,300
319,300
320,300
321,300
322,300
323,300
324,300
325,300
326,300
327,300
328,300
329,300
330,300
331,300
332,300
333,300
334,300
335,300
336,300
337,300
338,300
339,300
340,300
341,300
342,300
343,300
344,300
345,300
346,300
347,300
348,300
349,300
350,300
351,300
352,300
353,300
354,300
355,300
356,300
357,300
358,300
359,300
360,300
361,300
362,300
363,300
364,300
365,300
366,300
367,300
368,300
369,300
370,300
371,300
372,300
373,300
374,300
375,300
376,300
377,300
378,300
379,300
380,300
381,300
382,300
383,300
384,300
385,300
386,300
387,300
388,300
389,300
390,300
391,300
392,300
393,300
394,300
395,300
396,300
397,300
398,300
399,300
400,300
401,300
402,300
403,300
404,300
405,300
406,300
407,300
408,300
409,300
410,300
411,300
412,300
413,300
414,300
415,300
416,300
417,300
418,300
419,300
420,300
421,300
422,300
423,300
424,300
425,300
426,300
427,300
428,300
429,300
430,300
431,300
432,300
433,300
434,300
435,300
436,300
437,300
438,300
439,300
440,300
441,300
442,300
443,300
444,300
445,300
446,300
447,300
448,300
449,300
450,300
451,300
452,300
453,300
454,300
455,300
456,300
457,300
458,300
459,300
460,300
461,300
462,300
463,300
464,300
465,300
466,300
467,300
468,300
469,300
470,300
471,300
472,300
473,300
474,300
475,300
476,300
477,300
478,300
479,300
480,300
481,300
482,300
483,300
484,300
485,300
486,300
487,300
488,300
489,300
490,300
491,300
492,300
493,300
494,300
495,300
496,300
497,300
498,300
499,300
500,300
501,300
502,300
503,300
504,300
505,300
506,300
507,300
508,300
509,300
510,300
511,300
512,300
513,300
514,300
515,300
516,300
517,300
518,300
519,300
520,300
521,300
522,300
523,300
524,300
525,300
526,300
527,300
528,300
529,300
530,300
531,300
532,300
533,300
534,300
535,300
536,300
537,300
538,300
539,300
540,300
541,300
542,300
543,300
544,300
545,300
546,300
547,300
548,300
549,300
550,300
551,300
552,300
553,300
554,300
555,300
556,300
557,300
558,300
559,300
560,300
561,300
562,300
563,300
564,300
565,300
566,300
567,300
568,300
569,300
570,300
571,300
572,300
573,300
574,300
575,300
576,300
577,300
578,300
579,300
580,300
581,300
582,300
583,300
584,300
585,300
586,300
587,300
588,300
589,300
590,300
591,300
592,300
593,300
594,300
595,300
596,300
597,300
598,300
599,300
600,300
601,300
602,300
603,300
604,300
605,300
606,300
607,300
608,300
609,300
610,300
611,300
612,300
613,300
614,300
615,300
616,300
617,300
618,300
619,300
620,300
621,300
622,300
623,300
624,300
625,300
626,300
627,300
628,300
629,300
630,300
631,300
632,300
633,300
634,300
635,300
636,300
637,300
638,300
639,300
640,300
641,300
642,300
643,300
644,300
645,300
646,300
647,300
648,300
649,300
650,300
651,300
652,300
653,300
654,300
655,300
656,300
657,300
658,300
659,300
660,300
661,300
662,300
663,300
664,300
665,300
666,300
667,300
668,300
669,300
670,300
671,300
672,300
673,300
674,300
675,300
676,300
677,300
678,300
679,300
680,300
681,300
682,300
683,300
684,300
685,300
686,300
687,300
688,300
689,300
690,300
691,300
692,300
693,300
694,300
695,300
696,300
697,300
698,300
699,300
700,300
701,300
702,300
703,300
704,300
705,300
706,300
707,300
708,300
709,300
710,300
711,300
712,300
713,300
714,300
715,300
716,300
717,300
718,300
719,300
720,300
721,300
722,300
723,300
724,300
725,300
726,300
727,300
728,300
729,300
730,300
731,300
732,300
733,300
734,300
735,300
736,300
737,300
738,300
739,300
740,300
741,300
742,300
743,300
744,300
745,300
746,300
747,300
748,300
749,300
750,300
751,300
752,300
753,300
754,300
755,300
756,300
757,300
758,300
759,300
760,300
761,300
762,300
763,300
764,300
765,300
766,300
767,300
768,300
769,300
770,300
771,300
772,300
773,300
774,300
775,300
776,300
777,300
778,300
779,300
780,300
781,300
782,300
783,300
784,300
785,300
786,300
787,300
788,300
789,300
790,300
791,300
792,300
793,300
794,300
795,300
796,300
797,300
798,300
799,300
800,300
801,300
802,300
803,300
804,300
805,300
806,300
807,300
808,300
809,300
810,300
811,300
812,300
813,300
814,300
815,300
816,300
817,300
818,300
819,300
820,300
821,300
822,300
823,300
824,300
825,300
826,300
827,300
828,300
829,300
830,300
831,300
832,300
833,300
834,300
835,300
836,300
837,300
838,300
839,300
840,300
841,300
842,300
843,300
844,300
845,300
846,300
847,300
848,300
849,300
850,300
851,300
852,300
853,300
854,300
855,300
856,300
857,300
858,300
859,300
860,300
861,300
862,300
863,300
864,300
865,300
866,300
867,300
868,300
869,300
870,300
871,300
872,300
873,300
874,300
875,300
876,300
877,300
878,300
879,300
880,300
881,300
882,300
883,300
884,300
885,300
886,300
887,300
888,300
889,300
890,300
891,300
892,300
893,300
894,300
895,300
896,300
897,300
898,300
899,300
900,300
901,300
902,300
903,300
904,300
905,300
906,300
907,300
908,300
909,300
910,300
911,300
912,300
913,300
914,300
915,300
916,300
917,300
918,300
919,300
920,300
921,300
922,300
923,300
924,300
925,300
926,300
927,300
928,300
929,300
930,300
931,300
932,300
933,300
934,300
935,300
936,300
937,300
938,300
939,300
940,300
941,300
942,300
943,300
944,300
945,300
946,300
947,300
948,300
949,300
950,300
951,300
952,300
953,300
954,300
955,300
956,300
957,300
958,300
959,300
960,300
961,300
962,300
963,300
964,300
965,300
966,300
967,300
968,300
969,300
970,300
971,300
972,300
973,300
974,300
975,300
976,300
977,300
978,300
979,300
980,300
981,300
982,300
983,300
984,300
985,300
986,300
987,300
988,300
989,300
990,300
991,300
992,300
993,300
994,300
995,300
996,300
997,300
998,300
999,300
1000,300
1001,300
1002,300
1003,300
1004,300
1005,300
1006,300
1007,300
1008,300
1009,300
1010,300
1011,300
1012,300
1013,300
1014,300
1015,300
1016,300
1017,300
1018,300
1019,300
1020,300
1021,300
1022,300
1023,300
1024,300
1025,300
1026,300
1027,300
1028,300
1029,300
1030,300
1031,300
1032,300
1033,300
1034,300
1035,300
1036,300
1037,300
1038,300
1039,300
1040,300
1041,300
1042,300
1043,300
1044,300
1045,300
1046,300
1047,300
1048,300
1049,300
1050,300
1051,300
1052,300
1053,300
1054,300
1055,300
1056,300
1057,300
1058,300
1059,300
1060,300
1061,300
1062,300
1063,300
1064,300
1065,300
1066,300
1067,300
1068,300
1069,300
1070,300
1071,300
1072,300
1073,300
1074,300
1075,300
1076,300
1077,300
1078,300
1079,300
1080,300
1081,300
1082,300
1083,300
1084,300
1085,300
1086,300
1087,300
1088,300
1089,300
1090,300
1091,300
1092,300
1093,300
1094,300
1095,300
1096,300
1097,300
1098,300
1099,300
1100,300
1101,300
1102,300
1103,300
1104,300
1105,300
1106,300
1107,300
1108,300
1109,300
1110,300
1111,300
1112,300
1113,300
1114,300
1115,300
1116,300
1117,300
1118,300
1119,300
1120,300
1121,300
1122,300
1123,300
1124,300
1125,300
1126,300
1127,300
1128,300
1129,300
1130,300
1131,300
1132,300
1133,300
1134,300
1135,300
1136,300
1137,300
1138,300
1139,300
1140,300
1141,300
1142,300
1143,300
1144,300
1145,300
1146,300
1147,300
1148,300
1149,300
1150,300
1151,300
1152,300
1153,300
1154,300
1155,300
1156,300
1157,300
1158,300
1159,300
1160,300
1161,300
1162,300
1163,300
1164,300
1165,300
1166,300
1167,300
1168,300
1169,300
1170,300
1171,300
1172,300
1173,300
1174,300
1175,300
1176,300
1177,300
1178,300
1179,300
1180,300
1181,300
1182,300
1183,300
1184,300
1185,300
1186,300
1187,300
1188,300
1189,300
1190,300
1191,300
1192,300
1193,300
1194,300
1195,300
1196,300
1197,300
1198,300
1199,300
1200,300
1201,300
1202,300
1203,300
1204,300
1205,300
1206,300
1207,300
1208,300
1209,300
1210,300
1211,300
1212,300
1213,300
1214,300
1215,300
1216,300
1217,300
1218,300
1219,300
1220,300
1221,300
1222,300
1223,300
1224,300
1225,300
1226,300
1227,300
1228,300
1229,300
1230,300
1231,300
1232,300
1233,300
1234,300
1235,300
1236,300
1237,300
1238,300
1239,300
1240,300
1241,300
1242,300
1243,300
1244,300
1245,300
1246,300
1247,300
1248,300
1249,300
1250,300
1251,300
1252,300
1253,300
1254,300
1255,300
1256,300
1257,300
1258,300
1259,300
1260,300
1261,300
1262,300
1263,300
1264,300
1265,300
1266,300
1267,300
1268,300
1269,300
1270,300
1271,300
1272,300
1273,300
1274,300
1275,300
1276,300
1277,300
1278,300
1279,300
1280,300
1281,300
1282,300
1283,300
1284,300
1285,300
1286,300
1287,300
1288,300
1289,300
1290,300
1291,300
1292,300
1293,300
1294,300
1295,300
1296,300
1297,300
1298,300
1299,300
1300,300
1301,300
1302,300
1303,300
1304,300
1305,300
1306,300
1307,300
1308,300
1309,300
1310,300
1311,300
1312,300
1313,300
1314,300
1315,300
1316,300
1317,300
1318,300
1319,300
1320,300
1321,300
1322,300
1323,300
1324,300
1325,300
1326,300
1327,300
1328,300
1329,300
1330,300
1331,300
1332,300
1333,300
1334,300
1335,300
1336,300
1337,300
1338,300
1339,300
1340,300
1341,300
1342,300
1343,300
1344,300
1345,300
1346,300
1347,300
1348,300
1349,300
1350,300
1351,300
1352,300
1353,300
1354,300
1355,300
1356,300
1357,300
1358,300
1359,300
1360,300
1361,300
1362,300
1363,300
1364,300
1365,300
1366,300
1367,300
1368,300
1369,300
1370,300
1371,300
1372,300
1373,300
1374,300
1375,300
1376,300
1377,300
1378,300
1379,300
1380,300
1381,300
1382,300
1383,300
1384,300
1385,300
1386,300
1387,300
1388,300
1389,300
1390,300
1391,300
1392,300
1393,300
1394,300
1395,300
1396,300
1397,300
1398,300
1399,300
1400,300
1401,300
1402,300
1403,300
1404,300
1405,300
1406,300
1407,300
1408,300
1409,300
1410,300
1411,300
1412,300
1413,300
1414,300
1415,300
1416,300
1417,300
1418,300
1419,300
1420,300
1421,300
1422,300
1423,300
1424,300
1425,300
1426,300
1427,300
1428,300
1429,300
1430,300
1431,300
1432,300
1433,300
1434,300
1435,300
1436,300
1437,300
1438,300
1439,300
1440,300
1441,300
1442,300
1443,300
1444,300
1445,300
1446,300
1447,300
1448,300
1449,300
1450,300
1451,300
1452,300
1453,300
1454,300
1455,300
1456,300
1457,300
1458,300
1459,300
1460,300
1461,300
1462,300
1463,300
1464,300
1465,300
1466,300
1467,300
1468,300
1469,300
1470,300
1471,300
1472,300
1473,300
1474,300
1475,300
1476,300
1477,300
1478,300
1479,300
1480,300
1481,300
1482,300
1483,300
1484,300
1485,300
1486,300
1487,300
1488,300
1489,300
1490,300
1491,300
1492,300
1493,300
1494,300
1495,300
1496,300
1497,300
1498,300
1499,300
1500,300
1501,300
1502,300
1503,300
1504,299
1505,299
1506,299
1507,299
1508,299
1509,299
1510,299
1511,299
1512,299
1513,299
1514,299
1515,299
1516,299
1517,299
1518,299
1519,299
1520,299
1521,299
1522,299
1523,299
1524,299
1525,299
1526,299
1527,299
1528,299
1529,299
1530,299
1531,299
1532,299
1533,299
1534,299
1535,299
1536,299
1537,299
1538,299
1539,299
1540,299
1541,299
1542,299
1543,299
1544,299
1545,299
1546,299
1547,299
1548,299
1549,299
1550,299
1551,299
1552,299
1553,299
1554,299
1555,299
1556,299
1557,299
1558,299
1559,299
1560,299
1561,299
1562,299
1563,299
1564,299
1565,299
1566,299
1567,299
1568,299
1569,299
1570,299
1571,299
1572,299
1573,299
1574,299
1575,299
1576,299
1577,299
1578,299
1579,299
1580,299
1581,299
1582,299
1583,299
1584,299
1585,299
1586,299
1587,299
1588,299
1589,299
1590,299
1591,299
1592,299
1593,298
1594,298
1595,298
1596,298
1597,298
1598,298
1599,298
1600,298
1601,298
1602,298
1603,298
1604,298
1605,298
1606,298
1607,298
1608,298
1609,298
1610,298
1611,298
1612,298
1613,298
1614,298
1615,298
1616,298
1617,298
1618,298
1619,298
1620,298
1621,298
1622,298
1623,298
1624,298
1625,298
1626,298
1627,298
1628,298
1629,298
1630,298
1631,298
1632,298
1633,298
1634,298
1635,298
1636,298
1637,298
1638,298
1639,298
1640,298
1641,298
1642,298
1643,298
1644,298
1645,298
1646,298
1647,298
1648,298
1649,298
1650,298
1651,298
1652,298
1653,298
1654,298
1655,298
1656,298
1657,298
1658,298
1659,298
1660,298
1661,298
1662,298
1663,298
1664,298
1665,298
1666,298
1667,298
1668,298
1669,298
1670,298
1671,298
1672,298
1673,298
1674,298
1675,298
1676,298
1677,298
1678,298
1679,298
1680,298
1681,298
1682,298
1683,298
1684,298
1685,298
1686,298
1687,298
1688,298
1689,298
1690,298
1691,298
1692,298
1693,298
1694,298
1695,298
1696,298
1697,298
1698,298
1699,298
1700,298
1701,298
1702,298
1703,298
1704,298
1705,298
1706,298
1707,298
1708,298
1709,298
1710,298
1711,298
1712,298
1713,298
1714,298
1715,298
1716,298
1717,298
1718,298
1719,298
1720,298
1721,298
1722,298
1723,298
1724,298
1725,298
1726,298
1727,298
1728,298
1729,298
1730,298
1731,298
1732,298
1733,298
1734,297
1735,297
1736,297
1737,297
1738,297
1739,297
1740,297
1741,297
1742,297
1743,297
1744,297
1745,297
1746,297
1747,297
1748,297
1749,297
1750,297
1751,297
1752,297
1753,297
1754,297
1755,297
1756,297
1757,297
1758,297
1759,297
1760,297
1761,297
1762,297
1763,297
1764,297
1765,296
1766,296
1767,296
1768,296
1769,296
1770,296
1771,296
1772,296
1773,296
1774,296
1775,296
1776,296
1777,296
1778,296
1779,296
1780,296
1781,296
1782,296
1783,296
1784,296
1785,296
1786,296
1787,296
1788,296
1789,296
1790,296
1791,296
1792,296
1793,296
1794,296
1795,296
1796,296
1797,296
1798,296
1799,296
1800,296
1801,296
1802,296
1803,296
1804,296
1805,296
1806,296
1807,296
1808,296
1809,296
1810,296
1811,296
1812,296
1813,296
1814,296
1815,296
1816,296
1817,296
1818,296
1819,296
1820,296
1821,296
1822,296
1823,296
1824,296
1825,296
1826,296
1827,296
1828,296
1829,296
1830,296
1831,296
1832,296
1833,296
1834,296
1835,296
1836,296
1837,296
1838,296
1839,296
1840,296
1841,296
1842,296
1843,296
1844,296
1845,296
1846,296
1847,296
1848,296
1849,296
1850,296
1851,296
1852,296
1853,296
1854,296
1855,296
1856,296
1857,296
1858,296
1859,296
1860,296
1861,296
1862,296
1863,296
1864,296
1865,296
1866,296
1867,296
1868,296
1869,296
1870,296
1871,296
1872,296
1873,296
1874,296
1875,296
1876,296
1877,296
1878,296
1879,296
1880,296
1881,296
1882,296
1883,296
1884,296
1885,296
1886,296
1887,296
1888,296
1889,296
1890,296
1891,296
1892,296
1893,296
1894,296
1895,296
1896,296
1897,296
1898,296
1899,296
1900,296
1901,296
1902,296
1903,296
1904,296
1905,296
1906,296
1907,296
1908,296
1909,296
1910,296
1911,296
1912,296
1913,296
1914,296
1915,296
1916,296
1917,296
1918,296
1919,296
1920,296
1921,296
1922,296
1923,296
1924,296
1925,296
1926,296
1927,296
1928,296
1929,296
1930,296
1931,295
1932,295
1933,295
1934,295
1935,295
1936,295
1937,295
1938,295
1939,295
1940,295
1941,295
1942,295
1943,295
1944,295
1945,295
1946,294
1947,294
1948,293
1949,293
1950,293
1951,293
1952,293
1953,292
1954,292
1955,292
1956,292
1957,292
1958,291
1959,291
1960,290
1961,290
1962,290
1963,289
1964,289
1965,289
1966,288
1967,288
1968,288
1969,288
1970,287
1971,286
1972,286
1973,285
1974,284
1975,283
1976,282
1977,280
1978,280
1979,279
1980,278
1981,277
1982,276
1983,275
1984,274
1985,274
1986,273
1987,273
1988,273
1989,272
1990,270
1991,269
1992,268
1993,266
1994,265
1995,263
1996,262
1997,261
1998,259
1999,257
2000,254
2001,253
2002,252
2003,251
2004,247
2005,246
2006,245
2007,244
2008,243
2009,243
2010,243
2011,243
2012,243
2013,243
2014,243
2015,243
2016,243
2017,243
2018,243
2019,243
2020,243
2021,243
2022,243
2023,243
2024,243
2025,243
2026,243
2027,243
2028,242
2029,242
2030,242
2031,242
2032,242
2033,242
2034,242
2035,242
2036,242
2037,242
2038,242
2039,242
2040,242
2041,242
2042,242
2043,242
2044,242
2045,242
2046,242
2047,242
2048,242
2049,242
2050,242
2051,242
2052,242
2053,242
2054,242
2055,242
2056,242
2057,242
2058,242
2059,242
2060,242
2061,242
2062,242
2063,242
2064,242
2065,242
2066,242
2067,242
2068,242
2069,242
2070,242
2071,242
2072,242
2073,242
2074,242
2075,242
2076,242
2077,242
2078,242
2079,242
2080,242
2081,242
2082,242
2083,242
2084,242
2085,242
2086,242
2087,242
2088,242
2089,242
2090,242
2091,242
2092,242
2093,242
2094,242
2095,242
2096,242
2097,242
2098,242
2099,241
2100,241
2101,241
2102,241
2103,241
2104,241
2105,241
2106,241
2107,241
2108,241
2109,241
2110,241
2111,241
2112,241
2113,241
2114,241
2115,241
2116,241
2117,241
2118,241
2119,241
2120,241
2121,241
2122,241
2123,241
2124,241
2125,241
2126,241
2127,241
2128,241
2129,241
2130,241
2131,241
2132,241
2133,241
2134,241
2135,241
2136,241
2137,241
2138,241
2139,241
2140,241
2141,241
2142,241
2143,241
2144,241
2145,241
2146,241
2147,241
2148,241
2149,241
2150,241
2151,241
2152,241
2153,241
2154,241
2155,241
2156,241
2157,241
2158,241
2159,241
2160,241
2161,241
2162,241
2163,241
2164,241
2165,241
2166,241
2167,241
2168,241
2169,241
2170,241
2171,241
2172,241
2173,241
2174,241
2175,241
2176,241
2177,241
2178,241
2179,241
2180,241
2181,241
2182,241
2183,241
2184,241
2185,241
2186,241
2187,241
2188,241
2189,241
2190,241
2191,241
2192,241
2193,241
2194,241
2195,241
2196,241
2197,241
2198,241
2199,241
2200,241
2201,241
2202,241
2203,241
2204,241
2205,241
2206,241
2207,241
2208,241
2209,241
2210,241
2211,241
2212,241
2213,241
2214,241
2215,241
2216,241
2217,241
2218,241
2219,241
2220,241
2221,241
2222,241
2223,241
2224,241
2225,241
2226,241
2227,241
2228,241
2229,241
2230,241
2231,241
2232,241
2233,241
2234,241
2235,241
2236,241
2237,241
2238,241
2239,241
2240,241
2241,241
2242,241
2243,241
2244,241
2245,241
2246,241
2247,241
2248,241
2249,241
2250,241
2251,241
2252,241
2253,241
2254,241
2255,241
2256,241
2257,241
2258,241
2259,241
2260,241
2261,241
2262,241
2263,241
2264,241
2265,241
2266,241
2267,241
2268,241
2269,241
2270,241
2271,241
2272,241
2273,241
2274,241
2275,241
2276,241
2277,241
2278,241
2279,241
2280,241
2281,241
2282,241
2283,241
2284,241
2285,241
2286,241
2287,241
2288,241
2289,241
2290,241
2291,241
2292,241
2293,241
2294,241
2295,241
2296,241
2297,241
2298,241
2299,241
2300,241
2301,241
2302,241
2303,241
2304,240
2305,240
2306,240
2307,240
2308,240
2309,240
2310,240
2311,239
2312,239
2313,239
2314,238
2315,238
2316,238
2317,238
2318,237
2319,237
2320,236
2321,236
2322,236
2323,236
2324,236
2325,236
2326,235
2327,235
2328,235
2329,235
2330,235
2331,235
2332,233
2333,233
2334,231
2335,230
2336,230
2337,229
2338,228
2339,227
2340,226
2341,226
2342,226
2343,225
2344,225
2345,225
2346,225
2347,225
2348,225
2349,224
2350,224
2351,224
2352,223
2353,223
2354,223
2355,220
2356,219
2357,217
2358,217
2359,216
2360,215
2361,214
2362,213
2363,213
2364,212
2365,212
2366,210
2367,208
2368,206
2369,206
2370,205
2371,204
2372,203
2373,202
2374,201
2375,199
2376,198
2377,196
2378,195
2379,194
2380,193
2381,192
2382,191
2383,189
2384,188
2385,186
2386,184
2387,183
2388,182
2389,180
2390,180
2391,180
2392,180
2393,180
2394,180
2395,180
2396,180
2397,180
2398,180
2399,180
2400,180
2401,180
2402,180
2403,180
2404,180
2405,180
2406,180
2407,180
2408,180
2409,180
2410,180
2411,180
2412,180
2413,180
2414,180
2415,180
2416,180
2417,180
2418,180
2419,180
2420,180
2421,180
2422,180
2423,180
2424,180
2425,180
2426,180
2427,180
2428,180
2429,180
2430,180
2431,180
2432,180
2433,180
2434,180
2435,180
2436,180
2437,180
2438,180
2439,180
2440,180
2441,180
2442,180
2443,180
2444,180
2445,180
2446,180
2447,180
2448,180
2449,180
2450,180
2451,180
2452,180
2453,180
2454,180
2455,180
2456,180
2457,180
2458,180
2459,180
2460,180
2461,180
2462,180
2463,180
2464,180
2465,180
2466,180
2467,179
2468,179
2469,179
2470,179
2471,179
2472,179
2473,179
2474,179
2475,179
2476,179
2477,179
2478,179
2479,179
2480,179
2481,179
2482,179
2483,179
2484,179
2485,179
2486,179
2487,179
2488,179
2489,179
2490,179
2491,179
2492,179
2493,179
2494,179
2495,179
2496,179
2497,179
2498,179
2499,179
2500,179
2501,179
2502,179
2503,179
2504,179
2505,179
2506,179
2507,179
2508,179
2509,179
2510,179
2511,179
2512,179
2513,179
2514,179
2515,179
2516,179
2517,179
2518,179
2519,179
2520,179
2521,179
2522,179
2523,179
2524,179
2525,179
2526,179
2527,179
2528,179
2529,179
2530,179
2531,179
2532,179
2533,179
2534,179
2535,179
2536,179
2537,179
2538,179
2539,179
2540,179
2541,179
2542,179
2543,179
2544,179
2545,179
2546,179
2547,179
2548,179
2549,179
2550,179
2551,179
2552,179
2553,179
2554,179
2555,179
2556,179
2557,179
2558,179
2559,179
2560,179
2561,179
2562,179
2563,179
2564,179
2565,179
2566,179
2567,179
2568,179
2569,179
2570,179
2571,179
2572,179
2573,179
2574,179
2575,179
2576,179
2577,179
2578,179
2579,179
2580,179
2581,179
2582,179
2583,179
2584,179
2585,179
2586,179
2587,179
2588,179
2589,179
2590,179
2591,179
2592,179
2593,179
2594,179
2595,179
2596,179
2597,179
2598,179
2599,179
2600,179
2601,179
2602,179
2603,179
2604,179
2605,179
2606,179
2607,179
2608,179
2609,179
2610,179
2611,179
2612,179
2613,179
2614,179
2615,179
2616,179
2617,179
2618,179
2619,179
2620,179
2621,179
2622,179
2623,179
2624,179
2625,179
2626,179
2627,179
2628,179
2629,179
2630,179
2631,179
2632,179
2633,179
2634,179
2635,179
2636,179
2637,179
2638,179
2639,179
2640,179
2641,179
2642,179
2643,179
2644,179
2645,179
2646,179
2647,179
2648,179
2649,179
2650,179
2651,179
2652,179
2653,179
2654,179
2655,179
2656,179
2657,179
2658,179
2659,179
2660,179
2661,179
2662,179
2663,179
2664,179
2665,179
2666,179
2667,179
2668,179
2669,179
2670,179
2671,178
2672,178
2673,178
2674,178
2675,178
2676,178
2677,177
2678,177
2679,177
2680,177
2681,177
2682,177
2683,177
2684,177
2685,177
2686,177
2687,177
2688,177
2689,177
2690,177
2691,177
2692,177
2693,177
2694,177
2695,177
2696,177
2697,177
2698,177
2699,177
2700,177
2701,177
2702,177
2703,177
2704,177
2705,177
2706,177
2707,177
2708,177
2709,177
2710,177
2711,177
2712,177
2713,177
2714,177
2715,177
2716,177
2717,177
2718,177
2719,177
2720,177
2721,177
2722,177
2723,177
2724,177
2725,176
2726,176
2727,176
2728,176
2729,176
2730,176
2731,176
2732,176
2733,176
2734,176
2735,176
2736,176
2737,175
2738,175
2739,175
2740,175
2741,175
2742,175
2743,175
2744,175
2745,175
2746,175
2747,175
2748,175
2749,175
2750,175
2751,175
2752,175
2753,175
2754,175
2755,175
2756,175
2757,175
2758,175
2759,175
2760,175
2761,175
2762,175
2763,175
2764,175
2765,175
2766,175
2767,175
2768,175
2769,175
2770,175
2771,175
2772,175
2773,175
2774,175
2775,175
2776,175
2777,175
2778,175
2779,175
2780,175
2781,175
2782,175
2783,175
2784,175
2785,175
2786,174
2787,174
2788,174
2789,174
2790,174
2791,174
2792,174
2793,174
2794,174
2795,174
2796,174
2797,174
2798,174
2799,174
2800,174
2801,174
2802,174
2803,174
2804,174
2805,174
2806,174
2807,174
2808,174
2809,174
2810,174
2811,174
2812,174
2813,174
2814,174
2815,174
2816,174
2817,174
2818,174
2819,174
2820,174
2821,174
2822,174
2823,174
2824,174
2825,173
2826,173
2827,173
2828,173
2829,173
2830,173
2831,173
2832,173
2833,173
2834,173
2835,173
2836,173
2837,173
2838,173
2839,173
2840,173
2841,173
2842,173
2843,173
2844,173
2845,173
2846,173
2847,173
2848,173
2849,173
2850,173
2851,173
2852,173
2853,172
2854,172
2855,172
2856,172
2857,172
2858,172
2859,171
2860,171
2861,171
2862,171
2863,171
2864,171
2865,171
2866,171
2867,171
2868,171
2869,171
2870,171
2871,171
2872,171
2873,171
2874,171
2875,171
2876,171
2877,171
2878,171
2879,171
2880,171
2881,171
2882,171
2883,171
2884,171
2885,171
2886,171
2887,171
2888,171
2889,171
2890,171
2891,171
2892,171
2893,171
2894,171
2895,171
2896,171
2897,171
2898,171
2899,171
2900,171
2901,171
2902,171
2903,171
2904,171
2905,171
2906,171
2907,171
2908,171
2909,171
2910,171
2911,171
2912,171
2913,171
2914,171
2915,171
2916,171
2917,171
2918,171
2919,171
2920,170
2921,170
2922,170
2923,170
2924,170
2925,170
2926,170
2927,170
2928,170
2929,170
2930,170
2931,170
2932,170
2933,170
2934,170
2935,170
2936,170
2937,170
2938,170
2939,170
2940,170
2941,170
2942,170
2943,170
2944,170
2945,170
2946,170
2947,170
2948,170
2949,170
2950,170
2951,170
2952,170
2953,170
2954,170
2955,170
2956,170
2957,170
2958,170
2959,170
2960,170
2961,170
2962,170
2963,170
2964,170
2965,170
2966,170
2967,170
2968,170
2969,170
2970,170
2971,170
2972,170
2973,170
2974,170
2975,170
2976,170
2977,170
2978,170
2979,170
2980,170
2981,170
2982,170
2983,170
2984,170
2985,170
2986,170
2987,170
2988,170
2989,170
2990,170
2991,170
2992,170
2993,170
2994,170
2995,170
2996,170
2997,170
2998,170
2999,170
3000,170
3001,170
3002,170
3003,170
3004,170
3005,170
3006,170
3007,170
3008,170
3009,170
3010,170
3011,170
3012,170
3013,170
3014,170
3015,170
3016,170
3017,170
3018,170
3019,170
3020,170
3021,170
3022,170
3023,170
3024,170
3025,170
3026,170
3027,170
3028,170
3029,170
3030,170
3031,170
3032,170
3033,169
3034,169
3035,169
3036,169
3037,169
3038,169
3039,169
3040,169
3041,169
3042,169
3043,169
3044,169
3045,169
3046,169
3047,169
3048,169
3049,169
3050,169
3051,169
3052,169
3053,169
3054,169
3055,169
3056,169
3057,169
3058,169
3059,169
3060,169
3061,169
3062,169
3063,169
3064,169
3065,169
3066,169
3067,169
3068,169
3069,168
3070,168
3071,168
3072,168
3073,168
3074,168
3075,168
3076,168
3077,167
3078,167
3079,167
3080,167
3081,167
3082,167
3083,167
3084,167
3085,167
3086,167
3087,167
3088,167
3089,167
3090,167
3091,167
3092,167
3093,167
3094,167
3095,167
3096,167
3097,167
3098,167
3099,167
3100,167
3101,167
3102,167
3103,167
3104,167
3105,167
3106,167
3107,167
3108,167
3109,167
3110,167
3111,167
3112,167
3113,167
3114,167
3115,167
3116,167
3117,167
3118,167
3119,167
3120,167
3121,167
3122,167
3123,167
3124,167
3125,167
3126,167
3127,167
3128,167
3129,167
3130,167
3131,167
3132,167
3133,167
3134,167
3135,167
3136,167
3137,167
3138,167
3139,167
3140,167
3141,167
3142,167
3143,167
3144,167
3145,167
3146,167
3147,167
3148,167
3149,167
3150,167
3151,167
3152,167
3153,167
3154,167
3155,167
3156,167
3157,167
3158,167
3159,167
3160,167
3161,167
3162,167
3163,167
3164,167
3165,167
3166,166
3167,166
3168,166
3169,166
3170,166
3171,166
3172,166
3173,166
3174,166
3175,166
3176,166
3177,166
3178,166
3179,165
3180,165
3181,165
3182,165
3183,165
3184,165
3185,165
3186,165
3187,165
3188,165
3189,165
3190,165
3191,165
3192,165
3193,165
3194,165
3195,165
3196,165
3197,165
3198,165
3199,165
3200,165
3201,165
3202,165
3203,165
3204,165
3205,165
3206,165
3207,165
3208,165
3209,165
3210,165
3211,165
3212,165
3213,165
3214,165
3215,165
3216,165
3217,165
3218,165
3219,165
3220,165
3221,165
3222,165
3223,165
3224,165
3225,165
3226,165
3227,165
3228,165
3229,165
3230,165
3231,165
3232,165
3233,165
3234,165
3235,165
3236,165
3237,165
3238,165
3239,165
3240,165
3241,165
3242,165
3243,165
3244,165
3245,165
3246,165
3247,165
3248,165
3249,165
3250,165
3251,165
3252,165
3253,165
3254,165
3255,165
3256,165
3257,165
3258,165
3259,165
3260,165
3261,165
3262,165
3263,165
3264,165
3265,165
3266,165
3267,165
3268,165
3269,165
3270,165
3271,165
3272,165
3273,165
3274,165
3275,165
3276,165
3277,165
3278,165
3279,165
3280,165
3281,165
3282,165
3283,165
3284,165
3285,165
3286,165
3287,165
3288,165
3289,165
3290,165
3291,164
3292,164
3293,164
3294,164
3295,164
3296,164
3297,164
3298,164
3299,164
3300,163
3301,163
3302,163
3303,163
3304,163
3305,163
3306,163
3307,163
3308,163
3309,163
3310,163
3311,163
3312,163
3313,163
3314,163
3315,163
3316,163
3317,163
3318,163
3319,163
3320,163
3321,163
3322,163
3323,163
3324,163
3325,162
3326,162
3327,162
3328,162
3329,162
3330,162
3331,162
3332,162
3333,162
3334,162
3335,162
3336,162
3337,162
3338,162
3339,162
3340,162
3341,161
3342,161
3343,161
3344,161
3345,161
3346,161
3347,160
3348,160
3349,160
3350,160
3351,159
3352,159
3353,159
3354,159
3355,159
3356,159
3357,159
3358,159
3359,159
3360,159
3361,159
3362,159
3363,159
3364,159
3365,159
3366,159
3367,159
3368,159
3369,159
3370,159
3371,159
3372,159
3373,159
3374,159
3375,159
3376,159
3377,159
3378,159
3379,159
3380,159
3381,159
3382,159
3383,159
3384,159
3385,159
3386,159
3387,159
3388,159
3389,159
3390,159
3391,159
3392,159
3393,159
3394,159
3395,159
3396,159
3397,159
3398,159
3399,159
3400,159
3401,159
3402,159
3403,159
3404,159
3405,159
3406,159
3407,159
3408,159
3409,159
3410,159
3411,159
3412,159
3413,159
3414,159
3415,159
3416,159
3417,159
3418,159
3419,159
3420,159
3421,159
3422,159
3423,159
3424,159
3425,159
3426,159
3427,159
3428,159
3429,159
3430,159
3431,159
3432,159
3433,159
3434,159
3435,159
3436,159
3437,159
3438,159
3439,159
3440,159
3441,159
3442,159
3443,159
3444,159
3445,159
3446,159
3447,159
3448,159
3449,159
3450,159
3451,159
3452,159
3453,159
3454,159
3455,159
3456,159
3457,159
3458,159
3459,159
3460,159
3461,159
3462,159
3463,159
3464,159
3465,159
3466,159
3467,159
3468,159
3469,159
3470,159
3471,159
3472,159
3473,159
3474,159
3475,159
3476,159
3477,159
3478,159
3479,159
3480,159
3481,159
3482,159
3483,159
3484,159
3485,159
3486,159
3487,159
3488,159
3489,159
3490,158
3491,158
3492,158
3493,158
3494,158
3495,158
3496,158
3497,158
3498,158
3499,158
3500,158
3501,158
3502,158
3503,158
3504,158
3505,158
3506,157
3507,157
3508,157
3509,157
3510,157
3511,157
3512,157
3513,157
3514,157
3515,157
3516,157
3517,157
3518,157
3519,157
3520,157
3521,157
3522,157
3523,157
3524,157
3525,157
3526,157
3527,157
3528,157
3529,157
3530,157
3531,157
3532,157
3533,157
3534,157
3535,157
3536,157
3537,157
3538,157
3539,157
3540,157
3541,157
3542,157
3543,157
3544,157
3545,157
3546,157
3547,157
3548,157
3549,157
3550,157
3551,157
3552,157
3553,157
3554,157
3555,157
3556,157
3557,157
3558,157
3559,157
3560,157
3561,157
3562,157
3563,157
3564,157
3565,157
3566,157
3567,157
3568,157
3569,157
3570,157
3571,157
3572,157
3573,157
3574,157
3575,157
3576,157
3577,157
3578,157
3579,157
3580,157
3581,157
3582,157
3583,157
3584,157
3585,157
3586,157
3587,157
3588,157
3589,157
3590,157
3591,157
3592,157
3593,156
3594,156
3595,156
3596,156
3597,156
3598,156
3599,156
3600,156
3601,156
3602,156
3603,156
3604,156
3605,156
3606,156
3607,156
3608,156
3609,156
3610,156
3611,156
3612,156
3613,156
3614,156
3615,156
3616,156
3617,156
3618,156
3619,156
3620,156
3621,155
3622,155
3623,155
3624,155
3625,155
3626,155
3627,155
3628,155
3629,155
3630,155
3631,155
3632,155
3633,155
3634,155
3635,155
3636,155
3637,155
3638,155
3639,155
3640,155
3641,155
3642,155
3643,155
3644,155
3645,155
3646,155
3647,155
3648,155
3649,155
3650,155
3651,155
3652,155
3653,155
3654,155
3655,155
3656,155
3657,155
3658,155
3659,155
3660,155
3661,155
3662,155
3663,155
3664,155
3665,155
3666,155
3667,155
3668,155
3669,155
3670,155
3671,155
3672,155
3673,155
3674,155
3675,155
3676,155
3677,155
3678,155
3679,155
3680,155
3681,155
3682,155
3683,155
3684,155
3685,155
3686,155
3687,155
3688,155
3689,155
3690,154
3691,154
3692,154
3693,154
3694,154
3695,154
3696,153
3697,153
3698,153
3699,153
3700,153
3701,153
3702,153
3703,153
3704,153
3705,153
3706,153
3707,153
3708,153
3709,153
3710,153
3711,153
3712,153
3713,153
3714,153
3715,153
3716,153
3717,153
3718,153
3719,153
3720,153
3721,153
3722,153
3723,152
3724,152
3725,152
3726,152
3727,152
3728,152
3729,152
3730,152
3731,152
3732,152
3733,152
3734,152
3735,152
3736,152
3737,152
3738,152
3739,152
3740,152
3741,152
3742,152
3743,152
3744,152
3745,152
3746,152
3747,152
3748,152
3749,152
3750,152
3751,152
3752,152
3753,152
3754,152
3755,152
3756,152
3757,152
3758,152
3759,152
3760,152
3761,152
3762,152
3763,152
3764,152
3765,152
3766,152
3767,152
3768,152
3769,152
3770,152
3771,152
3772,152
3773,152
3774,151
3775,151
3776,151
3777,151
3778,151
3779,151
3780,151
3781,151
3782,151
3783,151
3784,151
3785,151
3786,151
3787,151
3788,151
3789,151
3790,151
3791,151
3792,151
3793,151
3794,151
3795,151
3796,151
3797,151
3798,151
3799,151
3800,151
3801,151
3802,151
3803,151
3804,151
3805,151
3806,151
3807,151
3808,151
3809,151
3810,151
3811,151
3812,151
3813,151
3814,151
3815,151
3816,151
3817,151
3818,151
3819,151
3820,151
3821,151
3822,151
3823,151
3824,151
3825,151
3826,151
3827,151
3828,151
3829,151
3830,151
3831,151
3832,151
3833,151
3834,151
3835,151
3836,151
3837,150
3838,150
3839,150
3840,150
3841,149
3842,149
3843,149
3844,149
3845,149
3846,149
3847,149
3848,149
3849,149
3850,149
3851,149
3852,149
3853,149
3854,149
3855,149
3856,149
3857,149
3858,149
3859,149
3860,149
3861,149
3862,149
3863,149
3864,149
3865,149
3866,149
3867,149
3868,149
3869,149
3870,149
3871,149
3872,149
3873,149
3874,149
3875,149
3876,149
3877,149
3878,149
3879,149
3880,149
3881,149
3882,149
3883,148
3884,148
3885,148
3886,148
3887,148
3888,148
3889,148
3890,148
3891,148
3892,148
3893,148
3894,148
3895,148
3896,148
3897,148
3898,148
3899,148
3900,148
3901,148
3902,148
3903,148
3904,148
3905,148
3906,148
3907,148
3908,148
3909,148
3910,148
3911,148
3912,148
3913,148
3914,148
3915,148
3916,148
3917,148
3918,148
3919,148
3920,148
3921,148
3922,148
3923,148
3924,148
3925,148
3926,148
3927,148
3928,148
3929,148
3930,148
3931,148
3932,148
3933,148
3934,148
3935,148
3936,148
3937,148
3938,148
3939,148
3940,148
3941,148
3942,148
3943,148
3944,148
3945,148
3946,148
3947,148
3948,148
3949,148
3950,147
3951,147
3952,147
3953,147
3954,147
3955,147
3956,147
3957,147
3958,147
3959,147
3960,147
3961,147
3962,147
3963,147
3964,147
3965,147
3966,147
3967,147
3968,147
3969,147
3970,147
3971,147
3972,147
3973,147
3974,147
3975,147
3976,147
3977,147
3978,147
3979,147
3980,147
3981,147
3982,147
3983,147
3984,147
3985,147
3986,147
3987,147
3988,147
3989,147
3990,147
3991,147
3992,147
3993,146
3994,146
3995,146
3996,146
3997,146
3998,146
3999,146
4000,146
4001,146
4002,146
4003,146
4004,146
4005,146
4006,146
4007,146
4008,146
4009,146
4010,146
4011,146
4012,146
4013,146
4014,146
4015,146
4016,146
4017,146
4018,146
4019,146
4020,146
4021,146
4022,146
4023,146
4024,146
4025,146
4026,146
4027,146
4028,146
4029,146
4030,146
4031,146
4032,146
4033,146
4034,146
4035,146
4036,146
4037,146
4038,146
4039,146
4040,146
4041,146
4042,145
4043,145
4044,145
4045,145
4046,145
4047,145
4048,145
4049,145
4050,145
4051,145
4052,145
4053,145
4054,145
4055,145
4056,145
4057,145
4058,145
4059,145
4060,145
4061,145
4062,145
4063,145
4064,145
4065,145
4066,145
4067,145
4068,145
4069,145
4070,145
4071,145
4072,145
4073,145
4074,145
4075,145
4076,145
4077,145
4078,145
4079,145
4080,145
4081,145
4082,145
4083,145
4084,145
4085,145
4086,145
4087,145
4088,145
4089,145
4090,145
4091,145
4092,145
4093,145
4094,145
4095,145
4096,145
4097,145
4098,145
4099,145
4100,145
4101,145
4102,145
4103,145
4104,145
4105,145
4106,145
4107,145
4108,145
4109,145
4110,145
4111,145
4112,145
4113,145
4114,145
4115,145
4116,145
4117,145
4118,145
4119,145
4120,145
4121,145
4122,145
4123,145
4124,145
4125,145
4126,145
4127,145
4128,145
4129,145
4130,145
4131,145
4132,145
4133,145
4134,145
4135,145
4136,145
4137,145
4138,145
4139,145
4140,145
4141,145
4142,145
4143,145
4144,145
4145,145
4146,145
4147,145
4148,145
4149,145
4150,145
4151,145
4152,145
4153,145
4154,145
4155,145
4156,145
4157,145
4158,145
4159,145
4160,145
4161,145
4162,145
4163,145
4164,145
4165,145
4166,145
4167,145
4168,145
4169,145
4170,145
4171,145
4172,145
4173,145
4174,145
4175,145
4176,145
4177,145
4178,145
4179,145
4180,145
4181,145
4182,145
4183,144
4184,144
4185,144
4186,144
4187,144
4188,144
4189,144
4190,144
4191,144
4192,144
4193,144
4194,144
4195,144
4196,144
4197,144
4198,144
4199,144
4200,144
4201,144
4202,144
4203,144
4204,144
4205,144
4206,144
4207,144
4208,144
4209,144
4210,144
4211,144
4212,144
4213,144
4214,144
4215,144
4216,144
4217,144
4218,144
4219,144
4220,144
4221,144
4222,144
4223,144
4224,144
4225,144
4226,144
4227,144
4228,144
4229,144
4230,144
4231,144
4232,144
4233,144
4234,144
4235,144
4236,144
4237,144
4238,144
4239,144
4240,144
4241,144
4242,144
4243,144
4244,144
4245,144
4246,144
4247,144
4248,144
4249,144
4250,144
4251,144
4252,144
4253,144
4254,144
4255,144
4256,144
4257,144
4258,144
4259,144
4260,144
4261,144
4262,144
4263,144
4264,144
4265,144
4266,144
4267,144
4268,144
4269,144
4270,144
4271,144
4272,144
4273,144
4274,144
4275,144
4276,144
4277,144
4278,144
4279,144
4280,144
4281,144
4282,144
4283,144
4284,144
4285,144
4286,144
4287,144
4288,144
4289,144
4290,144
4291,144
4292,144
4293,144
4294,144
4295,144
4296,144
4297,144
4298,144
4299,144
4300,144
4301,144
4302,144
4303,144
4304,144
4305,144
4306,144
4307,144
4308,144
4309,144
4310,144
4311,144
4312,144
4313,144
4314,144
4315,144
4316,144
4317,144
4318,144
4319,144
4320,144
4321,144
4322,144
4323,144
4324,144
4325,144
4326,144
4327,144
4328,144
4329,144
4330,144
4331,144
4332,144
4333,144
4334,144
4335,144
4336,144
4337,144
4338,144
4339,144
4340,144
4341,144
4342,144
4343,144
4344,144
4345,144
4346,144
4347,144
4348,144
4349,144
4350,144
4351,144
4352,144
4353,144
4354,143
4355,143
4356,143
4357,143
4358,143
4359,143
4360,143
4361,143
4362,143
4363,143
4364,143
4365,143
4366,143
4367,142
4368,142
4369,142
4370,142
4371,142
4372,142
4373,142
4374,142
4375,142
4376,142
4377,142
4378,142
4379,142
4380,142
4381,142
4382,142
4383,142
4384,142
4385,142
4386,142
4387,142
4388,142
4389,142
4390,141
4391,141
4392,141
4393,141
4394,141
4395,141
4396,141
4397,141
4398,141
4399,141
4400,141
4401,141
4402,141
4403,141
4404,141
4405,141
4406,141
4407,141
4408,141
4409,141
4410,141
4411,141
4412,141
4413,141
4414,141
4415,140
4416,140
4417,140
4418,140
4419,140
4420,140
4421,140
4422,140
4423,140
4424,140
4425,140
4426,140
4427,140
4428,140
4429,140
4430,140
4431,140
4432,140
4433,140
4434,140
4435,140
4436,140
4437,140
4438,140
4439,140
4440,140
4441,140
4442,140
4443,140
4444,140
4445,140
4446,140
4447,140
4448,140
4449,140
4450,140
4451,140
4452,139
4453,139
4454,139
4455,139
4456,139
4457,139
4458,139
4459,139
4460,139
4461,139
4462,139
4463,139
4464,139
4465,139
4466,139
4467,139
4468,139
4469,139
4470,139
4471,138
4472,138
4473,138
4474,138
4475,138
4476,138
4477,138
4478,138
4479,138
4480,138
4481,138
4482,138
4483,138
4484,138
4485,138
4486,138
4487,138
4488,138
4489,138
4490,138
4491,138
4492,138
4493,138
4494,138
4495,138
4496,138
4497,138
4498,138
4499,138
4500,138
4501,138
4502,138
4503,138
4504,138
4505,138
4506,138
4507,138
4508,138
4509,138
4510,138
4511,138
4512,138
4513,138
4514,138
4515,138
4516,138
4517,138
4518,138
4519,138
4520,138
4521,138
4522,138
4523,138
4524,138
4525,138
4526,138
4527,138
4528,138
4529,138
4530,138
4531,138
4532,138
4533,138
4534,137
4535,137
4536,137
4537,137
4538,137
4539,137
4540,137
4541,137
4542,137
4543,137
4544,137
4545,137
4546,137
4547,137
4548,137
4549,137
4550,137
4551,137
4552,137
4553,137
4554,137
4555,137
4556,137
4557,137
4558,137
4559,137
4560,137
4561,137
4562,137
4563,137
4564,137
4565,137
4566,137
4567,137
4568,137
4569,137
4570,137
4571,137
4572,137
4573,137
4574,137
4575,137
4576,137
4577,137
4578,137
4579,137
4580,137
4581,137
4582,137
4583,137
4584,137
4585,137
4586,137
4587,137
4588,137
4589,137
4590,137
4591,137
4592,137
4593,137
4594,137
4595,137
4596,137
4597,137
4598,137
4599,137
4600,137
4601,137
4602,137
4603,137
4604,137
4605,137
4606,137
4607,137
4608,137
4609,137
4610,137
4611,137
4612,137
4613,137
4614,137
4615,137
4616,137
4617,137
4618,137
4619,137
4620,137
4621,137
4622,137
4623,137
4624,137
4625,137
4626,137
4627,137
4628,137
4629,137
4630,137
4631,137
4632,137
4633,137
4634,137
4635,137
4636,137
4637,137
4638,137
4639,137
4640,137
4641,137
4642,137
4643,137
4644,137
4645,137
4646,137
4647,137
4648,137
4649,137
4650,137
4651,137
4652,137
4653,137
4654,137
4655,137
4656,137
4657,137
4658,137
4659,137
4660,137
4661,137
4662,137
4663,137
4664,137
4665,137
4666,137
4667,137
4668,137
4669,137
4670,137
4671,137
4672,137
4673,137
4674,137
4675,137
4676,137
4677,137
4678,137
4679,137
4680,137
4681,137
4682,137
4683,137
4684,137
4685,137
4686,137
4687,137
4688,137
4689,137
4690,137
4691,137
4692,137
4693,137
4694,137
4695,137
4696,137
4697,137
4698,137
4699,137
4700,137
4701,137
4702,137
4703,137
4704,137
4705,137
4706,137
4707,137
4708,137
4709,137
4710,137
4711,137
4712,137
4713,137
4714,137
4715,137
4716,137
4717,137
4718,137
4719,137
4720,137
4721,137
4722,137
4723,137
4724,137
4725,137
4726,137
4727,137
4728,137
4729,137
4730,137
4731,137
4732,137
4733,137
4734,137
4735,137
4736,137
4737,137
4738,137
4739,137
4740,137
4741,137
4742,137
4743,137
4744,136
4745,136
4746,136
4747,136
4748,136
4749,136
4750,136
4751,136
4752,136
4753,136
4754,136
4755,136
4756,136
4757,136
4758,136
4759,136
4760,136
4761,136
4762,136
4763,136
4764,136
4765,136
4766,136
4767,136
4768,136
4769,136
4770,136
4771,136
4772,136
4773,136
4774,136
4775,136
4776,136
4777,135
4778,135
4779,135
4780,135
4781,135
4782,135
4783,135
4784,135
4785,135
4786,135
4787,135
4788,135
4789,135
4790,135
4791,135
4792,135
4793,135
4794,135
4795,135
4796,135
4797,135
4798,135
4799,135
4800,135
4801,135
4802,135
4803,135
4804,135
4805,135
4806,135
4807,135
4808,135
4809,135
4810,135
4811,135
4812,135
4813,135
4814,135
4815,135
4816,135
4817,135
4818,135
4819,135
4820,135
4821,135
4822,135
4823,135
4824,135
4825,135
4826,135
4827,135
4828,135
4829,135
4830,135
4831,135
4832,135
4833,135
4834,135
4835,135
4836,135
4837,135
4838,135
4839,135
4840,135
4841,135
4842,135
4843,135
4844,135
4845,135
4846,135
4847,135
4848,135
4849,135
4850,135
4851,135
4852,135
4853,135
4854,135
4855,135
4856,135
4857,135
4858,135
4859,135
4860,135
4861,135
4862,135
4863,135
4864,135
4865,135
4866,135
4867,135
4868,135
4869,135
4870,135
4871,135
4872,135
4873,135
4874,135
4875,135
4876,135
4877,135
4878,135
4879,135
4880,135
4881,135
4882,135
4883,135
4884,135
4885,135
4886,135
4887,135
4888,135
4889,135
4890,135
4891,135
4892,135
4893,135
4894,135
4895,135
4896,135
4897,135
4898,135
4899,135
4900,135
4901,135
4902,135
4903,135
4904,135
4905,135
4906,135
4907,135
4908,134
4909,134
4910,134
4911,134
4912,134
4913,134
4914,134
4915,134
4916,134
4917,134
4918,134
4919,134
4920,134
4921,134
4922,134
4923,134
4924,134
4925,134
4926,134
4927,134
4928,134
4929,134
4930,134
4931,134
4932,134
4933,134
4934,134
4935,134
4936,134
4937,134
4938,134
4939,134
4940,134
4941,134
4942,134
4943,134
4944,134
4945,134
4946,134
4947,134
4948,134
4949,134
4950,134
4951,134
4952,134
4953,134
4954,134
4955,134
4956,134
4957,134
4958,134
4959,134
4960,134
4961,134
4962,134
4963,134
4964,134
4965,134
4966,134
4967,134
4968,134
4969,134
4970,134
4971,134
4972,134
4973,134
4974,134
4975,134
4976,134
4977,134
4978,134
4979,134
4980,134
4981,134
4982,134
4983,134
4984,134
4985,134
4986,134
4987,134
4988,134
4989,134
4990,134
4991,134
4992,133
4993,133
4994,133
4995,133
4996,133
4997,133
4998,133
4999,133
5000,133
5001,133
5002,133
5003,133
5004,133
5005,133
5006,133
5007,133
5008,133
5009,133
5010,133
5011,133
5012,133
5013,133
5014,133
5015,133
5016,133
5017,133
5018,133
5019,133
5020,133
5021,133
5022,133
5023,133
5024,133
5025,133
5026,133
5027,133
5028,133
5029,133
5030,133
5031,133
5032,133
5033,133
5034,133
5035,133
5036,133
5037,133
5038,133
5039,133
5040,133
5041,133
5042,133
5043,133
5044,133
5045,133
5046,133
5047,133
5048,133
5049,133
5050,133
5051,133
5052,133
5053,133
5054,133
5055,133
5056,133
5057,133
5058,133
5059,133
5060,133
5061,133
5062,132
5063,132
5064,132
5065,132
5066,132
5067,132
5068,132
5069,132
5070,132
5071,132
5072,132
5073,132
5074,132
5075,132
5076,132
5077,132
5078,132
5079,132
5080,132
5081,132
5082,132
5083,132
5084,132
5085,132
5086,132
5087,132
5088,132
5089,132
5090,132
5091,132
5092,132
5093,132
5094,132
5095,132
5096,132
5097,132
5098,132
5099,132
5100,132
5101,132
5102,132
5103,132
5104,132
5105,132
5106,132
5107,132
5108,132
5109,131
5110,131
5111,131
5112,131
5113,131
5114,131
5115,131
5116,131
5117,131
5118,131
5119,131
5120,131
5121,131
5122,131
5123,131
5124,131
5125,131
5126,131
5127,131
5128,131
5129,131
5130,131
5131,131
5132,131
5133,131
5134,131
5135,131
5136,131
5137,131
5138,131
5139,131
5140,131
5141,131
5142,131
5143,131
5144,131
5145,131
5146,131
5147,131
5148,131
5149,131
5150,131
5151,131
5152,131
5153,131
5154,131
5155,131
5156,131
5157,131
5158,131
5159,131
5160,131
5161,131
5162,131
5163,131
5164,131
5165,131
5166,131
5167,131
5168,131
5169,131
5170,131
5171,131
5172,131
5173,131
5174,131
5175,131
5176,131
5177,131
5178,131
5179,131
5180,131
5181,131
5182,131
5183,131
5184,131
5185,131
5186,131
5187,131
5188,131
5189,131
5190,131
5191,131
5192,131
5193,131
5194,131
5195,131
5196,131
5197,131
5198,131
5199,131
5200,131
5201,131
5202,131
5203,131
5204,131
5205,131
5206,131
5207,131
5208,131
5209,131
5210,131
5211,131
5212,131
5213,131
5214,131
5215,131
5216,131
5217,131
5218,131
5219,131
5220,131
5221,131
5222,131
5223,131
5224,131
5225,131
5226,131
5227,131
5228,131
5229,131
5230,131
5231,131
5232,131
5233,131
5234,131
5235,131
5236,131
5237,131
5238,131
5239,131
5240,131
5241,131
5242,131
5243,131
5244,131
5245,131
5246,131
5247,131
5248,131
5249,131
5250,131
5251,131
5252,131
5253,131
5254,131
5255,131
5256,131
5257,131
5258,131
5259,131
5260,131
5261,131
5262,131
5263,131
5264,131
5265,131
5266,131
5267,131
5268,131
5269,131
5270,131
5271,131
5272,131
5273,131
5274,131
5275,131
5276,131
5277,131
5278,131
5279,131
5280,131
5281,131
5282,131
5283,131
5284,131
5285,131
5286,131
5287,131
5288,131
5289,131
5290,131
5291,131
5292,131
5293,131
5294,131
5295,131
5296,131
5297,131
5298,131
5299,131
5300,131
5301,131
5302,131
5303,131
5304,131
5305,131
5306,131
5307,131
5308,131
5309,131
5310,131
5311,131
5312,131
5313,131
5314,131
5315,131
5316,131
5317,131
5318,131
5319,131
5320,131
5321,131
5322,131
5323,131
5324,131
5325,131
5326,131
5327,131
5328,131
5329,131
5330,131
5331,131
5332,131
5333,131
5334,131
5335,131
5336,131
5337,131
5338,131
5339,131
5340,131
5341,131
5342,131
5343,131
5344,131
5345,130
5346,130
5347,130
5348,130
5349,130
5350,130
5351,130
5352,130
5353,130
5354,130
5355,130
5356,130
5357,130
5358,130
5359,130
5360,130
5361,130
5362,130
5363,130
5364,130
5365,130
5366,130
5367,130
5368,130
5369,130
5370,130
5371,130
5372,130
5373,130
5374,130
5375,130
5376,130
5377,130
5378,130
5379,130
5380,130
5381,130
5382,130
5383,130
5384,130
5385,130
5386,130
5387,130
5388,130
5389,130
5390,130
5391,130
5392,130
5393,130
5394,130
5395,130
5396,130
5397,130
5398,130
5399,130
5400,130
5401,130
5402,130
5403,130
5404,130
5405,130
5406,130
5407,130
5408,130
5409,130
5410,130
5411,130
5412,130
5413,130
5414,130
5415,130
5416,130
5417,130
5418,130
5419,130
5420,130
5421,130
5422,130
5423,130
5424,130
5425,130
5426,130
5427,130
5428,130
5429,130
5430,130
5431,130
5432,130
5433,130
5434,130
5435,130
5436,130
5437,130
5438,130
5439,130
5440,130
5441,130
5442,130
5443,130
5444,130
5445,130
5446,130
5447,130
5448,130
5449,130
5450,130
5451,130
5452,130
5453,130
5454,130
5455,130
5456,130
5457,130
5458,130
5459,130
5460,130
5461,130
5462,130
5463,130
5464,130
5465,130
5466,130
5467,130
5468,130
5469,130
5470,130
5471,130
5472,130
5473,130
5474,130
5475,130
5476,130
5477,130
5478,130
5479,130
5480,130
5481,130
5482,130
5483,130
5484,130
5485,130
5486,130
5487,130
5488,130
5489,130
5490,130
5491,130
5492,130
5493,130
5494,130
5495,130
5496,130
5497,130
5498,130
5499,130
5500,130
5501,130
5502,130
5503,130
5504,130
5505,130
5506,130
5507,130
5508,130
5509,130
5510,130
5511,130
5512,130
5513,130
5514,130
5515,129
5516,129
5517,129
5518,129
5519,129
5520,129
5521,129
5522,129
5523,129
5524,129
5525,129
5526,129
5527,129
5528,129
5529,129
5530,129
5531,129
5532,129
5533,129
5534,129
5535,129
5536,129
5537,129
5538,129
5539,129
5540,129
5541,129
5542,129
5543,129
5544,129
5545,129
5546,129
5547,129
5548,129
5549,129
5550,129
5551,129
5552,129
5553,129
5554,129
5555,129
5556,129
5557,129
5558,129
5559,129
5560,129
5561,128
5562,128
5563,128
5564,128
5565,128
5566,128
5567,128
5568,128
5569,128
5570,128
5571,128
5572,128
5573,128
5574,128
5575,128
5576,128
5577,128
5578,128
5579,128
5580,128
5581,128
5582,128
5583,128
5584,128
5585,128
5586,128
5587,128
5588,128
5589,128
5590,128
5591,128
5592,128
5593,128
5594,128
5595,128
5596,128
5597,128
5598,128
5599,128
5600,128
5601,128
5602,128
5603,128
5604,128
5605,128
5606,128
5607,128
5608,128
5609,128
5610,128
5611,128
5612,128
5613,128
5614,128
5615,128
5616,128
5617,128
5618,128
5619,128
5620,128
5621,128
5622,128
5623,128
5624,128
5625,127
5626,127
5627,127
5628,127
5629,127
5630,127
5631,127
5632,127
5633,127
5634,127
5635,127
5636,127
5637,127
5638,127
5639,126
5640,126
5641,126
5642,126
5643,126
5644,126
5645,126
5646,126
5647,126
5648,126
5649,126
5650,125
5651,125
5652,125
5653,125
5654,125
5655,125
5656,125
5657,125
5658,125
5659,125
5660,125
5661,125
5662,125
5663,125
5664,125
5665,125
5666,125
5667,125
5668,125
5669,125
5670,125
5671,125
5672,125
5673,125
5674,125
5675,125
5676,125
5677,125
5678,125
5679,125
5680,125
5681,125
5682,125
5683,125
5684,125
5685,125
5686,125
5687,125
5688,125
5689,125
5690,125
5691,125
5692,125
5693,125
5694,125
5695,125
5696,125
5697,125
5698,125
5699,125
5700,125
5701,125
5702,125
5703,125
5704,125
5705,125
5706,125
5707,125
5708,125
5709,125
5710,125
5711,125
5712,125
5713,125
5714,125
5715,125
5716,124
5717,124
5718,124
5719,124
5720,124
5721,124
5722,124
5723,124
5724,124
5725,124
5726,124
5727,124
5728,124
5729,124
5730,123
5731,123
5732,123
5733,123
5734,123
5735,123
5736,123
5737,123
5738,123
5739,123
5740,123
5741,123
5742,123
5743,123
5744,123
5745,123
5746,123
5747,123
5748,123
5749,123
5750,123
5751,123
5752,123
5753,123
5754,123
5755,123
5756,123
5757,123
5758,123
5759,123
5760,123
5761,123
5762,123
5763,123
5764,123
5765,123
5766,123
5767,123
5768,123
5769,123
5770,123
5771,123
5772,123
5773,123
5774,123
5775,123
5776,123
5777,123
5778,123
5779,123
5780,123
5781,123
5782,123
5783,123
5784,122
5785,122
5786,122
5787,122
5788,122
5789,122
5790,122
5791,122
5792,122
5793,122
5794,122
5795,122
5796,122
5797,122
5798,122
5799,122
5800,122
5801,122
5802,122
5803,122
5804,122
5805,122
5806,122
5807,122
5808,122
5809,122
5810,122
5811,122
5812,122
5813,122
5814,122
5815,122
5816,122
5817,122
5818,122
5819,122
5820,122
5821,122
5822,122
5823,122
5824,122
5825,122
5826,122
5827,122
5828,122
5829,122
5830,122
5831,122
5832,122
5833,122
5834,122
5835,122
5836,122
5837,122
5838,122
5839,122
5840,122
5841,122
5842,122
5843,122
5844,122
5845,122
5846,122
5847,122
5848,122
5849,122
5850,122
5851,122
5852,122
5853,122
5854,122
5855,122
5856,122
5857,122
5858,122
5859,122
5860,122
5861,122
5862,122
5863,122
5864,122
5865,122
5866,122
5867,122
5868,122
5869,122
5870,122
5871,122
5872,122
5873,122
5874,122
5875,122
5876,122
5877,122
5878,122
5879,122
5880,122
5881,122
5882,122
5883,122
5884,122
5885,122
5886,122
5887,122
5888,122
5889,122
5890,122
5891,122
5892,122
5893,122
5894,122
5895,122
5896,122
5897,122
5898,122
5899,122
5900,122
5901,122
5902,122
5903,122
5904,122
5905,122
5906,122
5907,122
5908,122
5909,122
5910,122
5911,122
5912,122
5913,122
5914,122
5915,122
5916,122
5917,122
5918,122
5919,122
5920,122
5921,122
5922,122
5923,122
5924,122
5925,122
5926,122
5927,122
5928,122
5929,122
5930,122
5931,122
5932,122
5933,122
5934,122
5935,122
5936,122
5937,122
5938,122
5939,122
5940,122
5941,122
5942,122
5943,122
5944,122
5945,122
5946,122
5947,122
5948,122
5949,122
5950,122
5951,122
5952,122
5953,122
5954,122
5955,122
5956,122
5957,122
5958,122
5959,122
5960,122
5961,122
5962,122
5963,122
5964,122
5965,122
5966,122
5967,122
5968,122
5969,122
5970,122
5971,122
5972,122
5973,122
5974,122
5975,122
5976,122
5977,122
5978,122
5979,122
5980,122
5981,122
5982,122
5983,122
5984,122
5985,122
5986,122
5987,122
5988,122
5989,122
5990,122
5991,122
5992,122
5993,122
5994,122
5995,122
5996,122
5997,122
5998,122
5999,122
6000,122
6001,122
6002,122
6003,122
6004,122
6005,122
6006,122
6007,122
6008,122
6009,122
6010,122
6011,122
6012,122
6013,122
6014,122
6015,122
6016,122
6017,122
6018,122
6019,122
6020,122
6021,122
6022,122
6023,122
6024,122
6025,122
6026,122
6027,122
6028,122
6029,122
6030,122
6031,122
6032,122
6033,122
6034,122
6035,122
6036,122
6037,122
6038,122
6039,122
6040,122
6041,122
6042,122
6043,122
6044,122
6045,122
6046,122
6047,122
6048,122
6049,122
6050,122
6051,122
6052,122
6053,122
6054,122
6055,122
6056,122
6057,122
6058,122
6059,121
6060,121
6061,121
6062,121
6063,120
6064,120
6065,120
6066,120
6067,120
6068,120
6069,120
6070,120
6071,120
6072,120
6073,120
6074,120
6075,120
6076,120
6077,120
6078,120
6079,120
6080,120
6081,119
6082,119
6083,118
6084,118
6085,118
6086,118
6087,118
6088,118
6089,118
6090,118
6091,118
6092,118
6093,118
6094,118
6095,118
6096,118
6097,118
6098,118
6099,118
6100,118
6101,118
6102,118
6103,118
6104,118
6105,118
6106,118
6107,118
6108,118
6109,118
6110,118
6111,118
6112,118
6113,118
6114,118
6115,118
6116,118
6117,118
6118,118
6119,118
6120,118
6121,118
6122,118
6123,118
6124,118
6125,118
6126,118
6127,118
6128,118
6129,118
6130,118
6131,118
6132,118
6133,118
6134,118
6135,118
6136,118
6137,118
6138,118
6139,118
6140,118
6141,118
6142,118
6143,118
6144,118
6145,118
6146,118
6147,118
6148,118
6149,118
6150,118
6151,118
6152,118
6153,118
6154,118
6155,118
6156,118
6157,118
6158,118
6159,118
6160,118
6161,118
6162,118
6163,118
6164,118
6165,118
6166,118
6167,118
6168,118
6169,118
6170,118
6171,118
6172,118
6173,118
6174,118
6175,118
6176,118
6177,118
6178,118
6179,118
6180,118
6181,118
6182,118
6183,118
6184,118
6185,118
6186,118
6187,118
6188,118
6189,118
6190,118
6191,118
6192,118
6193,118
6194,118
6195,118
6196,118
6197,118
6198,118
6199,118
6200,118
6201,118
6202,118
6203,118
6204,118
6205,118
6206,118
6207,118
6208,118
6209,118
6210,118
6211,118
6212,118
6213,118
6214,118
6215,118
6216,118
6217,118
6218,118
6219,118
6220,118
6221,118
6222,118
6223,118
6224,118
6225,118
6226,118
6227,118
6228,118
6229,118
6230,118
6231,118
6232,118
6233,118
6234,118
6235,118
6236,118
6237,118
6238,118
6239,118
6240,118
6241,118
6242,118
6243,118
6244,118
6245,118
6246,118
6247,118
6248,118
6249,118
6250,118
6251,118
6252,118
6253,118
6254,118
6255,118
6256,118
6257,118
6258,118
6259,118
6260,118
6261,118
6262,118
6263,118
6264,118
6265,118
6266,118
6267,118
6268,118
6269,118
6270,118
6271,118
6272,118
6273,118
6274,118
6275,118
6276,118
6277,118
6278,118
6279,118
6280,118
6281,118
6282,118
6283,118
6284,118
6285,118
6286,118
6287,118
6288,118
6289,118
6290,117
6291,117
6292,117
6293,117
6294,117
6295,117
6296,117
6297,117
6298,117
6299,117
6300,116
6301,116
6302,116
6303,116
6304,116
6305,116
6306,116
6307,116
6308,116
6309,116
6310,116
6311,115
6312,114
6313,114
6314,114
6315,114
6316,114
6317,114
6318,114
6319,114
6320,114
6321,114
6322,114
6323,114
6324,114
6325,114
6326,114
6327,114
6328,114
6329,114
6330,114
6331,114
6332,114
6333,114
6334,114
6335,114
6336,114
6337,114
6338,114
6339,114
6340,114
6341,114
6342,114
6343,114
6344,114
6345,114
6346,113
6347,113
6348,113
6349,113
6350,113
6351,113
6352,113
6353,113
6354,113
6355,113
6356,113
6357,113
6358,113
6359,113
6360,113
6361,113
6362,113
6363,113
6364,113
6365,113
6366,113
6367,113
6368,113
6369,112
6370,112
6371,112
6372,112
6373,112
6374,112
6375,112
6376,112
6377,112
6378,112
6379,112
6380,112
6381,112
6382,112
6383,112
6384,112
6385,112
6386,112
6387,112
6388,112
6389,111
6390,111
6391,111
6392,111
6393,111
6394,111
6395,111
6396,111
6397,111
6398,111
6399,111
6400,111
6401,111
6402,111
6403,111
6404,111
6405,111
6406,111
6407,111
6408,111
6409,111
6410,111
6411,111
6412,111
6413,111
6414,111
6415,111
6416,111
6417,111
6418,111
6419,110
6420,110
6421,110
6422,110
6423,110
6424,110
6425,110
6426,110
6427,110
6428,110
6429,110
6430,110
6431,110
6432,110
6433,110
6434,110
6435,110
6436,110
6437,110
6438,110
6439,110
6440,110
6441,110
6442,110
6443,110
6444,110
6445,110
6446,110
6447,110
6448,110
6449,110
6450,110
6451,110
6452,110
6453,110
6454,110
6455,109
6456,109
6457,109
6458,109
6459,108
6460,108
6461,108
6462,108
6463,108
6464,108
6465,108
6466,108
6467,108
6468,108
6469,108
6470,108
6471,108
6472,108
6473,107
6474,107
6475,107
6476,107
6477,107
6478,107
6479,107
6480,107
6481,107
6482,107
6483,107
6484,107
6485,107
6486,107
6487,107
6488,107
6489,107
6490,106
6491,106
6492,106
6493,106
6494,106
6495,106
6496,106
6497,106
6498,106
6499,106
6500,105
6501,105
6502,105
6503,105
6504,105
6505,104
6506,104
6507,104
6508,104
6509,104
6510,104
6511,104
6512,103
6513,103
6514,101
6515,101
6516,101
6517,100
6518,100
6519,100
6520,100
6521,100
6522,99
6523,99
6524,98
6525,96
6526,95
6527,94
6528,94
6529,94
6530,94
6531,94
6532,94
6533,93
6534,93
6535,93
6536,93
6537,93
6538,93
6539,92
6540,92
6541,92
6542,92
6543,92
6544,92
6545,92
6546,92
6547,92
6548,91
6549,91
6550,91
6551,90
6552,89
6553,88
6554,88
6555,88
6556,88
6557,88
6558,88
6559,88
6560,87
6561,87
6562,86
6563,86
6564,85
6565,83
6566,82
6567,81
6568,81
6569,81
6570,81
6571,81
6572,81
6573,81
6574,81
6575,81
6576,80
6577,80
6578,80
6579,80
6580,80
6581,80
6582,80
6583,80
6584,80
6585,80
6586,80
6587,80
6588,80
6589,80
6590,80
6591,80
6592,80
6593,80
6594,80
6595,80
6596,80
6597,80
6598,80
6599,80
6600,80
6601,80
6602,80
6603,80
6604,80
6605,80
6606,80
6607,80
6608,80
6609,80
6610,80
6611,80
6612,80
6613,80
6614,80
6615,80
6616,80
6617,80
6618,80
6619,80
6620,80
6621,80
6622,80
6623,80
6624,80
6625,80
6626,80
6627,79
6628,79
6629,79
6630,79
6631,79
6632,79
6633,79
6634,79
6635,79
6636,79
6637,79
6638,79
6639,79
6640,79
6641,79
6642,79
6643,79
6644,79
6645,79
6646,79
6647,79
6648,79
6649,79
6650,79
6651,79
6652,79
6653,79
6654,79
6655,79
6656,79
6657,79
6658,79
6659,79
6660,79
6661,79
6662,78
6663,78
6664,78
6665,78
6666,78
6667,78
6668,78
6669,78
6670,78
6671,78
6672,78
6673,78
6674,78
6675,78
6676,78
6677,78
6678,77
6679,77
6680,77
6681,77
6682,77
6683,77
6684,77
6685,77
6686,77
6687,77
6688,77
6689,77
6690,77
6691,76
6692,76
6693,76
6694,76
6695,76
6696,76
6697,76
6698,76
6699,76
6700,76
6701,76
6702,76
6703,76
6704,76
6705,76
6706,76
6707,76
6708,76
6709,76
6710,76
6711,76
6712,76
6713,76
6714,75
6715,75
6716,75
6717,75
6718,75
6719,75
6720,75
6721,75
6722,75
6723,75
6724,75
6725,75
6726,75
6727,74
6728,74
6729,74
6730,74
6731,74
6732,74
6733,74
6734,74
6735,74
6736,74
6737,74
6738,74
6739,74
6740,74
6741,74
6742,74
6743,74
6744,74
6745,74
6746,74
6747,74
6748,74
6749,74
6750,74
6751,74
6752,74
6753,74
6754,74
6755,74
6756,74
6757,74
6758,74
6759,74
6760,74
6761,74
6762,74
6763,74
6764,74
6765,74
6766,74
6767,74
6768,74
6769,74
6770,74
6771,74
6772,74
6773,74
6774,74
6775,74
6776,74
6777,74
6778,74
6779,74
6780,74
6781,74
6782,74
6783,74
6784,74
6785,74
6786,74
6787,74
6788,74
6789,74
6790,74
6791,74
6792,74
6793,74
6794,74
6795,74
6796,74
6797,74
6798,74
6799,74
6800,74
6801,74
6802,74
6803,74
6804,74
6805,74
6806,74
6807,74
6808,74
6809,74
6810,74
6811,74
6812,74
6813,74
6814,74
6815,74
6816,74
6817,74
6818,74
6819,74
6820,74
6821,74
6822,74
6823,74
6824,74
6825,74
6826,74
6827,74
6828,74
6829,74
6830,74
6831,74
6832,74
6833,74
6834,74
6835,74
6836,74
6837,74
6838,74
6839,74
6840,74
6841,74
6842,74
6843,74
6844,74
6845,74
6846,74
6847,74
6848,74
6849,74
6850,74
6851,74
6852,74
6853,74
6854,74
6855,74
6856,74
6857,74
6858,74
6859,74
6860,74
6861,74
6862,74
6863,74
6864,74
6865,74
6866,74
6867,74
6868,74
6869,74
6870,74
6871,74
6872,74
6873,74
6874,74
6875,74
6876,74
6877,74
6878,74
6879,74
6880,74
6881,74
6882,74
6883,74
6884,74
6885,74
6886,74
6887,74
6888,74
6889,74
6890,74
6891,74
6892,74
6893,74
6894,74
6895,74
6896,74
6897,74
6898,74
6899,74
6900,74
6901,74
6902,74
6903,74
6904,74
6905,74
6906,74
6907,74
6908,74
6909,74
6910,74
6911,74
6912,74
6913,74
6914,74
6915,74
6916,74
6917,74
6918,74
6919,74
6920,74
6921,74
6922,74
6923,74
6924,74
6925,74
6926,74
6927,74
6928,74
6929,74
6930,74
6931,74
6932,74
6933,74
6934,74
6935,74
6936,74
6937,74
6938,74
6939,74
6940,74
6941,74
6942,74
6943,74
6944,74
6945,74
6946,74
6947,74
6948,74
6949,74
6950,74
6951,74
6952,74
6953,74
6954,74
6955,74
6956,74
6957,74
6958,74
6959,74
6960,74
6961,74
6962,74
6963,74
6964,74
6965,74
6966,74
6967,74
6968,74
6969,74
6970,74
6971,74
6972,74
6973,74
6974,74
6975,74
6976,74
6977,74
6978,74
6979,74
6980,74
6981,74
6982,74
6983,74
6984,74
6985,74
6986,74
6987,74
6988,74
6989,74
6990,74
6991,74
6992,74
6993,74
6994,74
6995,74
6996,74
6997,74
6998,74
6999,74
7000,74
7001,74
7002,74
7003,74
7004,74
7005,74
7006,74
7007,74
7008,74
7009,74
7010,74
7011,74
7012,74
7013,74
7014,74
7015,74
7016,74
7017,74
7018,74
7019,74
7020,74
7021,74
7022,74
7023,74
7024,74
7025,74
7026,74
7027,74
7028,74
7029,74
7030,74
7031,74
7032,74
7033,74
7034,74
7035,74
7036,74
7037,74
7038,74
7039,74
7040,74
7041,74
7042,74
7043,74
7044,74
7045,74
7046,74
7047,74
7048,74
7049,74
7050,74
7051,74
7052,74
7053,74
7054,74
7055,74
7056,74
7057,74
7058,74
7059,74
7060,74
7061,74
7062,74
7063,74
7064,74
7065,74
7066,74
7067,74
7068,74
7069,74
7070,74
7071,74
7072,74
7073,74
7074,74
7075,74
7076,74
7077,74
7078,74
7079,74
7080,74
7081,74
7082,74
7083,74
7084,74
7085,74
7086,74
7087,74
7088,74
7089,74
7090,74
7091,74
7092,74
7093,74
7094,74
7095,74
7096,74
7097,74
7098,74
7099,74
7100,74
7101,74
7102,74
7103,74
7104,74
7105,74
7106,74
7107,74
7108,74
7109,74
7110,74
7111,74
7112,74
7113,74
7114,74
7115,74
7116,74
7117,74
7118,74
7119,74
7120,74
7121,74
7122,74
7123,74
7124,74
7125,74
7126,74
7127,74
7128,74
7129,74
7130,74
7131,74
7132,74
7133,74
7134,74
7135,74
7136,74
7137,74
7138,74
7139,74
7140,74
7141,74
7142,74
7143,74
7144,74
7145,74
7146,74
7147,74
7148,74
7149,74
7150,74
7151,74
7152,74
7153,74
7154,74
7155,74
7156,74
7157,74
7158,74
7159,74
7160,74
7161,74
7162,74
7163,74
7164,74
7165,74
7166,74
7167,74
7168,73
7169,73
7170,73
7171,73
7172,73
7173,73
7174,73
7175,73
7176,73
7177,73
7178,73
7179,73
7180,73
7181,73
7182,73
7183,73
7184,73
7185,73
7186,73
7187,73
7188,73
7189,73
7190,73
7191,73
7192,73
7193,73
7194,73
7195,73
7196,73
7197,73
7198,73
7199,73
7200,73
7201,73
7202,73
7203,73
7204,73
7205,73
7206,73
7207,73
7208,73
7209,73
7210,72
7211,72
7212,72
7213,72
7214,72
7215,72
7216,72
7217,72
7218,72
7219,71
7220,71
7221,71
7222,71
7223,71
7224,71
7225,71
7226,71
7227,71
7228,71
7229,71
7230,71
7231,71
7232,70
7233,70
7234,70
7235,70
7236,70
7237,70
7238,70
7239,70
7240,70
7241,70
7242,70
7243,70
7244,70
7245,70
7246,69
7247,69
7248,69
7249,68
7250,68
7251,68
7252,68
7253,68
7254,68
7255,68
7256,68
7257,68
7258,67
7259,67
7260,67
7261,67
7262,67
7263,67
7264,67
7265,67
7266,67
7267,67
7268,67
7269,67
7270,67
7271,67
7272,67
7273,67
7274,67
7275,67
7276,67
7277,67
7278,67
7279,67
7280,67
7281,67
7282,67
7283,67
7284,67
7285,67
7286,67
7287,67
7288,67
7289,67
7290,67
7291,67
7292,66
7293,66
7294,66
7295,66
7296,66
7297,66
7298,66
7299,66
7300,66
7301,66
7302,66
7303,66
7304,66
7305,66
7306,66
7307,66
7308,66
7309,66
7310,66
7311,66
7312,66
7313,66
7314,66
7315,66
7316,66
7317,66
7318,66
7319,66
7320,66
7321,66
7322,66
7323,66
7324,66
7325,65
7326,65
7327,64
7328,64
7329,63
7330,63
7331,63
7332,62
7333,62
7334,62
7335,62
7336,61
7337,60
7338,59
7339,55
7340,54
7341,51
7342,51
7343,50
7344,49
7345,48
7346,48
7347,48
7348,48
7349,47
7350,46
7351,43
7352,40
7353,39
7354,38
7355,37
7356,36
7357,35
7358,34
7359,33
7360,33
7361,33
7362,33
7363,33
7364,33
7365,33
7366,33
7367,33
7368,33
7369,33
7370,33
7371,33
7372,33
7373,33
7374,33
7375,33
7376,33
7377,33
7378,33
7379,33
7380,33
7381,33
7382,33
7383,33
7384,33
7385,33
7386,33
7387,33
7388,33
7389,33
7390,33
7391,33
7392,33
7393,33
7394,33
7395,33
7396,33
7397,33
7398,33
7399,33
7400,33
7401,33
7402,33
7403,33
7404,33
7405,33
7406,33
7407,33
7408,33
7409,33
7410,33
7411,33
7412,33
7413,32
7414,32
7415,32
7416,32
7417,32
7418,32
7419,32
7420,32
7421,32
7422,32
7423,32
7424,32
7425,32
7426,32
7427,32
7428,32
7429,32
7430,32
7431,32
7432,32
7433,32
7434,32
7435,32
7436,32
7437,32
7438,32
7439,32
7440,32
7441,32
7442,32
7443,32
7444,32
7445,32
7446,32
7447,32
7448,32
7449,32
7450,32
7451,32
7452,32
7453,32
7454,32
7455,32
7456,32
7457,32
7458,32
7459,32
7460,32
7461,32
7462,32
7463,32
7464,32
7465,32
7466,32
7467,32
7468,32
7469,32
7470,32
7471,32
7472,32
7473,32
7474,32
7475,32
7476,32
7477,32
7478,32
7479,32
7480,32
7481,32
7482,32
7483,32
7484,32
7485,32
7486,32
7487,32
7488,32
7489,32
7490,32
7491,32
7492,32
7493,32
7494,32
7495,32
7496,32
7497,32
7498,32
7499,32
7500,32
7501,32
7502,32
7503,32
7504,32
7505,32
7506,32
7507,32
7508,32
7509,32
7510,32
7511,32
7512,32
7513,32
7514,32
7515,32
7516,32
7517,32
7518,32
7519,32
7520,32
7521,32
7522,32
7523,32
7524,32
7525,32
7526,32
7527,32
7528,32
7529,32
7530,32
7531,32
7532,32
7533,32
7534,32
7535,32
7536,32
7537,32
7538,32
7539,32
7540,32
7541,32
7542,32
7543,32
7544,32
7545,32
7546,32
7547,32
7548,32
7549,32
7550,32
7551,32
7552,32
7553,32
7554,32
7555,32
7556,32
7557,32
7558,32
7559,32
7560,32
7561,32
7562,32
7563,32
7564,32
7565,32
7566,32
7567,32
7568,32
7569,32
7570,32
7571,32
7572,32
7573,32
7574,32
7575,32
7576,32
7577,32
7578,32
7579,32
7580,32
7581,32
7582,32
7583,32
7584,32
7585,32
7586,32
7587,32
7588,32
7589,32
7590,32
7591,32
7592,32
7593,32
7594,32
7595,32
7596,32
7597,32
7598,32
7599,32
7600,32
7601,32
7602,32
7603,32
7604,32
7605,32
7606,32
7607,32
7608,32
7609,32
7610,32
7611,32
7612,32
7613,32
7614,32
7615,32
7616,32
7617,32
7618,32
7619,32
7620,32
7621,32
7622,32
7623,32
7624,32
7625,32
7626,32
7627,32
7628,32
7629,32
7630,32
7631,32
7632,32
7633,32
7634,32
7635,32
7636,32
7637,32
7638,32
7639,32
7640,32
7641,32
7642,32
7643,32
7644,32
7645,32
7646,32
7647,32
7648,32
7649,32
7650,32
7651,32
7652,32
7653,32
7654,32
7655,32
7656,32
7657,32
7658,32
7659,32
7660,32
7661,32
7662,32
7663,32
7664,32
7665,32
7666,32
7667,32
7668,32
7669,32
7670,32
7671,32
7672,32
7673,32
7674,32
7675,32
7676,32
7677,32
7678,32
7679,32
7680,32
7681,32
7682,32
7683,32
7684,32
7685,32
7686,32
7687,32
7688,32
7689,32
7690,32
7691,32
7692,32
7693,32
7694,32
7695,32
7696,32
7697,32
7698,32
7699,32
7700,32
7701,32
7702,32
7703,32
7704,32
7705,32
7706,32
7707,32
7708,32
7709,32
7710,32
7711,32
7712,32
7713,32
7714,32
7715,32
7716,32
7717,32
7718,32
7719,32
7720,32
7721,32
7722,32
7723,32
7724,32
7725,32
7726,32
7727,32
7728,32
7729,32
7730,32
7731,32
7732,32
7733,32
7734,32
7735,32
7736,32
7737,32
7738,32
7739,32
7740,32
7741,32
7742,32
7743,32
7744,32
7745,32
7746,32
7747,32
7748,32
7749,32
7750,32
7751,32
7752,32
7753,32
7754,32
7755,32
7756,32
7757,32
7758,32
7759,32
7760,32
7761,32
7762,32
7763,32
7764,32
7765,32
7766,32
7767,32
7768,32
7769,32
7770,32
7771,32
7772,32
7773,32
7774,32
7775,32
7776,32
7777,32
7778,32
7779,32
7780,32
7781,32
7782,32
7783,32
7784,32
7785,32
7786,32
7787,32
7788,32
7789,32
7790,32
7791,32
7792,32
7793,32
7794,32
7795,32
7796,32
7797,32
7798,32
7799,32
7800,32
7801,32
7802,32
7803,32
7804,32
7805,32
7806,32
7807,32
7808,32
7809,32
7810,32
7811,32
7812,32
7813,32
7814,32
7815,32
7816,32
7817,32
7818,32
7819,32
7820,32
7821,32
7822,32
7823,32
7824,32
7825,32
7826,32
7827,32
7828,32
7829,32
7830,32
7831,32
7832,32
7833,32
7834,32
7835,32
7836,32
7837,32
7838,32
7839,32
7840,32
7841,32
7842,32
7843,32
7844,32
7845,32
7846,32
7847,32
7848,32
7849,32
7850,32
7851,32
7852,32
7853,32
7854,32
7855,32
7856,32
7857,32
7858,32
7859,32
7860,32
7861,32
7862,32
7863,32
7864,32
7865,32
7866,32
7867,32
7868,32
7869,32
7870,32
7871,32
7872,32
7873,32
7874,32
7875,32
7876,32
7877,32
7878,32
7879,32
7880,32
7881,32
7882,32
7883,32
7884,32
7885,32
7886,32
7887,32
7888,32
7889,32
7890,32
7891,32
7892,32
7893,32
7894,32
7895,32
7896,32
7897,32
7898,32
7899,32
7900,32
7901,32
7902,32
7903,32
7904,32
7905,32
7906,32
7907,32
7908,32
7909,32
7910,32
7911,32
7912,32
7913,31
7914,31
7915,31
7916,31
7917,31
7918,31
7919,31
7920,31
7921,31
7922,31
7923,31
7924,31
7925,31
7926,31
7927,31
7928,31
7929,31
7930,31
7931,31
7932,31
7933,31
7934,31
7935,31
7936,31
7937,31
7938,31
7939,31
7940,31
7941,31
7942,31
7943,31
7944,31
7945,31
7946,31
7947,31
7948,31
7949,31
7950,31
7951,31
7952,31
7953,31
7954,31
7955,31
7956,31
7957,31
7958,31
7959,31
7960,31
7961,31
7962,31
7963,31
7964,31
7965,31
7966,31
7967,31
7968,31
7969,31
7970,31
7971,31
7972,31
7973,31
7974,31
7975,31
7976,31
7977,31
7978,31
7979,31
7980,31
7981,31
7982,31
7983,31
7984,31
7985,31
7986,31
7987,31
7988,31
7989,31
7990,31
7991,31
7992,31
7993,31
7994,31
7995,31
7996,30
7997,30
7998,30
7999,30
8000,30
8001,30
8002,30
8003,30
8004,30
8005,30
8006,30
8007,30
8008,30
8009,30
8010,30
8011,30
8012,30
8013,30
8014,30
8015,30
8016,30
8017,30
8018,30
8019,30
8020,30
8021,30
8022,30
8023,30
8024,30
8025,30
8026,30
8027,30
8028,30
8029,30
8030,30
8031,30
8032,30
8033,30
8034,30
8035,30
8036,30
8037,30
8038,30
8039,30
8040,30
8041,30
8042,30
8043,30
8044,30
8045,30
8046,30
8047,30
8048,30
8049,30
8050,30
8051,30
8052,30
8053,30
8054,30
8055,30
8056,30
8057,30
8058,30
8059,30
8060,30
8061,30
8062,30
8063,30
8064,30
8065,30
8066,30
8067,30
8068,30
8069,30
8070,30
8071,30
8072,30
8073,30
8074,30
8075,30
8076,30
8077,30
8078,30
8079,30
8080,30
8081,30
8082,30
8083,30
8084,30
8085,30
8086,30
8087,30
8088,30
8089,30
8090,30
8091,30
8092,30
8093,30
8094,30
8095,30
8096,30
8097,30
8098,30
8099,30
8100,30
8101,30
8102,30
8103,30
8104,30
8105,30
8106,30
8107,30
8108,30
8109,30
8110,30
8111,30
8112,30
8113,30
8114,30
8115,30
8116,30
8117,30
8118,30
8119,30
8120,30
8121,30
8122,30
8123,30
8124,30
8125,30
8126,30
8127,30
8128,30
8129,30
8130,30
8131,30
8132,30
8133,30
8134,30
8135,30
8136,30
8137,30
8138,30
8139,30
8140,30
8141,30
8142,30
8143,30
8144,30
8145,30
8146,30
8147,30
8148,30
8149,30
8150,30
8151,30
8152,30
8153,30
8154,30
8155,30
8156,30
8157,30
8158,30
8159,30
8160,30
8161,30
8162,30
8163,30
8164,30
8165,30
8166,30
8167,30
8168,30
8169,30
8170,30
8171,30
8172,30
8173,30
8174,30
8175,30
8176,30
8177,30
8178,30
8179,30
8180,30
8181,30
8182,30
8183,30
8184,30
8185,30
8186,30
8187,30
8188,30
8189,30
8190,30
8191,30
8192,30
8193,30
8194,30
8195,30
8196,30
8197,30
8198,30
8199,30
8200,30
8201,30
8202,30
8203,30
8204,30
8205,30
8206,30
8207,30
8208,30
8209,30
8210,30
8211,30
8212,30
8213,30
8214,30
8215,30
8216,30
8217,30
8218,30
8219,30
8220,30
8221,30
8222,30
8223,30
8224,30
8225,30
8226,30
8227,30
8228,30
8229,30
8230,30
8231,30
8232,30
8233,30
8234,30
8235,30
8236,30
8237,30
8238,30
8239,30
8240,30
8241,30
8242,30
8243,30
8244,30
8245,30
8246,30
8247,30
8248,30
8249,30
8250,30
8251,30
8252,30
8253,30
8254,30
8255,30
8256,30
8257,30
8258,30
8259,30
8260,30
8261,30
8262,30
8263,30
8264,30
8265,30
8266,30
8267,30
8268,30
8269,30
8270,30
8271,30
8272,30
8273,30
8274,30
8275,30
8276,30
8277,30
8278,30
8279,30
8280,30
8281,30
8282,30
8283,30
8284,30
8285,30
8286,30
8287,30
8288,30
8289,30
8290,30
8291,30
8292,30
8293,30
8294,30
8295,30
8296,30
8297,30
8298,30
8299,30
8300,30
8301,30
8302,30
8303,30
8304,30
8305,30
8306,30
8307,30
8308,29
8309,29
8310,29
8311,29
8312,29
8313,29
8314,29
8315,29
8316,29
8317,29
8318,29
8319,29
8320,29
8321,29
8322,29
8323,29
8324,29
8325,29
8326,29
8327,29
8328,29
8329,29
8330,29
8331,29
8332,29
8333,29
8334,29
8335,29
8336,29
8337,29
8338,29
8339,29
8340,29
8341,29
8342,29
8343,29
8344,29
8345,29
8346,29
8347,29
8348,29
8349,29
8350,29
8351,29
8352,29
8353,29
8354,29
8355,29
8356,29
8357,29
8358,29
8359,29
8360,29
8361,29
8362,29
8363,29
8364,29
8365,29
8366,29
8367,29
8368,29
8369,29
8370,29
8371,29
8372,29
8373,29
8374,29
8375,29
8376,29
8377,29
8378,29
8379,29
8380,29
8381,29
8382,29
8383,29
8384,29
8385,29
8386,29
8387,29
8388,29
8389,29
8390,29
8391,29
8392,29
8393,29
8394,29
8395,29
8396,29
8397,29
8398,29
8399,29
8400,28
8401,28
8402,28
8403,28
8404,28
8405,28
8406,28
8407,28
8408,28
8409,28
8410,28
8411,28
8412,28
8413,28
8414,28
8415,28
8416,28
8417,28
8418,28
8419,28
8420,28
8421,28
8422,28
8423,28
8424,28
8425,28
8426,28
8427,28
8428,28
8429,28
8430,28
8431,28
8432,28
8433,28
8434,28
8435,28
8436,28
8437,28
8438,28
8439,28
8440,28
8441,28
8442,28
8443,28
8444,28
8445,28
8446,28
8447,28
8448,28
8449,28
8450,28
8451,28
8452,28
8453,28
8454,28
8455,28
8456,28
8457,28
8458,28
8459,28
8460,28
8461,28
8462,28
8463,28
8464,28
8465,28
8466,28
8467,28
8468,28
8469,28
8470,28
8471,28
8472,28
8473,28
8474,28
8475,28
8476,28
8477,28
8478,28
8479,28
8480,28
8481,28
8482,28
8483,28
8484,28
8485,28
8486,28
8487,28
8488,28
8489,28
8490,28
8491,28
8492,28
8493,28
8494,28
8495,28
8496,28
8497,28
8498,28
8499,28
8500,28
8501,28
8502,28
8503,28
8504,28
8505,28
8506,28
8507,28
8508,28
8509,28
8510,28
8511,28
8512,28
8513,28
8514,28
8515,28
8516,28
8517,28
8518,28
8519,28
8520,28
8521,28
8522,28
8523,28
8524,28
8525,28
8526,28
8527,28
8528,28
8529,28
8530,28
8531,28
8532,28
8533,28
8534,28
8535,28
8536,28
8537,28
8538,28
8539,28
8540,28
8541,28
8542,28
8543,28
8544,28
8545,28
8546,28
8547,28
8548,28
8549,28
8550,28
8551,28
8552,28
8553,28
8554,28
8555,28
8556,28
8557,28
8558,28
8559,28
8560,28
8561,28
8562,28
8563,28
8564,28
8565,28
8566,28
8567,28
8568,28
8569,28
8570,28
8571,28
8572,28
8573,28
8574,28
8575,28
8576,28
8577,28
8578,28
8579,28
8580,28
8581,28
8582,28
8583,28
8584,28
8585,28
8586,28
8587,28
8588,28
8589,28
8590,28
8591,28
8592,28
8593,28
8594,28
8595,28
8596,28
8597,28
8598,28
8599,28
8600,28
8601,28
8602,28
8603,28
8604,28
8605,28
8606,28
8607,28
8608,28
8609,28
8610,28
8611,28
8612,28
8613,28
8614,28
8615,28
8616,28
8617,28
8618,28
8619,28
8620,28
8621,28
8622,28
8623,28
8624,28
8625,28
8626,28
8627,28
8628,28
8629,28
8630,28
8631,28
8632,28
8633,28
8634,28
8635,28
8636,28
8637,28
8638,28
8639,28
8640,28
8641,28
8642,28
8643,28
8644,28
8645,28
8646,28
8647,28
8648,28
8649,28
8650,28
8651,28
8652,28
8653,28
8654,28
8655,28
8656,28
8657,28
8658,28
8659,28
8660,28
8661,28
8662,28
8663,28
8664,28
8665,28
8666,28
8667,28
8668,28
8669,28
8670,28
8671,28
8672,28
8673,28
8674,28
8675,28
8676,28
8677,28
8678,28
8679,28
8680,28
8681,28
8682,28
8683,28
8684,28
8685,28
8686,28
8687,28
8688,28
8689,28
8690,28
8691,28
8692,28
8693,28
8694,28
8695,28
8696,28
8697,28
8698,28
8699,28
8700,28
8701,28
8702,28
8703,28
8704,28
8705,28
8706,28
8707,28
8708,28
8709,28
8710,28
8711,28
8712,28
8713,28
8714,28
8715,28
8716,28
8717,28
8718,28
8719,28
8720,28
8721,28
8722,28
8723,28
8724,28
8725,28
8726,28
8727,28
8728,28
8729,28
8730,28
8731,28
8732,28
8733,28
8734,28
8735,28
8736,28
8737,28
8738,28
8739,28
8740,28
8741,28
8742,28
8743,28
8744,28
8745,28
8746,28
8747,28
8748,28
8749,28
8750,28
8751,28
8752,28
8753,28
8754,28
8755,28
8756,28
8757,28
8758,28
8759,28
8760,28
8761,28
8762,28
8763,28
8764,28
8765,28
8766,28
8767,28
8768,28
8769,28
8770,28
8771,28
8772,28
8773,28
8774,28
8775,28
8776,28
8777,28
8778,28
8779,28
8780,28
8781,28
8782,28
8783,27
8784,27
8785,27
8786,27
8787,27
8788,27
8789,27
8790,27
8791,27
8792,27
8793,27
8794,27
8795,27
8796,27
8797,27
8798,27
8799,27
8800,27
8801,27
8802,27
8803,27
8804,27
8805,27
8806,27
8807,27
8808,27
8809,27
8810,27
8811,27
8812,27
8813,27
8814,27
8815,27
8816,27
8817,27
8818,27
8819,27
8820,27
8821,27
8822,27
8823,27
8824,27
8825,27
8826,27
8827,27
8828,27
8829,27
8830,27
8831,27
8832,27
8833,27
8834,27
8835,27
8836,27
8837,27
8838,27
8839,27
8840,27
8841,27
8842,27
8843,27
8844,27
8845,27
8846,27
8847,27
8848,27
8849,27
8850,27
8851,27
8852,27
8853,27
8854,27
8855,27
8856,27
8857,27
8858,27
8859,27
8860,27
8861,27
8862,27
8863,27
8864,27
8865,27
8866,27
8867,27
8868,27
8869,27
8870,27
8871,27
8872,27
8873,27
8874,27
8875,27
8876,27
8877,27
8878,27
8879,27
8880,27
8881,27
8882,27
8883,27
8884,27
8885,27
8886,27
8887,27
8888,27
8889,27
8890,27
8891,27
8892,27
8893,27
8894,27
8895,27
8896,27
8897,27
8898,27
8899,27
8900,27
8901,27
8902,27
8903,27
8904,27
8905,27
8906,27
8907,27
8908,27
8909,27
8910,27
8911,27
8912,27
8913,27
8914,27
8915,27
8916,27
8917,27
8918,27
8919,27
8920,27
8921,27
8922,27
8923,27
8924,27
8925,27
8926,27
8927,27
8928,27
8929,27
8930,27
8931,27
8932,27
8933,27
8934,27
8935,27
8936,27
8937,27
8938,27
8939,27
8940,27
8941,27
8942,27
8943,27
8944,27
8945,27
8946,27
8947,27
8948,27
8949,27
8950,27
8951,27
8952,27
8953,27
8954,27
8955,27
8956,27
8957,27
8958,27
8959,27
8960,27
8961,27
8962,27
8963,27
8964,27
8965,27
8966,27
8967,27
8968,27
8969,27
8970,27
8971,27
8972,27
8973,27
8974,27
8975,27
8976,27
8977,27
8978,27
8979,27
8980,27
8981,27
8982,27
8983,27
8984,27
8985,27
8986,27
8987,27
8988,27
8989,27
8990,27
8991,27
8992,27
8993,27
8994,27
8995,27
8996,27
8997,27
8998,27
8999,27
9000,27
9001,27
9002,27
9003,27
9004,27
9005,27
9006,27
9007,27
9008,27
9009,27
9010,27
9011,27
9012,27
9013,27
9014,27
9015,26
9016,26
9017,26
9018,26
9019,26
9020,26
9021,26
9022,26
9023,26
9024,26
9025,26
9026,26
9027,26
9028,26
9029,26
9030,26
9031,26
9032,26
9033,26
9034,26
9035,26
9036,26
9037,26
9038,26
9039,26
9040,26
9041,26
9042,26
9043,26
9044,26
9045,26
9046,26
9047,26
9048,26
9049,26
9050,26
9051,26
9052,26
9053,26
9054,26
9055,26
9056,26
9057,26
9058,26
9059,26
9060,26
9061,26
9062,26
9063,26
9064,26
9065,26
9066,26
9067,26
9068,26
9069,26
9070,26
9071,26
9072,26
9073,26
9074,26
9075,26
9076,26
9077,26
9078,26
9079,26
9080,26
9081,26
9082,26
9083,26
9084,26
9085,26
9086,26
9087,26
9088,26
9089,26
9090,26
9091,26
9092,26
9093,26
9094,26
9095,26
9096,26
9097,26
9098,26
9099,26
9100,26
9101,26
9102,26
9103,25
9104,25
9105,25
9106,24
9107,24
9108,24
9109,24
9110,24
9111,24
9112,24
9113,24
9114,24
9115,24
9116,24
9117,24
9118,24
9119,24
9120,24
9121,24
9122,24
9123,24
9124,24
9125,24
9126,24
9127,24
9128,24
9129,24
9130,24
9131,24
9132,24
9133,24
9134,24
9135,24
9136,24
9137,24
9138,24
9139,24
9140,24
9141,24
9142,24
9143,24
9144,24
9145,24
9146,24
9147,24
9148,24
9149,24
9150,24
9151,24
9152,24
9153,24
9154,24
9155,24
9156,24
9157,24
9158,24
9159,24
9160,24
9161,24
9162,24
9163,24
9164,24
9165,24
9166,24
9167,24
9168,24
9169,24
9170,24
9171,24
9172,24
9173,24
9174,24
9175,24
9176,24
9177,24
9178,24
9179,24
9180,24
9181,24
9182,24
9183,24
9184,24
9185,24
9186,24
9187,24
9188,24
9189,24
9190,24
9191,24
9192,24
9193,24
9194,24
9195,24
9196,24
9197,24
9198,24
9199,24
9200,24
9201,24
9202,24
9203,24
9204,24
9205,24
9206,24
9207,24
9208,24
9209,24
9210,24
9211,24
9212,24
9213,24
9214,24
9215,24
9216,24
9217,24
9218,24
9219,24
9220,24
9221,24
9222,24
9223,24
9224,24
9225,24
9226,24
9227,24
9228,24
9229,24
9230,24
9231,24
9232,24
9233,24
9234,24
9235,24
9236,24
9237,24
9238,24
9239,24
9240,24
9241,24
9242,24
9243,24
9244,24
9245,24
9246,24
9247,24
9248,24
9249,24
9250,24
9251,24
9252,24
9253,24
9254,24
9255,24
9256,24
9257,24
9258,24
9259,24
9260,24
9261,24
9262,24
9263,24
9264,24
9265,24
9266,24
9267,24
9268,24
9269,24
9270,24
9271,24
9272,24
9273,24
9274,24
9275,24
9276,24
9277,24
9278,24
9279,24
9280,24
9281,24
9282,24
9283,24
9284,24
9285,24
9286,24
9287,24
9288,24
9289,24
9290,24
9291,24
9292,24
9293,24
9294,24
9295,24
9296,24
9297,24
9298,24
9299,24
9300,24
9301,24
9302,24
9303,24
9304,24
9305,24
9306,24
9307,24
9308,24
9309,24
9310,24
9311,24
9312,24
9313,24
9314,24
9315,24
9316,24
9317,24
9318,24
9319,24
9320,24
9321,24
9322,24
9323,24
9324,24
9325,24
9326,24
9327,24
9328,24
9329,24
9330,24
9331,24
9332,24
9333,24
9334,24
9335,24
9336,24
9337,24
9338,24
9339,24
9340,24
9341,24
9342,24
9343,24
9344,24
9345,24
9346,24
9347,24
9348,24
9349,24
9350,24
9351,24
9352,24
9353,24
9354,24
9355,24
9356,24
9357,24
9358,24
9359,24
9360,24
9361,24
9362,24
9363,24
9364,24
9365,24
9366,24
9367,24
9368,24
9369,24
9370,24
9371,24
9372,24
9373,24
9374,24
9375,24
9376,24
9377,24
9378,24
9379,24
9380,24
9381,24
9382,24
9383,24
9384,24
9385,24
9386,24
9387,24
9388,24
9389,24
9390,24
9391,24
9392,24
9393,24
9394,24
9395,24
9396,24
9397,24
9398,24
9399,24
9400,24
9401,24
9402,24
9403,24
9404,24
9405,24
9406,24
9407,23
9408,23
9409,23
9410,23
9411,23
9412,23
9413,23
9414,23
9415,23
9416,23
9417,23
9418,23
9419,23
9420,23
9421,23
9422,23
9423,23
9424,23
9425,23
9426,23
9427,23
9428,23
9429,23
9430,23
9431,23
9432,23
9433,23
9434,23
9435,23
9436,23
9437,23
9438,23
9439,23
9440,23
9441,23
9442,23
9443,23
9444,23
9445,23
9446,23
9447,23
9448,23
9449,23
9450,23
9451,23
9452,23
9453,23
9454,23
9455,23
9456,23
9457,23
9458,23
9459,23
9460,23
9461,23
9462,23
9463,23
9464,23
9465,23
9466,23
9467,23
9468,23
9469,23
9470,23
9471,23
9472,23
9473,23
9474,23
9475,23
9476,23
9477,23
9478,23
9479,23
9480,23
9481,23
9482,23
9483,23
9484,23
9485,23
9486,23
9487,23
9488,23
9489,23
9490,23
9491,23
9492,23
9493,23
9494,23
9495,23
9496,23
9497,23
9498,23
9499,22
9500,22
9501,22
9502,22
9503,22
9504,22
9505,22
9506,22
9507,22
9508,22
9509,22
9510,22
9511,22
9512,22
9513,22
9514,22
9515,22
9516,22
9517,22
9518,22
9519,22
9520,22
9521,22
9522,22
9523,22
9524,22
9525,22
9526,22
9527,22
9528,22
9529,22
9530,22
9531,22
9532,22
9533,22
9534,22
9535,22
9536,22
9537,22
9538,22
9539,22
9540,22
9541,22
9542,22
9543,22
9544,22
9545,22
9546,22
9547,22
9548,22
9549,22
9550,22
9551,22
9552,22
9553,22
9554,22
9555,22
9556,22
9557,22
9558,22
9559,22
9560,22
9561,22
9562,22
9563,22
9564,22
9565,22
9566,22
9567,22
9568,22
9569,22
9570,22
9571,22
9572,22
9573,22
9574,22
9575,22
9576,22
9577,22
9578,21
9579,21
9580,21
9581,21
9582,21
9583,21
9584,21
9585,21
9586,21
9587,21
9588,21
9589,21
9590,21
9591,21
9592,21
9593,21
9594,21
9595,21
9596,21
9597,21
9598,21
9599,21
9600,21
9601,21
9602,21
9603,21
9604,21
9605,21
9606,21
9607,21
9608,21
9609,21
9610,21
9611,21
9612,21
9613,21
9614,21
9615,21
9616,21
9617,21
9618,21
9619,21
9620,21
9621,21
9622,21
9623,21
9624,21
9625,21
9626,21
9627,21
9628,21
9629,21
9630,21
9631,21
9632,21
9633,21
9634,21
9635,21
9636,21
9637,21
9638,21
9639,21
9640,21
9641,21
9642,21
9643,21
9644,21
9645,21
9646,21
9647,21
9648,21
9649,21
9650,21
9651,21
9652,21
9653,21
9654,21
9655,21
9656,21
9657,21
9658,21
9659,21
9660,21
9661,21
9662,21
9663,21
9664,21
9665,21
9666,21
9667,21
9668,21
9669,21
9670,21
9671,21
9672,21
9673,21
9674,21
9675,21
9676,21
9677,21
9678,21
9679,21
9680,21
9681,21
9682,21
9683,21
9684,21
9685,21
9686,21
9687,21
9688,21
9689,21
9690,21
9691,21
9692,21
9693,21
9694,21
9695,21
9696,21
9697,21
9698,21
9699,21
9700,21
9701,21
9702,21
9703,21
9704,21
9705,21
9706,21
9707,21
9708,21
9709,21
9710,21
9711,21
9712,21
9713,21
9714,21
9715,21
9716,21
9717,21
9718,21
9719,21
9720,21
9721,21
9722,21
9723,21
9724,21
9725,21
9726,21
9727,21
9728,21
9729,21
9730,21
9731,21
9732,21
9733,21
9734,21
9735,21
9736,21
9737,21
9738,21
9739,21
9740,21
9741,21
9742,21
9743,21
9744,21
9745,21
9746,21
9747,21
9748,21
9749,21
9750,21
9751,21
9752,21
9753,21
9754,21
9755,21
9756,21
9757,21
9758,21
9759,21
9760,21
9761,21
9762,21
9763,21
9764,21
9765,21
9766,21
9767,21
9768,21
9769,21
9770,21
9771,21
9772,21
9773,21
9774,21
9775,21
9776,21
9777,21
9778,21
9779,21
9780,21
9781,21
9782,21
9783,21
9784,21
9785,21
9786,21
9787,21
9788,21
9789,21
9790,21
9791,21
9792,21
9793,21
9794,21
9795,21
9796,21
9797,21
9798,21
9799,21
9800,21
9801,21
9802,21
9803,21
9804,21
9805,21
9806,21
9807,21
9808,21
9809,21
9810,21
9811,21
9812,21
9813,21
9814,21
9815,21
9816,21
9817,21
9818,21
9819,21
9820,21
9821,21
9822,21
9823,21
9824,21
9825,21
9826,21
9827,21
9828,21
9829,21
9830,21
9831,21
9832,21
9833,21
9834,21
9835,21
9836,21
9837,21
9838,21
9839,21
9840,21
9841,21
9842,21
9843,21
9844,21
9845,21
9846,21
9847,21
9848,21
9849,21
9850,21
9851,21
9852,21
9853,21
9854,21
9855,21
9856,21
9857,21
9858,20
9859,20
9860,20
9861,20
9862,20
9863,20
9864,20
9865,20
9866,20
9867,20
9868,20
9869,20
9870,20
9871,20
9872,20
9873,20
9874,20
9875,20
9876,20
9877,20
9878,20
9879,20
9880,20
9881,20
9882,20
9883,20
9884,20
9885,20
9886,20
9887,20
9888,20
9889,20
9890,20
9891,20
9892,20
9893,20
9894,20
9895,20
9896,20
9897,20
9898,20
9899,20
9900,20
9901,20
9902,20
9903,20
9904,20
9905,20
9906,20
9907,20
9908,20
9909,20
9910,20
9911,20
9912,20
9913,20
9914,20
9915,20
9916,20
9917,20
9918,20
9919,20
9920,20
9921,20
9922,20
9923,20
9924,20
9925,20
9926,20
9927,20
9928,20
9929,20
9930,20
9931,20
9932,20
9933,20
9934,20
9935,20
9936,20
9937,20
9938,20
9939,20
9940,20
9941,20
9942,20
9943,20
9944,20
9945,20
9946,20
9947,20
9948,20
9949,20
9950,20
9951,20
9952,20
9953,20
9954,20
9955,20
9956,20
9957,20
9958,20
9959,20
9960,20
9961,20
9962,20
9963,20
9964,20
9965,20
9966,20
9967,20
9968,20
9969,20
9970,20
9971,20
9972,20
9973,20
9974,20
9975,20
9976,20
9977,20
9978,20
9979,20
9980,20
9981,20
9982,20
9983,20
9984,20
9985,20
9986,20
9987,20
9988,20
9989,20
9990,20
9991,20
9992,20
9993,20
9994,20
9995,20
9996,19
9997,19
9998,19
9999,19
