,pso
0,301
1,301
2,301
3,301
4,301
5,301
6,301
7,301
8,301
9,301
10,301
11,301
12,301
13,301
14,301
15,301
16,301
17,301
18,301
19,301
20,301
21,301
22,301
23,301
24,301
25,301
26,301
27,301
28,301
29,301
30,301
31,301
32,301
33,301
34,301
35,301
36,301
37,301
38,301
39,301
40,301
41,301
42,301
43,301
44,301
45,301
46,301
47,301
48,301
49,301
50,301
51,301
52,301
53,301
54,301
55,301
56,301
57,301
58,301
59,301
60,301
61,301
62,301
63,301
64,301
65,301
66,301
67,301
68,301
69,301
70,301
71,301
72,301
73,301
74,301
75,301
76,301
77,301
78,301
79,301
80,301
81,301
82,301
83,301
84,301
85,301
86,301
87,301
88,301
89,301
90,301
91,301
92,301
93,301
94,301
95,301
96,301
97,301
98,301
99,301
100,301
101,301
102,301
103,301
104,301
105,301
106,301
107,301
108,301
109,301
110,301
111,301
112,301
113,301
114,301
115,301
116,301
117,301
118,301
119,301
120,301
121,301
122,301
123,301
124,301
125,301
126,301
127,301
128,301
129,301
130,301
131,301
132,301
133,301
134,301
135,301
136,301
137,301
138,301
139,301
140,301
141,301
142,301
143,301
144,301
145,301
146,301
147,301
148,301
149,301
150,301
151,301
152,301
153,301
154,301
155,301
156,301
157,301
158,301
159,301
160,301
161,301
162,301
163,301
164,301
165,301
166,301
167,301
168,301
169,301
170,301
171,301
172,301
173,301
174,301
175,301
176,301
177,301
178,301
179,301
180,301
181,301
182,301
183,301
184,301
185,301
186,301
187,301
188,301
189,301
190,301
191,301
192,301
193,301
194,301
195,301
196,301
197,301
198,301
199,301
200,301
201,301
202,301
203,301
204,301
205,301
206,301
207,301
208,301
209,301
210,301
211,301
212,301
213,301
214,301
215,301
216,301
217,301
218,301
219,301
220,301
221,301
222,301
223,301
224,301
225,301
226,301
227,301
228,301
229,301
230,301
231,301
232,301
233,301
234,301
235,301
236,301
237,301
238,301
239,301
240,301
241,301
242,301
243,301
244,301
245,301
246,301
247,301
248,301
249,301
250,301
251,301
252,301
253,301
254,301
255,301
256,301
257,301
258,301
259,301
260,301
261,301
262,301
263,301
264,301
265,301
266,301
267,301
268,301
269,301
270,301
271,301
272,301
273,301
274,301
275,301
276,301
277,301
278,301
279,301
280,301
281,301
282,301
283,301
284,301
285,301
286,301
287,301
288,301
289,301
290,301
291,301
292,301
293,301
294,301
295,301
296,301
297,301
298,301
299,301
300,301
301,301
302,301
303,301
304,301
305,301
306,301
307,301
308,301
309,301
310,301
311,301
312,301
313,301
314,301
315,301
316,301
317,301
318,301
319,301
320,301
321,301
322,301
323,301
324,301
325,301
326,301
327,301
328,301
329,301
330,301
331,301
332,301
333,301
334,301
335,301
336,301
337,301
338,301
339,301
340,301
341,301
342,301
343,301
344,301
345,301
346,301
347,301
348,301
349,301
350,301
351,301
352,301
353,301
354,301
355,301
356,301
357,301
358,301
359,301
360,301
361,301
362,301
363,301
364,301
365,301
366,301
367,301
368,301
369,301
370,301
371,301
372,301
373,301
374,301
375,301
376,301
377,301
378,301
379,301
380,301
381,301
382,301
383,301
384,301
385,301
386,301
387,301
388,301
389,301
390,301
391,301
392,301
393,301
394,301
395,301
396,301
397,301
398,301
399,301
400,301
401,301
402,301
403,301
404,301
405,301
406,301
407,301
408,301
409,301
410,301
411,301
412,301
413,301
414,301
415,301
416,301
417,301
418,301
419,301
420,301
421,301
422,301
423,301
424,301
425,301
426,301
427,301
428,301
429,301
430,301
431,301
432,301
433,301
434,301
435,301
436,301
437,301
438,301
439,301
440,301
441,301
442,301
443,301
444,301
445,301
446,301
447,301
448,301
449,301
450,301
451,301
452,301
453,301
454,301
455,301
456,301
457,301
458,301
459,301
460,301
461,301
462,301
463,301
464,301
465,301
466,301
467,301
468,301
469,301
470,301
471,301
472,301
473,301
474,301
475,301
476,301
477,301
478,301
479,301
480,301
481,301
482,301
483,301
484,301
485,301
486,301
487,301
488,301
489,301
490,301
491,301
492,301
493,301
494,301
495,301
496,301
497,301
498,301
499,301
500,301
501,301
502,301
503,301
504,301
505,301
506,301
507,301
508,301
509,301
510,301
511,301
512,301
513,301
514,301
515,301
516,301
517,301
518,301
519,301
520,301
521,301
522,301
523,301
524,301
525,301
526,301
527,301
528,301
529,301
530,301
531,301
532,301
533,301
534,301
535,301
536,301
537,301
538,301
539,301
540,301
541,301
542,301
543,301
544,301
545,301
546,301
547,301
548,301
549,301
550,301
551,301
552,301
553,301
554,301
555,301
556,301
557,301
558,301
559,301
560,301
561,301
562,301
563,301
564,301
565,301
566,301
567,301
568,301
569,301
570,301
571,301
572,301
573,301
574,301
575,301
576,301
577,301
578,301
579,301
580,301
581,301
582,301
583,301
584,301
585,301
586,301
587,301
588,301
589,301
590,301
591,301
592,301
593,301
594,301
595,301
596,301
597,301
598,301
599,301
600,301
601,301
602,301
603,301
604,301
605,301
606,301
607,301
608,301
609,301
610,301
611,301
612,301
613,301
614,301
615,301
616,301
617,301
618,301
619,301
620,301
621,301
622,301
623,301
624,301
625,301
626,301
627,301
628,301
629,301
630,301
631,301
632,301
633,301
634,301
635,301
636,301
637,301
638,301
639,301
640,301
641,301
642,301
643,301
644,301
645,301
646,301
647,301
648,301
649,301
650,301
651,301
652,301
653,301
654,301
655,301
656,301
657,301
658,301
659,301
660,301
661,301
662,301
663,301
664,301
665,301
666,301
667,301
668,301
669,301
670,301
671,301
672,301
673,301
674,301
675,301
676,301
677,301
678,301
679,301
680,301
681,301
682,301
683,301
684,301
685,301
686,301
687,301
688,301
689,301
690,301
691,301
692,301
693,301
694,301
695,301
696,301
697,301
698,301
699,301
700,301
701,301
702,301
703,301
704,301
705,301
706,301
707,301
708,301
709,301
710,301
711,301
712,301
713,301
714,301
715,301
716,301
717,301
718,301
719,301
720,301
721,301
722,301
723,301
724,301
725,301
726,301
727,301
728,301
729,301
730,301
731,301
732,301
733,301
734,301
735,301
736,301
737,301
738,301
739,301
740,301
741,301
742,301
743,301
744,301
745,301
746,301
747,301
748,301
749,301
750,301
751,301
752,301
753,301
754,301
755,301
756,301
757,301
758,301
759,301
760,301
761,301
762,301
763,301
764,301
765,301
766,301
767,301
768,301
769,301
770,301
771,301
772,301
773,301
774,301
775,301
776,301
777,301
778,301
779,301
780,301
781,301
782,301
783,301
784,301
785,301
786,301
787,301
788,301
789,301
790,301
791,301
792,301
793,301
794,301
795,301
796,301
797,301
798,301
799,301
800,301
801,301
802,301
803,301
804,301
805,301
806,301
807,301
808,301
809,301
810,301
811,301
812,301
813,301
814,301
815,301
816,301
817,301
818,301
819,301
820,301
821,301
822,301
823,301
824,301
825,301
826,301
827,301
828,301
829,301
830,301
831,301
832,301
833,301
834,301
835,301
836,301
837,301
838,301
839,301
840,301
841,301
842,301
843,301
844,301
845,301
846,301
847,301
848,301
849,301
850,301
851,301
852,301
853,301
854,301
855,301
856,301
857,301
858,301
859,301
860,301
861,301
862,301
863,301
864,301
865,301
866,301
867,301
868,301
869,301
870,301
871,301
872,301
873,301
874,301
875,301
876,301
877,301
878,301
879,301
880,301
881,301
882,301
883,301
884,301
885,301
886,301
887,301
888,301
889,301
890,301
891,301
892,301
893,301
894,301
895,301
896,301
897,301
898,301
899,301
900,301
901,301
902,301
903,301
904,301
905,301
906,301
907,301
908,301
909,301
910,301
911,301
912,301
913,301
914,301
915,301
916,301
917,301
918,301
919,301
920,301
921,301
922,301
923,301
924,301
925,301
926,301
927,301
928,301
929,301
930,301
931,301
932,301
933,301
934,301
935,301
936,301
937,301
938,301
939,301
940,301
941,301
942,301
943,301
944,301
945,301
946,301
947,301
948,301
949,301
950,301
951,301
952,301
953,301
954,301
955,301
956,301
957,301
958,301
959,301
960,301
961,301
962,301
963,301
964,301
965,301
966,301
967,301
968,301
969,301
970,301
971,301
972,301
973,301
974,301
975,301
976,301
977,301
978,301
979,301
980,301
981,301
982,301
983,301
984,301
985,301
986,301
987,301
988,301
989,301
990,301
991,301
992,301
993,301
994,301
995,301
996,301
997,301
998,301
999,301
1000,301
1001,301
1002,301
1003,301
1004,301
1005,301
1006,301
1007,301
1008,301
1009,301
1010,301
1011,301
1012,301
1013,301
1014,301
1015,301
1016,301
1017,301
1018,301
1019,301
1020,301
1021,301
1022,301
1023,301
1024,301
1025,301
1026,301
1027,301
1028,301
1029,301
1030,301
1031,301
1032,301
1033,301
1034,301
1035,301
1036,301
1037,301
1038,301
1039,301
1040,301
1041,301
1042,301
1043,301
1044,301
1045,301
1046,301
1047,301
1048,301
1049,301
1050,301
1051,301
1052,301
1053,301
1054,301
1055,301
1056,301
1057,301
1058,301
1059,301
1060,301
1061,301
1062,301
1063,301
1064,301
1065,301
1066,301
1067,301
1068,301
1069,301
1070,301
1071,301
1072,301
1073,301
1074,301
1075,301
1076,301
1077,301
1078,301
1079,301
1080,301
1081,301
1082,301
1083,301
1084,301
1085,301
1086,301
1087,301
1088,301
1089,301
1090,301
1091,301
1092,301
1093,301
1094,301
1095,301
1096,301
1097,301
1098,301
1099,301
1100,301
1101,301
1102,301
1103,301
1104,301
1105,301
1106,301
1107,301
1108,301
1109,301
1110,301
1111,301
1112,301
1113,301
1114,301
1115,301
1116,301
1117,301
1118,301
1119,301
1120,301
1121,301
1122,301
1123,301
1124,301
1125,301
1126,301
1127,301
1128,301
1129,301
1130,301
1131,301
1132,301
1133,301
1134,301
1135,301
1136,301
1137,301
1138,301
1139,301
1140,301
1141,301
1142,301
1143,301
1144,301
1145,301
1146,301
1147,301
1148,301
1149,301
1150,301
1151,301
1152,301
1153,301
1154,301
1155,301
1156,301
1157,301
1158,301
1159,301
1160,301
1161,301
1162,301
1163,301
1164,301
1165,301
1166,301
1167,301
1168,301
1169,301
1170,301
1171,301
1172,301
1173,301
1174,301
1175,301
1176,301
1177,301
1178,301
1179,301
1180,301
1181,301
1182,301
1183,301
1184,301
1185,301
1186,301
1187,301
1188,301
1189,301
1190,301
1191,301
1192,301
1193,301
1194,301
1195,301
1196,301
1197,301
1198,301
1199,301
1200,301
1201,301
1202,301
1203,301
1204,301
1205,301
1206,301
1207,301
1208,301
1209,301
1210,301
1211,301
1212,301
1213,301
1214,301
1215,301
1216,301
1217,301
1218,301
1219,301
1220,301
1221,301
1222,301
1223,301
1224,301
1225,301
1226,301
1227,301
1228,301
1229,301
1230,301
1231,301
1232,301
1233,301
1234,301
1235,301
1236,301
1237,301
1238,301
1239,301
1240,301
1241,301
1242,301
1243,301
1244,301
1245,301
1246,301
1247,301
1248,301
1249,301
1250,301
1251,301
1252,301
1253,301
1254,301
1255,301
1256,301
1257,301
1258,301
1259,301
1260,301
1261,301
1262,301
1263,301
1264,301
1265,301
1266,301
1267,301
1268,301
1269,301
1270,301
1271,301
1272,301
1273,301
1274,301
1275,301
1276,301
1277,301
1278,301
1279,301
1280,301
1281,301
1282,301
1283,301
1284,301
1285,301
1286,301
1287,301
1288,301
1289,301
1290,301
1291,301
1292,301
1293,301
1294,301
1295,301
1296,301
1297,301
1298,301
1299,301
1300,301
1301,301
1302,301
1303,301
1304,301
1305,301
1306,301
1307,301
1308,301
1309,301
1310,301
1311,301
1312,301
1313,301
1314,301
1315,301
1316,301
1317,301
1318,301
1319,301
1320,301
1321,301
1322,301
1323,301
1324,301
1325,301
1326,301
1327,301
1328,301
1329,301
1330,301
1331,301
1332,301
1333,301
1334,301
1335,301
1336,301
1337,301
1338,301
1339,301
1340,301
1341,301
1342,301
1343,301
1344,301
1345,301
1346,301
1347,301
1348,301
1349,301
1350,301
1351,301
1352,301
1353,301
1354,301
1355,301
1356,301
1357,301
1358,301
1359,301
1360,301
1361,301
1362,301
1363,301
1364,301
1365,301
1366,301
1367,301
1368,301
1369,301
1370,301
1371,301
1372,301
1373,301
1374,301
1375,301
1376,301
1377,301
1378,301
1379,301
1380,301
1381,301
1382,301
1383,301
1384,300
1385,300
1386,300
1387,300
1388,300
1389,299
1390,299
1391,299
1392,298
1393,298
1394,298
1395,297
1396,297
1397,297
1398,297
1399,297
1400,296
1401,295
1402,293
1403,292
1404,291
1405,289
1406,287
1407,285
1408,283
1409,283
1410,283
1411,282
1412,282
1413,280
1414,279
1415,278
1416,278
1417,278
1418,276
1419,274
1420,273
1421,271
1422,269
1423,267
1424,264
1425,260
1426,259
1427,256
1428,254
1429,252
1430,250
1431,247
1432,246
1433,243
1434,241
1435,238
1436,234
1437,231
1438,229
1439,226
1440,224
1441,224
1442,223
1443,222
1444,220
1445,219
1446,219
1447,218
1448,217
1449,216
1450,214
1451,213
1452,211
1453,209
1454,204
1455,203
1456,202
1457,199
1458,197
1459,193
1460,190
1461,187
1462,184
1463,183
1464,181
1465,179
1466,178
1467,178
1468,178
1469,178
1470,178
1471,178
1472,178
1473,178
1474,178
1475,178
1476,178
1477,178
1478,178
1479,178
1480,178
1481,178
1482,178
1483,178
1484,178
1485,178
1486,178
1487,178
1488,178
1489,178
1490,178
1491,178
1492,178
1493,178
1494,178
1495,178
1496,178
1497,178
1498,178
1499,178
1500,178
1501,178
1502,178
1503,178
1504,178
1505,178
1506,178
1507,178
1508,178
1509,178
1510,178
1511,178
1512,178
1513,178
1514,178
1515,178
1516,178
1517,178
1518,178
1519,178
1520,178
1521,178
1522,178
1523,178
1524,178
1525,178
1526,178
1527,178
1528,178
1529,178
1530,178
1531,178
1532,178
1533,178
1534,178
1535,178
1536,178
1537,178
1538,178
1539,178
1540,178
1541,178
1542,178
1543,178
1544,178
1545,178
1546,178
1547,178
1548,178
1549,178
1550,178
1551,178
1552,178
1553,178
1554,178
1555,178
1556,178
1557,178
1558,178
1559,178
1560,178
1561,178
1562,178
1563,178
1564,178
1565,178
1566,178
1567,178
1568,178
1569,178
1570,178
1571,178
1572,178
1573,178
1574,178
1575,178
1576,178
1577,178
1578,178
1579,178
1580,178
1581,178
1582,178
1583,178
1584,178
1585,178
1586,178
1587,178
1588,178
1589,178
1590,178
1591,178
1592,178
1593,178
1594,178
1595,178
1596,178
1597,178
1598,178
1599,178
1600,178
1601,178
1602,178
1603,178
1604,178
1605,178
1606,178
1607,178
1608,178
1609,178
1610,178
1611,178
1612,178
1613,178
1614,178
1615,178
1616,178
1617,178
1618,178
1619,178
1620,178
1621,178
1622,178
1623,178
1624,178
1625,178
1626,178
1627,178
1628,178
1629,178
1630,178
1631,178
1632,178
1633,178
1634,178
1635,178
1636,178
1637,178
1638,178
1639,178
1640,178
1641,178
1642,178
1643,178
1644,178
1645,178
1646,178
1647,178
1648,178
1649,178
1650,178
1651,178
1652,178
1653,178
1654,178
1655,178
1656,178
1657,178
1658,178
1659,178
1660,178
1661,178
1662,178
1663,178
1664,178
1665,178
1666,178
1667,178
1668,178
1669,178
1670,178
1671,178
1672,178
1673,178
1674,178
1675,178
1676,178
1677,178
1678,178
1679,178
1680,178
1681,178
1682,178
1683,178
1684,177
1685,177
1686,177
1687,177
1688,177
1689,177
1690,177
1691,177
1692,177
1693,177
1694,177
1695,177
1696,177
1697,177
1698,177
1699,177
1700,177
1701,177
1702,177
1703,177
1704,177
1705,177
1706,177
1707,177
1708,177
1709,177
1710,177
1711,177
1712,177
1713,177
1714,177
1715,177
1716,177
1717,177
1718,177
1719,177
1720,177
1721,177
1722,177
1723,177
1724,177
1725,176
1726,176
1727,176
1728,176
1729,176
1730,176
1731,176
1732,176
1733,176
1734,176
1735,176
1736,176
1737,176
1738,176
1739,176
1740,176
1741,176
1742,176
1743,176
1744,176
1745,176
1746,176
1747,176
1748,176
1749,176
1750,176
1751,176
1752,176
1753,176
1754,176
1755,176
1756,176
1757,176
1758,176
1759,176
1760,176
1761,176
1762,176
1763,176
1764,176
1765,176
1766,176
1767,176
1768,176
1769,176
1770,176
1771,176
1772,176
1773,176
1774,176
1775,176
1776,176
1777,176
1778,176
1779,176
1780,176
1781,176
1782,176
1783,176
1784,176
1785,176
1786,176
1787,176
1788,175
1789,175
1790,175
1791,175
1792,175
1793,175
1794,175
1795,175
1796,175
1797,175
1798,175
1799,175
1800,175
1801,175
1802,175
1803,175
1804,175
1805,175
1806,175
1807,175
1808,175
1809,175
1810,175
1811,175
1812,175
1813,175
1814,175
1815,175
1816,175
1817,174
1818,174
1819,174
1820,174
1821,174
1822,174
1823,174
1824,174
1825,174
1826,174
1827,174
1828,174
1829,174
1830,174
1831,174
1832,174
1833,174
1834,174
1835,174
1836,174
1837,174
1838,174
1839,174
1840,174
1841,174
1842,174
1843,174
1844,174
1845,174
1846,174
1847,174
1848,174
1849,174
1850,174
1851,174
1852,174
1853,174
1854,174
1855,174
1856,174
1857,174
1858,173
1859,173
1860,173
1861,173
1862,173
1863,173
1864,173
1865,173
1866,173
1867,173
1868,173
1869,173
1870,173
1871,173
1872,173
1873,173
1874,173
1875,173
1876,173
1877,173
1878,173
1879,173
1880,172
1881,172
1882,172
1883,172
1884,172
1885,172
1886,172
1887,172
1888,172
1889,172
1890,171
1891,171
1892,171
1893,171
1894,171
1895,171
1896,171
1897,171
1898,171
1899,171
1900,171
1901,171
1902,171
1903,171
1904,171
1905,171
1906,171
1907,171
1908,171
1909,171
1910,171
1911,171
1912,171
1913,171
1914,171
1915,171
1916,171
1917,171
1918,171
1919,170
1920,170
1921,170
1922,170
1923,170
1924,170
1925,170
1926,170
1927,170
1928,170
1929,170
1930,170
1931,170
1932,170
1933,170
1934,170
1935,170
1936,170
1937,170
1938,170
1939,170
1940,169
1941,169
1942,169
1943,169
1944,169
1945,169
1946,169
1947,169
1948,169
1949,169
1950,169
1951,169
1952,169
1953,169
1954,169
1955,169
1956,168
1957,168
1958,168
1959,168
1960,168
1961,168
1962,168
1963,168
1964,168
1965,168
1966,168
1967,168
1968,167
1969,167
1970,167
1971,167
1972,167
1973,167
1974,167
1975,167
1976,167
1977,167
1978,166
1979,166
1980,166
1981,166
1982,166
1983,166
1984,166
1985,166
1986,166
1987,166
1988,166
1989,166
1990,166
1991,166
1992,166
1993,166
1994,166
1995,166
1996,166
1997,166
1998,166
1999,166
2000,166
2001,166
2002,166
2003,166
2004,166
2005,166
2006,166
2007,166
2008,166
2009,166
2010,166
2011,166
2012,166
2013,166
2014,166
2015,166
2016,166
2017,166
2018,166
2019,166
2020,166
2021,165
2022,164
2023,164
2024,164
2025,162
2026,160
2027,159
2028,159
2029,159
2030,158
2031,157
2032,156
2033,156
2034,156
2035,153
2036,152
2037,151
2038,149
2039,148
2040,147
2041,144
2042,139
2043,135
2044,133
2045,129
2046,127
2047,126
2048,125
2049,122
2050,119
2051,118
2052,116
2053,116
2054,116
2055,116
2056,116
2057,116
2058,116
2059,115
2060,115
2061,115
2062,115
2063,115
2064,115
2065,115
2066,115
2067,115
2068,115
2069,114
2070,114
2071,114
2072,114
2073,114
2074,114
2075,114
2076,114
2077,114
2078,114
2079,114
2080,114
2081,114
2082,114
2083,114
2084,114
2085,114
2086,114
2087,114
2088,114
2089,114
2090,114
2091,114
2092,114
2093,114
2094,114
2095,114
2096,114
2097,114
2098,114
2099,114
2100,114
2101,114
2102,114
2103,114
2104,114
2105,114
2106,114
2107,114
2108,114
2109,114
2110,114
2111,114
2112,114
2113,113
2114,113
2115,113
2116,113
2117,113
2118,113
2119,113
2120,113
2121,113
2122,113
2123,113
2124,113
2125,113
2126,113
2127,113
2128,113
2129,113
2130,113
2131,113
2132,113
2133,113
2134,113
2135,113
2136,113
2137,113
2138,113
2139,113
2140,113
2141,113
2142,113
2143,113
2144,113
2145,113
2146,113
2147,113
2148,113
2149,113
2150,113
2151,113
2152,113
2153,113
2154,113
2155,113
2156,113
2157,113
2158,113
2159,113
2160,113
2161,113
2162,113
2163,113
2164,113
2165,113
2166,113
2167,113
2168,113
2169,113
2170,113
2171,113
2172,113
2173,113
2174,113
2175,113
2176,113
2177,113
2178,113
2179,113
2180,113
2181,113
2182,113
2183,113
2184,113
2185,113
2186,113
2187,113
2188,113
2189,113
2190,113
2191,113
2192,113
2193,113
2194,113
2195,113
2196,113
2197,113
2198,113
2199,113
2200,113
2201,113
2202,113
2203,113
2204,113
2205,113
2206,113
2207,113
2208,113
2209,113
2210,113
2211,113
2212,113
2213,113
2214,113
2215,113
2216,113
2217,113
2218,113
2219,113
2220,113
2221,113
2222,113
2223,113
2224,113
2225,113
2226,113
2227,113
2228,113
2229,113
2230,113
2231,113
2232,113
2233,112
2234,112
2235,112
2236,112
2237,112
2238,112
2239,112
2240,111
2241,111
2242,110
2243,107
2244,106
2245,103
2246,101
2247,99
2248,96
2249,91
2250,89
2251,87
2252,85
2253,82
2254,78
2255,74
2256,65
2257,61
2258,53
2259,51
2260,51
2261,51
2262,51
2263,51
2264,51
2265,51
2266,51
2267,50
2268,50
2269,50
2270,50
2271,49
2272,49
2273,49
2274,46
2275,41
2276,38
2277,35
2278,32
2279,31
2280,26
2281,22
2282,15
2283,12
2284,7
