,pso
0,300
1,300
2,300
3,300
4,300
5,300
6,300
7,300
8,300
9,300
10,300
11,300
12,300
13,300
14,300
15,300
16,300
17,300
18,300
19,300
20,300
21,300
22,300
23,300
24,300
25,300
26,300
27,300
28,300
29,300
30,300
31,300
32,300
33,300
34,300
35,300
36,300
37,300
38,300
39,300
40,300
41,300
42,300
43,300
44,300
45,300
46,300
47,300
48,300
49,300
50,300
51,300
52,300
53,300
54,300
55,300
56,300
57,300
58,300
59,300
60,300
61,300
62,300
63,300
64,300
65,300
66,300
67,300
68,300
69,300
70,300
71,300
72,300
73,300
74,300
75,300
76,300
77,300
78,300
79,300
80,300
81,300
82,300
83,300
84,300
85,300
86,300
87,300
88,300
89,300
90,300
91,300
92,300
93,300
94,300
95,300
96,300
97,300
98,300
99,300
100,300
101,300
102,300
103,300
104,300
105,300
106,300
107,300
108,300
109,300
110,300
111,300
112,300
113,300
114,300
115,300
116,300
117,300
118,300
119,300
120,300
121,300
122,300
123,300
124,300
125,300
126,300
127,300
128,300
129,300
130,300
131,300
132,300
133,300
134,300
135,300
136,300
137,300
138,300
139,300
140,300
141,300
142,300
143,300
144,300
145,300
146,300
147,300
148,300
149,300
150,300
151,300
152,300
153,300
154,300
155,300
156,300
157,300
158,300
159,300
160,300
161,300
162,300
163,300
164,300
165,300
166,300
167,300
168,300
169,300
170,300
171,300
172,300
173,300
174,300
175,300
176,300
177,300
178,300
179,300
180,300
181,300
182,300
183,300
184,300
185,300
186,300
187,300
188,300
189,300
190,300
191,300
192,300
193,300
194,300
195,300
196,300
197,300
198,300
199,300
200,300
201,300
202,300
203,300
204,300
205,300
206,300
207,300
208,300
209,300
210,300
211,300
212,300
213,300
214,300
215,300
216,300
217,300
218,300
219,300
220,300
221,300
222,300
223,300
224,300
225,300
226,300
227,300
228,300
229,300
230,300
231,300
232,300
233,300
234,300
235,300
236,300
237,300
238,300
239,300
240,300
241,300
242,300
243,300
244,300
245,300
246,300
247,300
248,300
249,300
250,300
251,300
252,300
253,300
254,300
255,300
256,300
257,300
258,300
259,300
260,300
261,300
262,300
263,300
264,300
265,300
266,300
267,300
268,300
269,300
270,300
271,300
272,300
273,300
274,300
275,300
276,300
277,300
278,300
279,300
280,300
281,300
282,300
283,300
284,300
285,300
286,300
287,300
288,300
289,300
290,300
291,300
292,300
293,300
294,300
295,300
296,300
297,300
298,300
299,300
300,300
301,300
302,300
303,300
304,300
305,300
306,300
307,300
308,300
309,300
310,300
311,300
312,300
313,300
314,300
315,300
316,300
317,300
318,300
319,300
320,300
321,300
322,300
323,300
324,300
325,300
326,300
327,300
328,300
329,300
330,300
331,300
332,300
333,300
334,300
335,300
336,300
337,300
338,300
339,300
340,300
341,300
342,300
343,300
344,300
345,300
346,300
347,300
348,300
349,300
350,300
351,300
352,300
353,300
354,300
355,300
356,300
357,300
358,300
359,300
360,300
361,300
362,300
363,300
364,300
365,300
366,300
367,300
368,300
369,300
370,300
371,300
372,300
373,300
374,300
375,300
376,300
377,300
378,300
379,300
380,300
381,300
382,300
383,300
384,300
385,300
386,300
387,300
388,300
389,300
390,300
391,300
392,300
393,300
394,300
395,300
396,300
397,300
398,300
399,300
400,300
401,300
402,300
403,300
404,300
405,300
406,300
407,300
408,300
409,300
410,300
411,300
412,300
413,300
414,300
415,300
416,300
417,300
418,300
419,300
420,300
421,300
422,300
423,300
424,300
425,300
426,300
427,300
428,300
429,300
430,300
431,300
432,300
433,300
434,300
435,300
436,300
437,300
438,300
439,300
440,300
441,300
442,300
443,300
444,300
445,300
446,300
447,300
448,300
449,300
450,300
451,300
452,300
453,300
454,300
455,300
456,300
457,300
458,300
459,300
460,300
461,300
462,300
463,300
464,300
465,300
466,300
467,300
468,300
469,300
470,300
471,300
472,300
473,300
474,300
475,300
476,300
477,300
478,300
479,300
480,300
481,300
482,300
483,300
484,300
485,300
486,300
487,300
488,300
489,300
490,300
491,300
492,300
493,300
494,300
495,300
496,300
497,300
498,300
499,300
500,300
501,300
502,300
503,300
504,300
505,300
506,300
507,300
508,300
509,300
510,300
511,300
512,300
513,300
514,300
515,300
516,300
517,300
518,300
519,300
520,300
521,300
522,300
523,300
524,300
525,300
526,300
527,300
528,300
529,300
530,300
531,300
532,300
533,300
534,300
535,300
536,300
537,300
538,300
539,300
540,300
541,300
542,300
543,300
544,300
545,300
546,300
547,300
548,300
549,300
550,300
551,300
552,300
553,300
554,300
555,300
556,300
557,300
558,300
559,300
560,300
561,300
562,300
563,300
564,300
565,300
566,300
567,300
568,300
569,300
570,300
571,300
572,300
573,300
574,300
575,300
576,300
577,300
578,300
579,300
580,300
581,300
582,300
583,300
584,300
585,300
586,300
587,300
588,300
589,300
590,300
591,300
592,300
593,300
594,300
595,300
596,300
597,300
598,300
599,300
600,300
601,300
602,300
603,300
604,300
605,300
606,300
607,300
608,300
609,300
610,300
611,300
612,300
613,300
614,300
615,300
616,300
617,300
618,300
619,300
620,300
621,300
622,300
623,300
624,300
625,300
626,300
627,300
628,300
629,300
630,300
631,300
632,300
633,300
634,300
635,300
636,300
637,300
638,300
639,300
640,300
641,300
642,300
643,300
644,300
645,300
646,300
647,300
648,300
649,300
650,300
651,300
652,300
653,300
654,300
655,300
656,300
657,300
658,300
659,300
660,300
661,300
662,300
663,300
664,300
665,300
666,300
667,300
668,300
669,300
670,300
671,300
672,300
673,300
674,300
675,300
676,300
677,300
678,300
679,300
680,300
681,300
682,300
683,300
684,300
685,300
686,300
687,300
688,300
689,300
690,300
691,300
692,300
693,300
694,300
695,300
696,300
697,300
698,300
699,300
700,300
701,300
702,300
703,300
704,300
705,300
706,300
707,300
708,300
709,300
710,300
711,300
712,300
713,300
714,300
715,300
716,300
717,300
718,300
719,300
720,300
721,300
722,300
723,300
724,300
725,300
726,300
727,300
728,300
729,300
730,300
731,300
732,300
733,300
734,300
735,300
736,300
737,300
738,300
739,300
740,300
741,300
742,300
743,300
744,300
745,300
746,300
747,300
748,300
749,300
750,300
751,300
752,300
753,300
754,300
755,300
756,300
757,300
758,300
759,300
760,300
761,300
762,300
763,300
764,300
765,300
766,300
767,300
768,300
769,300
770,300
771,300
772,300
773,300
774,300
775,300
776,300
777,300
778,300
779,300
780,300
781,300
782,300
783,300
784,300
785,300
786,300
787,300
788,300
789,300
790,300
791,300
792,300
793,300
794,300
795,300
796,300
797,300
798,300
799,300
800,300
801,300
802,300
803,300
804,300
805,300
806,300
807,300
808,300
809,300
810,300
811,300
812,300
813,300
814,300
815,300
816,300
817,300
818,300
819,300
820,300
821,300
822,300
823,300
824,300
825,300
826,300
827,300
828,300
829,300
830,300
831,300
832,300
833,300
834,300
835,300
836,300
837,300
838,300
839,300
840,300
841,300
842,300
843,300
844,300
845,300
846,300
847,300
848,300
849,300
850,300
851,300
852,300
853,300
854,300
855,300
856,300
857,300
858,300
859,300
860,300
861,300
862,300
863,300
864,300
865,300
866,300
867,300
868,300
869,300
870,300
871,300
872,300
873,300
874,300
875,300
876,300
877,300
878,300
879,300
880,300
881,300
882,300
883,300
884,300
885,300
886,300
887,300
888,300
889,300
890,300
891,300
892,300
893,300
894,300
895,300
896,300
897,300
898,300
899,300
900,300
901,300
902,300
903,300
904,300
905,300
906,300
907,300
908,300
909,300
910,300
911,300
912,300
913,300
914,300
915,300
916,300
917,300
918,300
919,300
920,300
921,300
922,300
923,300
924,300
925,300
926,300
927,300
928,300
929,300
930,300
931,300
932,300
933,300
934,300
935,300
936,300
937,300
938,300
939,300
940,300
941,300
942,300
943,300
944,300
945,300
946,300
947,300
948,300
949,300
950,300
951,300
952,300
953,300
954,300
955,300
956,300
957,300
958,300
959,300
960,300
961,300
962,300
963,300
964,300
965,300
966,300
967,300
968,300
969,300
970,300
971,300
972,300
973,300
974,300
975,300
976,300
977,300
978,300
979,300
980,300
981,300
982,300
983,300
984,300
985,300
986,300
987,300
988,300
989,300
990,300
991,300
992,300
993,300
994,300
995,300
996,300
997,300
998,300
999,300
1000,300
1001,300
1002,300
1003,300
1004,300
1005,300
1006,300
1007,300
1008,300
1009,300
1010,300
1011,300
1012,300
1013,300
1014,300
1015,300
1016,300
1017,300
1018,300
1019,300
1020,300
1021,300
1022,300
1023,300
1024,300
1025,300
1026,300
1027,300
1028,300
1029,300
1030,300
1031,300
1032,300
1033,300
1034,300
1035,300
1036,300
1037,300
1038,300
1039,300
1040,300
1041,300
1042,300
1043,300
1044,300
1045,300
1046,300
1047,300
1048,300
1049,300
1050,300
1051,300
1052,300
1053,300
1054,300
1055,300
1056,300
1057,300
1058,300
1059,300
1060,300
1061,300
1062,300
1063,300
1064,300
1065,300
1066,300
1067,300
1068,300
1069,300
1070,300
1071,300
1072,300
1073,300
1074,300
1075,300
1076,300
1077,300
1078,300
1079,300
1080,300
1081,300
1082,300
1083,300
1084,300
1085,300
1086,300
1087,300
1088,300
1089,300
1090,300
1091,300
1092,300
1093,300
1094,300
1095,300
1096,300
1097,300
1098,300
1099,300
1100,300
1101,300
1102,300
1103,300
1104,300
1105,300
1106,300
1107,300
1108,300
1109,300
1110,300
1111,300
1112,300
1113,300
1114,300
1115,300
1116,300
1117,300
1118,300
1119,300
1120,300
1121,300
1122,300
1123,300
1124,300
1125,300
1126,300
1127,300
1128,300
1129,300
1130,300
1131,300
1132,300
1133,300
1134,300
1135,300
1136,300
1137,300
1138,300
1139,300
1140,300
1141,300
1142,300
1143,300
1144,300
1145,300
1146,300
1147,300
1148,300
1149,300
1150,300
1151,300
1152,300
1153,300
1154,300
1155,300
1156,300
1157,300
1158,300
1159,300
1160,300
1161,300
1162,300
1163,300
1164,300
1165,300
1166,300
1167,300
1168,300
1169,300
1170,300
1171,300
1172,300
1173,300
1174,300
1175,300
1176,300
1177,300
1178,300
1179,300
1180,300
1181,300
1182,300
1183,300
1184,300
1185,300
1186,300
1187,300
1188,300
1189,300
1190,300
1191,300
1192,300
1193,300
1194,300
1195,300
1196,300
1197,300
1198,300
1199,300
1200,300
1201,300
1202,300
1203,300
1204,300
1205,300
1206,300
1207,300
1208,300
1209,300
1210,300
1211,300
1212,300
1213,300
1214,300
1215,300
1216,300
1217,300
1218,300
1219,300
1220,300
1221,300
1222,300
1223,300
1224,300
1225,300
1226,300
1227,300
1228,300
1229,300
1230,300
1231,300
1232,300
1233,300
1234,300
1235,300
1236,300
1237,300
1238,300
1239,300
1240,300
1241,300
1242,300
1243,300
1244,300
1245,300
1246,300
1247,300
1248,300
1249,300
1250,300
1251,300
1252,300
1253,300
1254,300
1255,300
1256,300
1257,300
1258,300
1259,300
1260,300
1261,300
1262,300
1263,300
1264,300
1265,300
1266,300
1267,300
1268,300
1269,300
1270,300
1271,300
1272,300
1273,300
1274,300
1275,300
1276,300
1277,300
1278,300
1279,300
1280,300
1281,300
1282,300
1283,300
1284,300
1285,300
1286,300
1287,300
1288,300
1289,300
1290,300
1291,300
1292,300
1293,300
1294,300
1295,300
1296,300
1297,300
1298,300
1299,300
1300,300
1301,300
1302,300
1303,300
1304,300
1305,300
1306,300
1307,300
1308,300
1309,300
1310,300
1311,300
1312,300
1313,300
1314,300
1315,300
1316,300
1317,300
1318,300
1319,300
1320,300
1321,300
1322,300
1323,300
1324,300
1325,300
1326,300
1327,300
1328,300
1329,300
1330,300
1331,300
1332,300
1333,300
1334,300
1335,300
1336,300
1337,300
1338,300
1339,300
1340,300
1341,300
1342,300
1343,300
1344,300
1345,300
1346,300
1347,300
1348,300
1349,300
1350,300
1351,300
1352,300
1353,300
1354,300
1355,300
1356,300
1357,300
1358,300
1359,300
1360,300
1361,300
1362,300
1363,300
1364,300
1365,300
1366,300
1367,300
1368,300
1369,300
1370,300
1371,300
1372,300
1373,300
1374,300
1375,300
1376,300
1377,300
1378,300
1379,300
1380,300
1381,300
1382,300
1383,300
1384,300
1385,300
1386,300
1387,300
1388,300
1389,300
1390,300
1391,300
1392,300
1393,300
1394,300
1395,300
1396,300
1397,300
1398,300
1399,300
1400,300
1401,300
1402,300
1403,300
1404,300
1405,300
1406,300
1407,300
1408,300
1409,300
1410,300
1411,300
1412,300
1413,300
1414,300
1415,300
1416,300
1417,300
1418,300
1419,300
1420,300
1421,300
1422,300
1423,300
1424,300
1425,300
1426,300
1427,300
1428,300
1429,300
1430,300
1431,300
1432,300
1433,300
1434,300
1435,300
1436,300
1437,300
1438,300
1439,300
1440,300
1441,300
1442,300
1443,300
1444,300
1445,300
1446,300
1447,300
1448,300
1449,300
1450,300
1451,300
1452,300
1453,300
1454,300
1455,300
1456,300
1457,300
1458,300
1459,300
1460,300
1461,300
1462,300
1463,300
1464,300
1465,300
1466,300
1467,300
1468,300
1469,300
1470,300
1471,300
1472,300
1473,300
1474,300
1475,300
1476,300
1477,300
1478,300
1479,300
1480,300
1481,300
1482,300
1483,300
1484,300
1485,300
1486,300
1487,300
1488,300
1489,300
1490,300
1491,300
1492,300
1493,300
1494,300
1495,300
1496,300
1497,300
1498,300
1499,300
1500,300
1501,300
1502,300
1503,300
1504,300
1505,300
1506,300
1507,300
1508,300
1509,300
1510,300
1511,300
1512,300
1513,300
1514,300
1515,300
1516,300
1517,300
1518,300
1519,300
1520,300
1521,300
1522,300
1523,300
1524,300
1525,300
1526,300
1527,300
1528,300
1529,300
1530,300
1531,300
1532,300
1533,300
1534,300
1535,300
1536,300
1537,300
1538,300
1539,300
1540,300
1541,300
1542,300
1543,300
1544,300
1545,300
1546,300
1547,300
1548,300
1549,300
1550,300
1551,300
1552,300
1553,300
1554,300
1555,300
1556,300
1557,300
1558,300
1559,300
1560,300
1561,300
1562,300
1563,300
1564,300
1565,300
1566,300
1567,300
1568,300
1569,300
1570,300
1571,300
1572,300
1573,300
1574,300
1575,300
1576,300
1577,300
1578,300
1579,300
1580,300
1581,300
1582,300
1583,300
1584,300
1585,300
1586,300
1587,300
1588,300
1589,300
1590,300
1591,300
1592,300
1593,300
1594,300
1595,300
1596,300
1597,300
1598,300
1599,300
1600,300
1601,300
1602,300
1603,300
1604,300
1605,300
1606,300
1607,300
1608,300
1609,300
1610,300
1611,300
1612,300
1613,300
1614,300
1615,300
1616,300
1617,300
1618,300
1619,300
1620,300
1621,300
1622,300
1623,300
1624,300
1625,300
1626,300
1627,300
1628,300
1629,300
1630,300
1631,300
1632,300
1633,300
1634,300
1635,300
1636,300
1637,300
1638,300
1639,300
1640,300
1641,300
1642,300
1643,300
1644,300
1645,300
1646,300
1647,300
1648,300
1649,300
1650,300
1651,300
1652,300
1653,300
1654,300
1655,300
1656,300
1657,300
1658,300
1659,300
1660,300
1661,300
1662,300
1663,300
1664,300
1665,300
1666,300
1667,300
1668,300
1669,300
1670,300
1671,300
1672,300
1673,300
1674,300
1675,300
1676,300
1677,300
1678,300
1679,300
1680,300
1681,300
1682,300
1683,300
1684,300
1685,300
1686,300
1687,300
1688,300
1689,300
1690,300
1691,300
1692,300
1693,300
1694,300
1695,300
1696,300
1697,300
1698,300
1699,300
1700,300
1701,300
1702,300
1703,300
1704,300
1705,300
1706,300
1707,300
1708,300
1709,300
1710,300
1711,300
1712,300
1713,300
1714,300
1715,300
1716,300
1717,300
1718,300
1719,300
1720,300
1721,300
1722,300
1723,300
1724,300
1725,300
1726,300
1727,300
1728,300
1729,300
1730,300
1731,300
1732,300
1733,300
1734,300
1735,300
1736,300
1737,300
1738,300
1739,300
1740,300
1741,300
1742,300
1743,300
1744,300
1745,300
1746,300
1747,300
1748,300
1749,300
1750,300
1751,300
1752,300
1753,300
1754,300
1755,300
1756,300
1757,300
1758,300
1759,300
1760,300
1761,300
1762,300
1763,300
1764,300
1765,300
1766,300
1767,300
1768,300
1769,300
1770,300
1771,300
1772,300
1773,300
1774,300
1775,300
1776,300
1777,300
1778,300
1779,300
1780,300
1781,300
1782,300
1783,300
1784,300
1785,300
1786,300
1787,300
1788,300
1789,300
1790,300
1791,300
1792,300
1793,300
1794,300
1795,300
1796,300
1797,300
1798,300
1799,300
1800,300
1801,300
1802,300
1803,300
1804,300
1805,300
1806,300
1807,300
1808,300
1809,300
1810,300
1811,300
1812,300
1813,300
1814,300
1815,300
1816,300
1817,300
1818,300
1819,300
1820,300
1821,300
1822,300
1823,300
1824,300
1825,300
1826,300
1827,300
1828,300
1829,300
1830,300
1831,300
1832,299
1833,299
1834,299
1835,297
1836,296
1837,296
1838,296
1839,295
1840,295
1841,295
1842,295
1843,294
1844,293
1845,293
1846,292
1847,291
1848,289
1849,288
1850,287
1851,287
1852,286
1853,285
1854,284
1855,283
1856,282
1857,280
1858,279
1859,277
1860,275
1861,273
1862,272
1863,270
1864,268
1865,267
1866,266
1867,265
1868,264
1869,263
1870,262
1871,261
1872,260
1873,259
1874,257
1875,254
1876,253
1877,251
1878,249
1879,248
1880,247
1881,246
1882,245
1883,244
1884,243
1885,242
1886,242
1887,242
1888,242
1889,242
1890,242
1891,242
1892,242
1893,242
1894,242
1895,242
1896,242
1897,242
1898,242
1899,242
1900,242
1901,242
1902,242
1903,242
1904,242
1905,242
1906,242
1907,242
1908,242
1909,242
1910,242
1911,242
1912,242
1913,242
1914,242
1915,242
1916,242
1917,242
1918,242
1919,242
1920,242
1921,242
1922,242
1923,242
1924,242
1925,242
1926,242
1927,242
1928,242
1929,242
1930,242
1931,242
1932,242
1933,242
1934,242
1935,242
1936,242
1937,242
1938,242
1939,242
1940,242
1941,242
1942,242
1943,242
1944,242
1945,242
1946,242
1947,242
1948,242
1949,242
1950,242
1951,242
1952,242
1953,242
1954,242
1955,242
1956,242
1957,242
1958,242
1959,242
1960,242
1961,242
1962,242
1963,242
1964,242
1965,242
1966,242
1967,242
1968,242
1969,242
1970,242
1971,242
1972,242
1973,242
1974,242
1975,242
1976,242
1977,242
1978,242
1979,242
1980,242
1981,242
1982,242
1983,242
1984,242
1985,242
1986,242
1987,242
1988,242
1989,242
1990,242
1991,242
1992,242
1993,242
1994,242
1995,242
1996,242
1997,242
1998,242
1999,242
2000,242
2001,242
2002,242
2003,242
2004,242
2005,242
2006,242
2007,242
2008,242
2009,242
2010,242
2011,242
2012,242
2013,242
2014,242
2015,242
2016,242
2017,242
2018,242
2019,242
2020,242
2021,242
2022,242
2023,242
2024,242
2025,242
2026,242
2027,242
2028,242
2029,242
2030,242
2031,242
2032,242
2033,242
2034,242
2035,242
2036,242
2037,242
2038,242
2039,242
2040,242
2041,242
2042,242
2043,242
2044,242
2045,242
2046,242
2047,242
2048,242
2049,242
2050,242
2051,242
2052,242
2053,242
2054,242
2055,242
2056,242
2057,242
2058,242
2059,242
2060,242
2061,242
2062,242
2063,242
2064,242
2065,242
2066,242
2067,242
2068,242
2069,242
2070,242
2071,242
2072,242
2073,242
2074,242
2075,242
2076,242
2077,242
2078,242
2079,242
2080,242
2081,242
2082,242
2083,242
2084,242
2085,242
2086,242
2087,242
2088,242
2089,242
2090,242
2091,242
2092,242
2093,242
2094,242
2095,242
2096,242
2097,242
2098,242
2099,242
2100,242
2101,242
2102,242
2103,242
2104,242
2105,242
2106,242
2107,242
2108,242
2109,242
2110,242
2111,242
2112,242
2113,242
2114,242
2115,242
2116,242
2117,242
2118,242
2119,242
2120,242
2121,242
2122,242
2123,242
2124,242
2125,242
2126,242
2127,242
2128,242
2129,242
2130,242
2131,242
2132,242
2133,242
2134,242
2135,242
2136,242
2137,242
2138,242
2139,242
2140,242
2141,242
2142,242
2143,242
2144,242
2145,242
2146,242
2147,242
2148,242
2149,242
2150,242
2151,242
2152,242
2153,242
2154,242
2155,242
2156,242
2157,242
2158,242
2159,242
2160,242
2161,242
2162,242
2163,242
2164,242
2165,242
2166,242
2167,242
2168,242
2169,242
2170,242
2171,242
2172,242
2173,242
2174,242
2175,242
2176,242
2177,242
2178,242
2179,242
2180,242
2181,242
2182,242
2183,242
2184,242
2185,242
2186,242
2187,242
2188,242
2189,242
2190,242
2191,242
2192,242
2193,242
2194,242
2195,242
2196,242
2197,241
2198,241
2199,241
2200,241
2201,241
2202,241
2203,241
2204,241
2205,241
2206,241
2207,241
2208,241
2209,241
2210,241
2211,240
2212,240
2213,240
2214,240
2215,239
2216,239
2217,239
2218,239
2219,239
2220,239
2221,239
2222,237
2223,236
2224,236
2225,236
2226,235
2227,235
2228,232
2229,231
2230,230
2231,230
2232,229
2233,229
2234,228
2235,227
2236,227
2237,226
2238,225
2239,225
2240,223
2241,223
2242,221
2243,220
2244,219
2245,219
2246,218
2247,217
2248,217
2249,216
2250,214
2251,212
2252,211
2253,210
2254,208
2255,207
2256,205
2257,204
2258,201
2259,200
2260,198
2261,195
2262,194
2263,193
2264,192
2265,188
2266,186
2267,184
2268,183
2269,181
2270,180
2271,179
2272,179
2273,179
2274,179
2275,179
2276,179
2277,179
2278,179
2279,179
2280,179
2281,179
2282,179
2283,179
2284,179
2285,179
2286,179
2287,179
2288,179
2289,179
2290,179
2291,179
2292,179
2293,179
2294,179
2295,179
2296,179
2297,179
2298,179
2299,179
2300,179
2301,179
2302,179
2303,179
2304,179
2305,179
2306,179
2307,179
2308,179
2309,179
2310,179
2311,179
2312,179
2313,179
2314,179
2315,179
2316,179
2317,179
2318,179
2319,179
2320,179
2321,179
2322,179
2323,179
2324,179
2325,179
2326,179
2327,179
2328,179
2329,179
2330,179
2331,179
2332,179
2333,179
2334,179
2335,179
2336,179
2337,179
2338,179
2339,179
2340,179
2341,179
2342,179
2343,179
2344,179
2345,179
2346,179
2347,179
2348,179
2349,179
2350,179
2351,179
2352,179
2353,179
2354,179
2355,179
2356,179
2357,179
2358,179
2359,179
2360,179
2361,179
2362,179
2363,179
2364,179
2365,179
2366,179
2367,179
2368,179
2369,179
2370,179
2371,179
2372,179
2373,179
2374,179
2375,179
2376,179
2377,179
2378,179
2379,179
2380,179
2381,179
2382,179
2383,179
2384,179
2385,179
2386,179
2387,179
2388,179
2389,179
2390,179
2391,179
2392,179
2393,179
2394,179
2395,179
2396,179
2397,179
2398,179
2399,179
2400,179
2401,179
2402,179
2403,179
2404,179
2405,179
2406,179
2407,179
2408,179
2409,179
2410,179
2411,179
2412,179
2413,179
2414,179
2415,179
2416,179
2417,179
2418,179
2419,179
2420,179
2421,179
2422,179
2423,179
2424,179
2425,179
2426,179
2427,179
2428,179
2429,179
2430,179
2431,179
2432,179
2433,179
2434,179
2435,179
2436,179
2437,179
2438,179
2439,179
2440,179
2441,179
2442,179
2443,179
2444,179
2445,179
2446,179
2447,179
2448,179
2449,179
2450,179
2451,179
2452,179
2453,179
2454,179
2455,179
2456,179
2457,179
2458,179
2459,179
2460,179
2461,179
2462,179
2463,179
2464,179
2465,179
2466,179
2467,179
2468,179
2469,179
2470,179
2471,179
2472,179
2473,179
2474,179
2475,179
2476,179
2477,179
2478,179
2479,179
2480,179
2481,179
2482,179
2483,179
2484,179
2485,179
2486,179
2487,179
2488,179
2489,179
2490,179
2491,179
2492,179
2493,179
2494,179
2495,179
2496,179
2497,179
2498,179
2499,179
2500,179
2501,179
2502,179
2503,179
2504,179
2505,179
2506,179
2507,179
2508,179
2509,179
2510,179
2511,179
2512,179
2513,179
2514,179
2515,179
2516,179
2517,179
2518,179
2519,179
2520,179
2521,179
2522,179
2523,179
2524,179
2525,179
2526,179
2527,179
2528,179
2529,179
2530,179
2531,179
2532,179
2533,179
2534,179
2535,179
2536,179
2537,179
2538,179
2539,179
2540,179
2541,179
2542,179
2543,179
2544,179
2545,179
2546,179
2547,179
2548,179
2549,179
2550,179
2551,179
2552,179
2553,179
2554,179
2555,179
2556,179
2557,179
2558,179
2559,179
2560,179
2561,179
2562,179
2563,179
2564,179
2565,179
2566,179
2567,179
2568,179
2569,179
2570,179
2571,179
2572,179
2573,179
2574,179
2575,179
2576,179
2577,179
2578,179
2579,179
2580,179
2581,179
2582,179
2583,179
2584,179
2585,179
2586,179
2587,179
2588,179
2589,179
2590,179
2591,179
2592,179
2593,179
2594,179
2595,179
2596,179
2597,179
2598,179
2599,179
2600,179
2601,179
2602,179
2603,179
2604,179
2605,179
2606,179
2607,179
2608,179
2609,179
2610,179
2611,179
2612,179
2613,179
2614,179
2615,179
2616,179
2617,179
2618,179
2619,179
2620,179
2621,179
2622,179
2623,179
2624,179
2625,179
2626,179
2627,179
2628,179
2629,179
2630,179
2631,179
2632,179
2633,179
2634,179
2635,179
2636,179
2637,179
2638,179
2639,179
2640,179
2641,179
2642,179
2643,179
2644,179
2645,179
2646,179
2647,179
2648,179
2649,179
2650,179
2651,179
2652,179
2653,179
2654,179
2655,179
2656,179
2657,179
2658,179
2659,179
2660,179
2661,179
2662,179
2663,179
2664,179
2665,179
2666,179
2667,179
2668,179
2669,179
2670,179
2671,179
2672,179
2673,179
2674,179
2675,179
2676,179
2677,179
2678,179
2679,179
2680,179
2681,179
2682,179
2683,179
2684,179
2685,179
2686,179
2687,179
2688,179
2689,179
2690,179
2691,179
2692,179
2693,179
2694,179
2695,179
2696,179
2697,179
2698,179
2699,179
2700,179
2701,179
2702,179
2703,179
2704,179
2705,179
2706,179
2707,179
2708,179
2709,179
2710,179
2711,179
2712,179
2713,179
2714,179
2715,179
2716,179
2717,179
2718,179
2719,179
2720,179
2721,179
2722,179
2723,179
2724,179
2725,179
2726,179
2727,179
2728,179
2729,179
2730,179
2731,179
2732,179
2733,179
2734,179
2735,179
2736,179
2737,179
2738,179
2739,179
2740,179
2741,179
2742,179
2743,179
2744,179
2745,179
2746,179
2747,179
2748,179
2749,179
2750,179
2751,179
2752,179
2753,179
2754,179
2755,179
2756,179
2757,179
2758,179
2759,179
2760,179
2761,179
2762,179
2763,179
2764,179
2765,179
2766,179
2767,179
2768,179
2769,179
2770,179
2771,179
2772,179
2773,179
2774,179
2775,179
2776,179
2777,179
2778,179
2779,179
2780,179
2781,179
2782,179
2783,179
2784,179
2785,179
2786,179
2787,179
2788,179
2789,179
2790,179
2791,179
2792,179
2793,179
2794,179
2795,179
2796,179
2797,179
2798,179
2799,179
2800,179
2801,179
2802,179
2803,179
2804,179
2805,179
2806,179
2807,179
2808,179
2809,179
2810,179
2811,179
2812,179
2813,179
2814,179
2815,179
2816,179
2817,179
2818,179
2819,179
2820,179
2821,179
2822,179
2823,179
2824,179
2825,179
2826,179
2827,179
2828,179
2829,179
2830,179
2831,179
2832,179
2833,179
2834,179
2835,179
2836,179
2837,179
2838,179
2839,179
2840,179
2841,179
2842,179
2843,179
2844,179
2845,179
2846,179
2847,179
2848,179
2849,179
2850,179
2851,179
2852,179
2853,179
2854,179
2855,179
2856,179
2857,179
2858,179
2859,179
2860,179
2861,179
2862,179
2863,179
2864,179
2865,179
2866,179
2867,179
2868,179
2869,179
2870,179
2871,179
2872,179
2873,179
2874,179
2875,179
2876,179
2877,179
2878,179
2879,179
2880,179
2881,179
2882,179
2883,179
2884,179
2885,179
2886,179
2887,179
2888,179
2889,179
2890,179
2891,179
2892,179
2893,179
2894,179
2895,179
2896,179
2897,179
2898,179
2899,179
2900,179
2901,179
2902,179
2903,179
2904,179
2905,179
2906,179
2907,179
2908,179
2909,179
2910,179
2911,179
2912,179
2913,179
2914,179
2915,179
2916,179
2917,179
2918,179
2919,179
2920,179
2921,179
2922,179
2923,179
2924,179
2925,179
2926,179
2927,179
2928,179
2929,179
2930,179
2931,179
2932,179
2933,179
2934,179
2935,179
2936,179
2937,179
2938,179
2939,179
2940,179
2941,179
2942,179
2943,179
2944,179
2945,179
2946,179
2947,179
2948,179
2949,179
2950,179
2951,179
2952,179
2953,179
2954,179
2955,179
2956,179
2957,179
2958,179
2959,179
2960,179
2961,179
2962,179
2963,179
2964,179
2965,179
2966,179
2967,179
2968,179
2969,179
2970,179
2971,179
2972,179
2973,179
2974,179
2975,179
2976,179
2977,179
2978,179
2979,179
2980,179
2981,179
2982,179
2983,179
2984,179
2985,179
2986,179
2987,179
2988,179
2989,179
2990,179
2991,179
2992,179
2993,179
2994,179
2995,179
2996,179
2997,179
2998,179
2999,179
3000,179
3001,179
3002,179
3003,179
3004,179
3005,179
3006,179
3007,179
3008,179
3009,179
3010,179
3011,179
3012,179
3013,179
3014,179
3015,179
3016,179
3017,179
3018,179
3019,179
3020,179
3021,179
3022,179
3023,179
3024,179
3025,179
3026,179
3027,179
3028,179
3029,179
3030,179
3031,179
3032,179
3033,179
3034,179
3035,179
3036,179
3037,179
3038,179
3039,179
3040,179
3041,179
3042,179
3043,179
3044,179
3045,179
3046,179
3047,179
3048,179
3049,179
3050,179
3051,179
3052,179
3053,179
3054,179
3055,179
3056,179
3057,179
3058,179
3059,179
3060,179
3061,179
3062,179
3063,179
3064,179
3065,179
3066,179
3067,179
3068,179
3069,179
3070,179
3071,179
3072,179
3073,179
3074,179
3075,179
3076,179
3077,179
3078,179
3079,179
3080,179
3081,179
3082,179
3083,179
3084,179
3085,179
3086,179
3087,179
3088,179
3089,179
3090,179
3091,179
3092,179
3093,179
3094,179
3095,179
3096,179
3097,179
3098,179
3099,179
3100,179
3101,179
3102,179
3103,179
3104,179
3105,179
3106,179
3107,179
3108,179
3109,179
3110,179
3111,179
3112,179
3113,179
3114,179
3115,179
3116,179
3117,179
3118,179
3119,179
3120,179
3121,179
3122,179
3123,179
3124,179
3125,179
3126,179
3127,179
3128,179
3129,179
3130,179
3131,179
3132,179
3133,179
3134,179
3135,179
3136,179
3137,179
3138,179
3139,179
3140,179
3141,179
3142,179
3143,179
3144,179
3145,179
3146,179
3147,179
3148,179
3149,179
3150,179
3151,179
3152,179
3153,179
3154,179
3155,179
3156,179
3157,179
3158,179
3159,179
3160,179
3161,179
3162,179
3163,179
3164,179
3165,179
3166,179
3167,179
3168,179
3169,179
3170,179
3171,179
3172,179
3173,179
3174,179
3175,179
3176,179
3177,179
3178,179
3179,179
3180,179
3181,179
3182,179
3183,179
3184,179
3185,179
3186,179
3187,179
3188,179
3189,179
3190,179
3191,179
3192,179
3193,179
3194,179
3195,179
3196,179
3197,179
3198,179
3199,179
3200,179
3201,179
3202,179
3203,179
3204,179
3205,179
3206,179
3207,179
3208,179
3209,179
3210,179
3211,179
3212,179
3213,179
3214,179
3215,179
3216,179
3217,179
3218,179
3219,179
3220,179
3221,179
3222,179
3223,179
3224,179
3225,179
3226,179
3227,179
3228,179
3229,179
3230,179
3231,179
3232,179
3233,179
3234,179
3235,179
3236,179
3237,179
3238,179
3239,179
3240,179
3241,179
3242,179
3243,179
3244,179
3245,179
3246,179
3247,179
3248,179
3249,179
3250,179
3251,179
3252,179
3253,179
3254,179
3255,179
3256,179
3257,179
3258,179
3259,179
3260,179
3261,179
3262,179
3263,179
3264,179
3265,179
3266,179
3267,179
3268,179
3269,179
3270,179
3271,179
3272,179
3273,179
3274,179
3275,179
3276,179
3277,179
3278,179
3279,179
3280,179
3281,179
3282,179
3283,179
3284,179
3285,179
3286,179
3287,179
3288,179
3289,179
3290,179
3291,179
3292,179
3293,179
3294,179
3295,179
3296,179
3297,179
3298,179
3299,179
3300,179
3301,179
3302,179
3303,179
3304,179
3305,179
3306,179
3307,179
3308,179
3309,179
3310,179
3311,179
3312,179
3313,179
3314,179
3315,179
3316,179
3317,179
3318,179
3319,179
3320,179
3321,179
3322,179
3323,179
3324,179
3325,179
3326,179
3327,179
3328,179
3329,179
3330,179
3331,179
3332,179
3333,179
3334,179
3335,179
3336,179
3337,179
3338,179
3339,179
3340,179
3341,179
3342,179
3343,179
3344,179
3345,179
3346,179
3347,179
3348,179
3349,179
3350,179
3351,179
3352,179
3353,179
3354,179
3355,179
3356,179
3357,179
3358,179
3359,179
3360,179
3361,179
3362,179
3363,179
3364,179
3365,179
3366,179
3367,179
3368,179
3369,179
3370,179
3371,179
3372,179
3373,179
3374,179
3375,179
3376,179
3377,178
3378,178
3379,178
3380,178
3381,178
3382,178
3383,178
3384,178
3385,178
3386,178
3387,178
3388,178
3389,178
3390,178
3391,178
3392,178
3393,178
3394,178
3395,178
3396,178
3397,178
3398,178
3399,178
3400,178
3401,178
3402,178
3403,178
3404,178
3405,178
3406,178
3407,178
3408,178
3409,178
3410,178
3411,178
3412,178
3413,178
3414,178
3415,178
3416,178
3417,178
3418,178
3419,178
3420,178
3421,178
3422,178
3423,178
3424,178
3425,178
3426,178
3427,178
3428,178
3429,178
3430,178
3431,178
3432,178
3433,178
3434,178
3435,178
3436,178
3437,177
3438,177
3439,177
3440,177
3441,177
3442,177
3443,177
3444,177
3445,176
3446,176
3447,175
3448,175
3449,174
3450,173
3451,172
3452,171
3453,171
3454,171
3455,170
3456,170
3457,170
3458,169
3459,166
3460,165
3461,163
3462,163
3463,163
3464,161
3465,159
3466,156
3467,155
3468,152
3469,151
3470,150
3471,148
3472,145
3473,143
3474,140
3475,137
3476,133
3477,131
3478,130
3479,128
3480,126
3481,124
3482,122
3483,121
3484,120
3485,119
3486,118
3487,117
3488,116
3489,115
3490,115
3491,115
3492,115
3493,115
3494,115
3495,115
3496,115
3497,115
3498,115
3499,115
3500,115
3501,115
3502,115
3503,115
3504,115
3505,115
3506,115
3507,115
3508,115
3509,115
3510,115
3511,115
3512,115
3513,115
3514,115
3515,115
3516,115
3517,115
3518,115
3519,115
3520,115
3521,115
3522,115
3523,115
3524,115
3525,115
3526,115
3527,115
3528,115
3529,115
3530,115
3531,115
3532,115
3533,115
3534,115
3535,115
3536,115
3537,115
3538,115
3539,115
3540,115
3541,115
3542,115
3543,115
3544,115
3545,115
3546,115
3547,115
3548,115
3549,115
3550,115
3551,115
3552,115
3553,115
3554,115
3555,115
3556,115
3557,115
3558,115
3559,115
3560,115
3561,115
3562,115
3563,115
3564,115
3565,115
3566,115
3567,115
3568,115
3569,115
3570,115
3571,115
3572,115
3573,115
3574,115
3575,115
3576,115
3577,115
3578,115
3579,115
3580,115
3581,115
3582,115
3583,115
3584,115
3585,115
3586,115
3587,115
3588,115
3589,115
3590,115
3591,115
3592,115
3593,115
3594,115
3595,115
3596,115
3597,115
3598,115
3599,115
3600,115
3601,115
3602,115
3603,115
3604,115
3605,115
3606,115
3607,115
3608,115
3609,115
3610,115
3611,115
3612,115
3613,115
3614,115
3615,115
3616,115
3617,115
3618,115
3619,115
3620,115
3621,115
3622,115
3623,115
3624,115
3625,115
3626,115
3627,115
3628,115
3629,115
3630,115
3631,115
3632,115
3633,115
3634,115
3635,115
3636,115
3637,115
3638,115
3639,115
3640,115
3641,115
3642,115
3643,115
3644,115
3645,115
3646,115
3647,115
3648,115
3649,115
3650,115
3651,115
3652,115
3653,115
3654,115
3655,115
3656,115
3657,115
3658,115
3659,115
3660,115
3661,115
3662,115
3663,115
3664,115
3665,115
3666,115
3667,115
3668,115
3669,115
3670,115
3671,115
3672,115
3673,115
3674,115
3675,115
3676,114
3677,114
3678,114
3679,114
3680,114
3681,114
3682,114
3683,114
3684,114
3685,114
3686,114
3687,114
3688,114
3689,114
3690,114
3691,114
3692,114
3693,114
3694,114
3695,114
3696,114
3697,114
3698,114
3699,114
3700,114
3701,114
3702,114
3703,114
3704,114
3705,114
3706,114
3707,114
3708,114
3709,114
3710,114
3711,114
3712,114
3713,114
3714,114
3715,114
3716,114
3717,114
3718,114
3719,114
3720,114
3721,114
3722,114
3723,114
3724,114
3725,114
3726,114
3727,114
3728,114
3729,114
3730,114
3731,114
3732,114
3733,114
3734,114
3735,114
3736,114
3737,114
3738,114
3739,114
3740,114
3741,114
3742,114
3743,114
3744,114
3745,114
3746,114
3747,114
3748,114
3749,114
3750,114
3751,114
3752,114
3753,114
3754,114
3755,114
3756,114
3757,114
3758,114
3759,114
3760,114
3761,114
3762,114
3763,114
3764,114
3765,114
3766,114
3767,114
3768,114
3769,114
3770,114
3771,114
3772,114
3773,114
3774,114
3775,114
3776,114
3777,114
3778,114
3779,114
3780,114
3781,114
3782,114
3783,114
3784,114
3785,114
3786,114
3787,114
3788,114
3789,114
3790,114
3791,114
3792,114
3793,114
3794,114
3795,114
3796,114
3797,114
3798,114
3799,114
3800,114
3801,114
3802,114
3803,114
3804,114
3805,114
3806,114
3807,114
3808,114
3809,114
3810,114
3811,114
3812,114
3813,114
3814,114
3815,114
3816,114
3817,114
3818,114
3819,114
3820,114
3821,114
3822,114
3823,114
3824,114
3825,114
3826,114
3827,114
3828,114
3829,114
3830,114
3831,114
3832,114
3833,114
3834,114
3835,114
3836,114
3837,114
3838,114
3839,114
3840,114
3841,114
3842,114
3843,114
3844,114
3845,114
3846,114
3847,114
3848,114
3849,114
3850,114
3851,114
3852,114
3853,114
3854,114
3855,114
3856,114
3857,114
3858,114
3859,114
3860,114
3861,114
3862,114
3863,114
3864,114
3865,114
3866,114
3867,114
3868,114
3869,114
3870,114
3871,114
3872,114
3873,114
3874,114
3875,114
3876,114
3877,114
3878,114
3879,114
3880,114
3881,114
3882,114
3883,114
3884,114
3885,114
3886,114
3887,114
3888,114
3889,114
3890,114
3891,114
3892,114
3893,114
3894,114
3895,114
3896,114
3897,114
3898,114
3899,114
3900,114
3901,114
3902,114
3903,114
3904,114
3905,114
3906,114
3907,114
3908,114
3909,114
3910,114
3911,114
3912,114
3913,114
3914,114
3915,114
3916,114
3917,114
3918,114
3919,114
3920,114
3921,114
3922,114
3923,114
3924,114
3925,114
3926,113
3927,113
3928,113
3929,113
3930,112
3931,112
3932,112
3933,112
3934,112
3935,112
3936,112
3937,112
3938,112
3939,112
3940,112
3941,112
3942,112
3943,112
3944,112
3945,111
3946,111
3947,111
3948,111
3949,110
3950,110
3951,110
3952,110
3953,110
3954,109
3955,109
3956,109
3957,109
3958,109
3959,108
3960,107
3961,106
3962,106
3963,103
3964,102
3965,99
3966,99
3967,94
3968,91
3969,88
3970,87
3971,87
3972,83
3973,80
3974,78
3975,75
3976,71
3977,71
3978,70
3979,69
3980,68
3981,68
3982,68
3983,68
3984,67
3985,66
3986,66
3987,66
3988,65
3989,64
3990,63
3991,62
3992,61
3993,60
3994,59
3995,58
3996,57
3997,56
3998,56
3999,56
4000,56
4001,56
4002,56
4003,56
4004,56
4005,56
4006,56
4007,56
4008,56
4009,56
4010,56
4011,56
4012,56
4013,56
4014,56
4015,56
4016,56
4017,56
4018,56
4019,56
4020,56
4021,56
4022,56
4023,56
4024,56
4025,56
4026,56
4027,56
4028,56
4029,56
4030,56
4031,56
4032,56
4033,56
4034,56
4035,56
4036,56
4037,56
4038,56
4039,56
4040,56
4041,56
4042,56
4043,56
4044,56
4045,56
4046,56
4047,56
4048,56
4049,56
4050,56
4051,56
4052,56
4053,56
4054,56
4055,56
4056,56
4057,56
4058,56
4059,56
4060,56
4061,56
4062,56
4063,56
4064,56
4065,56
4066,56
4067,56
4068,56
4069,56
4070,56
4071,56
4072,56
4073,56
4074,56
4075,56
4076,56
4077,56
4078,56
4079,56
4080,56
4081,56
4082,56
4083,56
4084,56
4085,56
4086,56
4087,56
4088,56
4089,56
4090,56
4091,56
4092,56
4093,56
4094,56
4095,56
4096,56
4097,56
4098,56
4099,56
4100,56
4101,56
4102,56
4103,56
4104,56
4105,56
4106,56
4107,56
4108,56
4109,56
4110,56
4111,56
4112,56
4113,56
4114,56
4115,56
4116,56
4117,56
4118,56
4119,56
4120,56
4121,56
4122,56
4123,56
4124,56
4125,56
4126,56
4127,56
4128,56
4129,56
4130,56
4131,56
4132,56
4133,56
4134,56
4135,56
4136,56
4137,56
4138,56
4139,56
4140,56
4141,56
4142,56
4143,56
4144,56
4145,56
4146,56
4147,56
4148,56
4149,56
4150,56
4151,56
4152,56
4153,56
4154,56
4155,56
4156,56
4157,56
4158,56
4159,56
4160,56
4161,56
4162,56
4163,56
4164,56
4165,56
4166,56
4167,56
4168,56
4169,56
4170,56
4171,56
4172,56
4173,56
4174,56
4175,56
4176,56
4177,56
4178,56
4179,56
4180,56
4181,56
4182,56
4183,56
4184,56
4185,56
4186,56
4187,56
4188,56
4189,56
4190,56
4191,56
4192,56
4193,56
4194,56
4195,56
4196,56
4197,56
4198,56
4199,56
4200,56
4201,56
4202,56
4203,56
4204,56
4205,56
4206,56
4207,56
4208,56
4209,56
4210,56
4211,56
4212,56
4213,56
4214,56
4215,56
4216,56
4217,56
4218,56
4219,56
4220,56
4221,56
4222,56
4223,56
4224,56
4225,56
4226,56
4227,56
4228,56
4229,56
4230,56
4231,56
4232,56
4233,56
4234,56
4235,56
4236,56
4237,56
4238,56
4239,56
4240,56
4241,56
4242,56
4243,56
4244,56
4245,56
4246,56
4247,56
4248,56
4249,56
4250,56
4251,56
4252,56
4253,56
4254,56
4255,56
4256,56
4257,56
4258,56
4259,56
4260,56
4261,56
4262,56
4263,56
4264,56
4265,56
4266,56
4267,56
4268,56
4269,56
4270,56
4271,56
4272,56
4273,56
4274,56
4275,56
4276,56
4277,56
4278,56
4279,56
4280,56
4281,56
4282,56
4283,56
4284,56
4285,56
4286,56
4287,56
4288,56
4289,56
4290,56
4291,56
4292,56
4293,56
4294,56
4295,56
4296,56
4297,56
4298,56
4299,56
4300,56
4301,56
4302,56
4303,56
4304,56
4305,56
4306,56
4307,56
4308,56
4309,56
4310,56
4311,56
4312,56
4313,56
4314,56
4315,56
4316,56
4317,56
4318,56
4319,56
4320,56
4321,56
4322,56
4323,56
4324,56
4325,56
4326,56
4327,56
4328,56
4329,56
4330,56
4331,56
4332,56
4333,56
4334,56
4335,56
4336,56
4337,56
4338,56
4339,56
4340,56
4341,56
4342,56
4343,56
4344,56
4345,56
4346,56
4347,56
4348,56
4349,56
4350,56
4351,56
4352,56
4353,56
4354,56
4355,56
4356,56
4357,56
4358,56
4359,56
4360,56
4361,56
4362,56
4363,56
4364,56
4365,56
4366,56
4367,56
4368,56
4369,56
4370,56
4371,56
4372,56
4373,56
4374,56
4375,56
4376,56
4377,56
4378,56
4379,56
4380,56
4381,56
4382,56
4383,56
4384,56
4385,56
4386,56
4387,56
4388,56
4389,56
4390,56
4391,56
4392,56
4393,56
4394,56
4395,56
4396,56
4397,56
4398,56
4399,56
4400,56
4401,56
4402,56
4403,56
4404,56
4405,56
4406,56
4407,56
4408,56
4409,56
4410,56
4411,56
4412,56
4413,56
4414,56
4415,56
4416,56
4417,56
4418,56
4419,56
4420,56
4421,56
4422,56
4423,56
4424,56
4425,56
4426,56
4427,56
4428,56
4429,56
4430,56
4431,56
4432,56
4433,56
4434,56
4435,56
4436,56
4437,56
4438,56
4439,56
4440,56
4441,56
4442,56
4443,56
4444,56
4445,56
4446,56
4447,56
4448,56
4449,56
4450,56
4451,56
4452,56
4453,56
4454,56
4455,56
4456,56
4457,56
4458,55
4459,55
4460,55
4461,55
4462,55
4463,55
4464,55
4465,55
4466,55
4467,55
4468,55
4469,55
4470,55
4471,55
4472,55
4473,55
4474,55
4475,55
4476,55
4477,55
4478,55
4479,55
4480,55
4481,55
4482,55
4483,55
4484,55
4485,55
4486,55
4487,55
4488,55
4489,55
4490,55
4491,55
4492,55
4493,55
4494,55
4495,55
4496,55
4497,55
4498,55
4499,55
4500,55
4501,55
4502,55
4503,55
4504,55
4505,55
4506,55
4507,55
4508,55
4509,55
4510,55
4511,55
4512,55
4513,55
4514,55
4515,55
4516,55
4517,55
4518,55
4519,55
4520,55
4521,55
4522,55
4523,55
4524,55
4525,55
4526,55
4527,55
4528,55
4529,55
4530,55
4531,55
4532,55
4533,55
4534,55
4535,55
4536,55
4537,55
4538,55
4539,55
4540,55
4541,55
4542,55
4543,55
4544,55
4545,55
4546,55
4547,54
4548,54
4549,54
4550,54
4551,54
4552,54
4553,54
4554,54
4555,54
4556,54
4557,54
4558,54
4559,54
4560,54
4561,54
4562,54
4563,54
4564,54
4565,54
4566,54
4567,53
4568,53
4569,53
4570,52
4571,52
4572,52
4573,51
4574,51
4575,50
4576,50
4577,49
4578,46
4579,46
4580,45
4581,42
4582,38
4583,37
4584,35
4585,33
4586,32
4587,30
4588,29
4589,27
4590,25
4591,25
4592,24
4593,24
4594,24
4595,24
4596,24
4597,23
4598,23
4599,23
4600,23
4601,22
4602,21
4603,21
4604,21
4605,21
4606,21
4607,21
4608,21
4609,21
4610,20
4611,19
4612,18
4613,18
4614,18
4615,17
4616,17
4617,17
4618,16
4619,16
4620,16
4621,16
4622,15
4623,14
4624,14
4625,14
4626,13
4627,12
4628,11
4629,10
4630,9
4631,8
4632,7
4633,6
4634,5
4635,4
4636,3
4637,2
4638,1
