,DC
0,301
1,301
2,301
3,301
4,301
5,301
6,301
7,301
8,301
9,301
10,301
11,301
12,301
13,301
14,301
15,301
16,301
17,301
18,301
19,301
20,301
21,301
22,301
23,301
24,301
25,301
26,301
27,301
28,299
29,298
30,298
31,297
32,292
33,290
34,288
35,286
36,282
37,280
38,279
39,279
40,276
41,273
42,271
43,269
44,266
45,261
46,259
47,256
48,252
49,250
50,247
51,245
52,242
53,242
54,242
55,241
56,241
57,240
58,240
59,240
60,237
61,236
62,235
63,235
64,235
65,233
66,231
67,229
68,227
69,225
70,223
71,222
72,221
73,221
74,220
75,220
76,219
77,219
78,218
79,216
80,215
81,214
82,211
83,210
84,208
85,207
86,207
87,207
88,207
89,207
90,204
91,204
92,201
93,201
94,201
95,199
96,198
97,198
98,198
99,197
100,197
101,197
102,197
103,196
104,195
105,195
106,195
107,195
108,195
109,195
110,195
111,193
112,192
113,192
114,192
115,191
116,191
117,191
118,191
119,190
120,189
121,189
122,189
123,189
124,189
125,188
126,188
127,186
128,184
129,184
130,184
131,184
132,184
133,183
134,183
135,180
136,179
137,178
138,178
139,178
140,177
141,177
142,176
143,174
144,173
145,173
146,173
147,172
148,172
149,172
150,172
151,172
152,171
153,171
154,171
155,171
156,171
157,170
158,168
159,168
160,167
161,167
162,167
163,166
164,164
165,164
166,163
167,163
168,162
169,162
170,162
171,161
172,160
173,160
174,160
175,160
176,160
177,160
178,160
179,160
180,160
181,159
182,159
183,158
184,158
185,157
186,157
187,157
188,157
189,155
190,154
191,154
192,154
193,153
194,150
195,150
196,150
197,150
198,149
199,147
200,146
201,145
202,144
203,143
204,143
205,143
206,143
207,143
208,143
209,141
210,141
211,141
212,140
213,140
214,140
215,140
216,140
217,140
218,140
219,140
220,140
221,140
222,140
223,140
224,140
225,139
226,139
227,138
228,138
229,138
230,138
231,137
232,137
233,137
234,134
235,134
236,134
237,134
238,134
239,134
240,134
241,134
242,133
243,133
244,133
245,133
246,133
247,133
248,133
249,133
250,132
251,131
252,131
253,131
254,130
255,129
256,129
257,129
258,129
259,129
260,129
261,129
262,129
263,129
264,128
265,128
266,128
267,128
268,128
269,128
270,127
271,126
272,126
273,126
274,126
275,126
276,126
277,125
278,124
279,124
280,124
281,124
282,123
283,123
284,123
285,123
286,123
287,123
288,122
289,122
290,122
291,122
292,121
293,119
294,119
295,119
296,119
297,119
298,119
299,119
300,118
301,118
302,118
303,118
304,118
305,118
306,118
307,118
308,118
309,117
310,117
311,117
312,117
313,115
314,115
315,115
316,115
317,115
318,115
319,115
320,115
321,115
322,115
323,114
324,114
325,114
326,113
327,112
328,112
329,112
330,112
331,111
332,110
333,110
334,110
335,110
336,110
337,110
338,110
339,110
340,110
341,110
342,110
343,110
344,109
345,109
346,109
347,109
348,108
349,108
350,108
351,106
352,105
353,105
354,105
355,105
356,105
357,104
358,104
359,104
360,104
361,104
362,104
363,104
364,104
365,104
366,103
367,102
368,102
369,102
370,102
371,102
372,102
373,101
374,101
375,101
376,100
377,100
378,100
379,100
380,100
381,100
382,100
383,100
384,100
385,99
386,99
387,99
388,98
389,98
390,98
391,97
392,96
393,96
394,96
395,96
396,96
397,96
398,96
399,96
400,96
401,96
402,95
403,95
404,95
405,95
406,95
407,95
408,95
409,95
410,95
411,95
412,95
413,95
414,95
415,95
416,95
417,94
418,94
419,94
420,94
421,94
422,94
423,94
424,93
425,93
426,93
427,93
428,93
429,93
430,93
431,92
432,92
433,92
434,91
435,91
436,91
437,91
438,91
439,91
440,91
441,91
442,91
443,90
444,89
445,89
446,89
447,89
448,89
449,89
450,89
451,89
452,89
453,89
454,88
455,88
456,88
457,88
458,88
459,88
460,88
461,88
462,88
463,88
464,88
465,88
466,88
467,88
468,88
469,88
470,88
471,88
472,88
473,88
474,88
475,88
476,88
477,88
478,88
479,88
480,88
481,88
482,88
483,88
484,88
485,88
486,88
487,88
488,88
489,87
490,87
491,86
492,86
493,86
494,86
495,86
496,86
497,86
498,86
499,85
500,85
501,85
502,85
503,85
504,85
505,85
506,85
507,85
508,85
509,85
510,85
511,85
512,85
513,85
514,84
515,84
516,84
517,84
518,84
519,84
520,84
521,84
522,84
523,84
524,84
525,84
526,84
527,83
528,83
529,83
530,83
531,82
532,81
533,81
534,81
535,81
536,80
537,80
538,80
539,79
540,79
541,79
542,79
543,79
544,79
545,79
546,79
547,79
548,79
549,79
550,79
551,79
552,79
553,79
554,79
555,79
556,79
557,79
558,79
559,79
560,79
561,79
562,79
563,79
564,79
565,79
566,79
567,79
568,79
569,79
570,79
571,79
572,78
573,78
574,78
575,78
576,78
577,77
578,77
579,77
580,76
581,76
582,76
583,76
584,76
585,76
586,76
587,76
588,76
589,76
590,76
591,75
592,75
593,75
594,75
595,75
596,74
597,74
598,74
599,74
600,74
601,74
602,74
603,74
604,74
605,74
606,74
607,74
608,73
609,73
610,73
611,73
612,73
613,73
614,73
615,73
616,73
617,73
618,73
619,73
620,73
621,73
622,73
623,73
624,73
625,73
626,73
627,73
628,73
629,73
630,73
631,73
632,73
633,73
634,73
635,73
636,73
637,73
638,73
639,73
640,73
641,73
642,73
643,73
644,72
645,72
646,71
647,71
648,71
649,71
650,71
651,71
652,71
653,71
654,71
655,71
656,70
657,70
658,70
659,70
660,70
661,70
662,70
663,69
664,69
665,69
666,69
667,69
668,69
669,69
670,69
671,69
672,69
673,69
674,69
675,69
676,68
677,68
678,67
679,67
680,67
681,67
682,67
683,67
684,67
685,67
686,67
687,67
688,67
689,67
690,67
691,67
692,67
693,67
694,67
695,66
696,66
697,66
698,65
699,65
700,65
701,65
702,65
703,65
704,65
705,65
706,65
707,65
708,65
709,65
710,65
711,65
712,65
713,65
714,65
715,65
716,65
717,65
718,65
719,65
720,65
721,64
722,64
723,64
724,64
725,64
726,64
727,64
728,64
729,64
730,64
731,64
732,64
733,64
734,64
735,64
736,64
737,64
738,64
739,64
740,63
741,63
742,63
743,63
744,63
745,63
746,63
747,63
748,63
749,63
750,63
751,63
752,63
753,63
754,63
755,63
756,63
757,63
758,63
759,63
760,62
761,62
762,62
763,61
764,61
765,61
766,61
767,61
768,61
769,61
770,61
771,61
772,60
773,60
774,60
775,60
776,60
777,60
778,60
779,60
780,60
781,60
782,60
783,60
784,60
785,60
786,60
787,59
788,59
789,59
790,59
791,58
792,58
793,58
794,58
795,58
796,58
797,58
798,58
799,58
800,58
801,58
802,58
803,58
804,58
805,58
806,58
807,58
808,58
809,58
810,57
811,57
812,56
813,56
814,56
815,55
816,54
817,54
818,54
819,54
820,54
821,54
822,53
823,53
824,53
825,53
826,53
827,53
828,53
829,53
830,53
831,53
832,52
833,52
834,52
835,52
836,52
837,51
838,51
839,51
840,51
841,51
842,51
843,51
844,51
845,51
846,51
847,51
848,51
849,51
850,51
851,51
852,51
853,51
854,51
855,51
856,50
857,50
858,50
859,50
860,50
861,50
862,50
863,50
864,50
865,50
866,50
867,50
868,50
869,50
870,50
871,50
872,50
873,50
874,50
875,50
876,50
877,50
878,50
879,50
880,50
881,50
882,50
883,50
884,50
885,50
886,50
887,50
888,50
889,50
890,50
891,50
892,50
893,50
894,50
895,50
896,50
897,50
898,50
899,50
900,50
901,50
902,50
903,50
904,50
905,50
906,49
907,49
908,49
909,48
910,48
911,48
912,48
913,48
914,48
915,48
916,48
917,48
918,48
919,48
920,48
921,48
922,48
923,48
924,48
925,47
926,47
927,47
928,47
929,47
930,47
931,47
932,47
933,47
934,47
935,47
936,47
937,47
938,47
939,47
940,47
941,47
942,47
943,46
944,46
945,46
946,46
947,46
948,46
949,46
950,46
951,46
952,46
953,46
954,45
955,45
956,45
957,45
958,45
959,45
960,45
961,45
962,45
963,45
964,45
965,45
966,45
967,45
968,45
969,45
970,45
971,45
972,45
973,45
974,45
975,45
976,45
977,45
978,45
979,45
980,45
981,45
982,45
983,45
984,45
985,45
986,45
987,45
988,45
989,45
990,45
991,45
992,45
993,45
994,45
995,45
996,45
997,45
998,45
999,45
1000,45
1001,45
1002,45
1003,45
1004,45
1005,45
1006,45
1007,45
1008,45
1009,45
1010,45
1011,45
1012,45
1013,45
1014,45
1015,45
1016,45
1017,45
1018,45
1019,45
1020,45
1021,45
1022,45
1023,45
1024,45
1025,45
1026,45
1027,45
1028,45
1029,45
1030,45
1031,45
1032,45
1033,45
1034,45
1035,45
1036,45
1037,45
1038,45
1039,45
1040,45
1041,45
1042,45
1043,45
1044,45
1045,45
1046,45
1047,45
1048,45
1049,45
1050,45
1051,45
1052,45
1053,44
1054,44
1055,44
1056,44
1057,44
1058,44
1059,44
1060,44
1061,44
1062,43
1063,43
1064,43
1065,43
1066,43
1067,43
1068,43
1069,43
1070,43
1071,43
1072,43
1073,43
1074,43
1075,43
1076,43
1077,43
1078,43
1079,43
1080,43
1081,43
1082,43
1083,43
1084,43
1085,43
1086,43
1087,43
1088,43
1089,43
1090,43
1091,43
1092,43
1093,43
1094,43
1095,43
1096,43
1097,42
1098,42
1099,42
1100,42
1101,42
1102,42
1103,42
1104,42
1105,42
1106,42
1107,42
1108,42
1109,42
1110,42
1111,42
1112,42
1113,42
1114,42
1115,42
1116,42
1117,42
1118,42
1119,42
1120,42
1121,42
1122,42
1123,42
1124,42
1125,42
1126,42
1127,42
1128,42
1129,41
1130,41
1131,41
1132,41
1133,41
1134,41
1135,40
1136,40
1137,40
1138,40
1139,40
1140,40
1141,40
1142,40
1143,40
1144,40
1145,40
1146,40
1147,40
1148,40
1149,40
1150,40
1151,40
1152,40
1153,40
1154,40
1155,40
1156,39
1157,39
1158,39
1159,39
1160,39
1161,38
1162,38
1163,38
1164,38
1165,38
1166,38
1167,38
1168,38
1169,38
1170,38
1171,38
1172,38
1173,38
1174,38
1175,38
1176,38
1177,38
1178,38
1179,38
1180,38
1181,38
1182,38
1183,38
1184,38
1185,38
1186,38
1187,38
1188,38
1189,38
1190,37
1191,37
1192,37
1193,37
1194,37
1195,37
1196,37
1197,37
1198,37
1199,37
1200,37
1201,37
1202,37
1203,37
1204,37
1205,37
1206,37
1207,37
1208,37
1209,37
1210,37
1211,37
1212,37
1213,37
1214,37
1215,37
1216,37
1217,37
1218,37
1219,37
1220,37
1221,37
1222,37
1223,37
1224,37
1225,37
1226,37
1227,37
1228,37
1229,37
1230,37
1231,37
1232,37
1233,37
1234,37
1235,37
1236,37
1237,37
1238,37
1239,37
1240,37
1241,37
1242,37
1243,37
1244,37
1245,37
1246,37
1247,37
1248,37
1249,37
1250,37
1251,37
1252,37
1253,37
1254,37
1255,37
1256,37
1257,37
1258,37
1259,37
1260,37
1261,37
1262,37
1263,37
1264,37
1265,37
1266,37
1267,37
1268,37
1269,37
1270,37
1271,37
1272,37
1273,37
1274,37
1275,37
1276,37
1277,37
1278,37
1279,37
1280,37
1281,37
1282,37
1283,37
1284,37
1285,37
1286,37
1287,37
1288,37
1289,37
1290,37
1291,37
1292,37
1293,37
1294,37
1295,37
1296,37
1297,37
1298,37
1299,37
1300,37
1301,37
1302,37
1303,37
1304,37
1305,37
1306,37
1307,37
1308,37
1309,37
1310,37
1311,37
1312,36
1313,36
1314,36
1315,36
1316,36
1317,36
1318,36
1319,36
1320,36
1321,36
1322,36
1323,36
1324,36
1325,36
1326,36
1327,36
1328,35
1329,35
1330,35
1331,35
1332,35
1333,35
1334,34
1335,34
1336,34
1337,34
1338,34
1339,34
1340,34
1341,34
1342,34
1343,34
1344,34
1345,34
1346,34
1347,34
1348,34
1349,34
1350,34
1351,34
1352,34
1353,34
1354,34
1355,34
1356,34
1357,34
1358,34
1359,34
1360,34
1361,34
1362,34
1363,34
1364,34
1365,34
1366,33
1367,33
1368,33
1369,33
1370,32
1371,32
1372,32
1373,32
1374,32
1375,32
1376,31
1377,31
1378,31
1379,31
1380,31
1381,31
1382,31
1383,31
1384,31
1385,31
1386,31
1387,31
1388,31
1389,31
1390,31
1391,31
1392,31
1393,31
1394,31
1395,31
1396,31
1397,31
1398,31
1399,31
1400,31
1401,31
1402,31
1403,31
1404,31
1405,31
1406,31
1407,31
1408,31
1409,31
1410,31
1411,31
1412,31
1413,31
1414,31
1415,31
1416,31
1417,31
1418,31
1419,31
1420,31
1421,31
1422,31
1423,31
1424,31
1425,31
1426,31
1427,31
1428,31
1429,31
1430,30
1431,30
1432,30
1433,30
1434,30
1435,30
1436,30
1437,30
1438,30
1439,30
1440,30
1441,30
1442,30
1443,30
1444,30
1445,30
1446,30
1447,30
1448,30
1449,30
1450,30
1451,30
1452,30
1453,30
1454,30
1455,30
1456,30
1457,30
1458,30
1459,30
1460,29
1461,29
1462,29
1463,29
1464,28
1465,28
1466,28
1467,28
1468,28
1469,28
1470,28
1471,28
1472,28
1473,28
1474,28
1475,28
1476,28
1477,28
1478,28
1479,28
1480,28
1481,28
1482,28
1483,28
1484,28
1485,28
1486,28
1487,28
1488,28
1489,28
1490,28
1491,28
1492,27
1493,27
1494,27
1495,27
1496,27
1497,27
1498,27
1499,27
1500,27
1501,27
1502,27
1503,27
1504,27
1505,27
1506,27
1507,27
1508,27
1509,27
1510,27
1511,27
1512,27
1513,27
1514,27
1515,27
1516,27
1517,27
1518,27
1519,27
1520,27
1521,27
1522,27
1523,27
1524,27
1525,27
1526,27
1527,27
1528,27
1529,27
1530,26
1531,26
1532,26
1533,26
1534,26
1535,26
1536,26
1537,26
1538,26
1539,26
1540,26
1541,26
1542,26
1543,26
1544,26
1545,26
1546,26
1547,26
1548,26
1549,26
1550,26
1551,26
1552,26
1553,26
1554,26
1555,26
1556,26
1557,26
1558,26
1559,26
1560,26
1561,26
1562,26
1563,26
1564,26
1565,26
1566,26
1567,26
1568,26
1569,26
1570,26
1571,26
1572,26
1573,26
1574,26
1575,26
1576,26
1577,26
1578,26
1579,26
1580,25
1581,25
1582,25
1583,25
1584,25
1585,25
1586,25
1587,25
1588,25
1589,25
1590,25
1591,25
1592,25
1593,25
1594,25
1595,25
1596,25
1597,25
1598,25
1599,24
1600,24
1601,24
1602,24
1603,24
1604,24
1605,24
1606,24
1607,24
1608,24
1609,23
1610,23
1611,23
1612,23
1613,23
1614,23
1615,23
1616,23
1617,23
1618,23
1619,23
1620,23
1621,23
1622,23
1623,23
1624,23
1625,23
1626,23
1627,23
1628,23
1629,23
1630,23
1631,23
1632,22
1633,22
1634,22
1635,22
1636,22
1637,22
1638,22
1639,22
1640,22
1641,21
1642,21
1643,21
1644,21
1645,21
1646,21
1647,21
1648,21
1649,21
1650,21
1651,21
1652,21
1653,21
1654,21
1655,21
1656,21
1657,21
1658,21
1659,21
1660,21
1661,21
1662,21
1663,21
1664,21
1665,21
1666,21
1667,21
1668,21
1669,21
1670,21
1671,21
1672,21
1673,21
1674,21
1675,21
1676,21
1677,21
1678,21
1679,21
1680,21
1681,21
1682,21
1683,21
1684,21
1685,21
1686,21
1687,21
1688,21
1689,21
1690,21
1691,21
1692,21
1693,21
1694,21
1695,21
1696,21
1697,21
1698,21
1699,21
1700,21
1701,21
1702,21
1703,21
1704,21
1705,21
1706,21
1707,21
1708,21
1709,21
1710,21
1711,21
1712,21
1713,21
1714,21
1715,21
1716,21
1717,21
1718,21
1719,21
1720,21
1721,21
1722,21
1723,21
1724,21
1725,21
1726,21
1727,21
1728,21
1729,21
1730,21
1731,21
1732,21
1733,21
1734,21
1735,21
1736,21
1737,21
1738,21
1739,21
1740,21
1741,21
1742,21
1743,21
1744,21
1745,21
1746,21
1747,20
1748,20
1749,20
1750,20
1751,20
1752,20
1753,20
1754,20
1755,20
1756,20
1757,20
1758,20
1759,20
1760,20
1761,20
1762,20
1763,20
1764,20
1765,20
1766,20
1767,20
1768,20
1769,20
1770,20
1771,20
1772,20
1773,20
1774,20
1775,20
1776,20
1777,20
1778,20
1779,20
1780,20
1781,20
1782,20
1783,20
1784,20
1785,19
1786,19
1787,19
1788,19
1789,19
1790,19
1791,19
1792,19
1793,19
1794,19
1795,19
1796,19
1797,19
1798,19
1799,19
1800,19
1801,19
1802,19
1803,19
1804,19
1805,19
1806,19
1807,19
1808,19
1809,19
1810,19
1811,19
1812,19
1813,19
1814,19
1815,19
1816,19
1817,19
1818,19
1819,19
1820,19
1821,19
1822,19
1823,19
1824,19
1825,19
1826,19
1827,19
1828,18
1829,18
1830,18
1831,18
1832,18
1833,18
1834,18
1835,18
1836,18
1837,18
1838,18
1839,18
1840,18
1841,17
1842,17
1843,17
1844,17
1845,17
1846,17
1847,17
1848,17
1849,17
1850,17
1851,17
1852,17
1853,17
1854,17
1855,17
1856,17
1857,17
1858,17
1859,17
1860,17
1861,17
1862,17
1863,17
1864,17
1865,17
1866,17
1867,17
1868,17
1869,17
1870,17
1871,17
1872,17
1873,17
1874,17
1875,17
1876,17
1877,17
1878,17
1879,17
1880,17
1881,17
1882,17
1883,17
1884,17
1885,17
1886,17
1887,17
1888,17
1889,17
1890,17
1891,17
1892,17
1893,17
1894,17
1895,17
1896,17
1897,17
1898,17
1899,17
1900,17
1901,17
1902,17
1903,17
1904,17
1905,17
1906,17
1907,17
1908,16
1909,16
1910,16
1911,16
1912,16
1913,16
1914,16
1915,16
1916,16
1917,16
1918,16
1919,16
1920,16
1921,16
1922,16
1923,16
1924,15
1925,15
1926,15
1927,15
1928,15
1929,15
1930,15
1931,15
1932,15
1933,15
1934,15
1935,15
1936,15
1937,15
1938,15
1939,15
1940,15
1941,15
1942,15
1943,15
1944,15
1945,15
1946,15
1947,15
1948,15
1949,15
1950,15
1951,15
1952,15
1953,15
1954,15
1955,15
1956,15
1957,15
1958,15
1959,15
1960,15
1961,15
1962,15
1963,15
1964,15
1965,15
1966,15
1967,15
1968,15
1969,15
1970,15
1971,15
1972,15
1973,15
1974,15
1975,15
1976,15
1977,15
1978,15
1979,15
1980,15
1981,15
1982,15
1983,15
1984,15
1985,14
1986,14
1987,14
1988,14
1989,14
1990,14
1991,14
1992,14
1993,14
1994,14
1995,14
1996,14
1997,14
1998,14
1999,14
2000,14
2001,14
2002,14
2003,14
2004,14
2005,14
2006,14
2007,14
2008,14
2009,14
2010,14
2011,14
2012,14
2013,14
2014,14
2015,14
2016,14
2017,14
2018,14
2019,14
2020,14
2021,14
2022,14
2023,14
2024,14
2025,14
2026,14
2027,14
2028,14
2029,14
2030,14
2031,14
2032,14
2033,14
2034,14
2035,14
2036,14
2037,14
2038,14
2039,14
2040,14
2041,14
2042,14
2043,14
2044,14
2045,14
2046,14
2047,14
2048,14
2049,14
2050,14
2051,14
2052,14
2053,14
2054,14
2055,14
2056,14
2057,14
2058,14
2059,14
2060,14
2061,14
2062,14
2063,14
2064,14
2065,14
2066,14
2067,14
2068,14
2069,14
2070,14
2071,14
2072,14
2073,14
2074,13
2075,13
2076,13
2077,13
2078,13
2079,13
2080,13
2081,13
2082,13
2083,13
2084,13
2085,13
2086,13
2087,13
2088,13
2089,13
2090,13
2091,13
2092,13
2093,13
2094,13
2095,13
2096,13
2097,13
2098,13
2099,13
2100,13
2101,13
2102,13
2103,13
2104,13
2105,13
2106,13
2107,13
2108,13
2109,13
2110,13
2111,13
2112,13
2113,13
2114,13
2115,13
2116,13
2117,13
2118,13
2119,13
2120,13
2121,13
2122,13
2123,13
2124,13
2125,13
2126,13
2127,13
2128,13
2129,13
2130,13
2131,13
2132,13
2133,13
2134,13
2135,13
2136,13
2137,13
2138,13
2139,13
2140,13
2141,13
2142,13
2143,13
2144,13
2145,13
2146,13
2147,13
2148,13
2149,13
2150,13
2151,13
2152,13
2153,13
2154,13
2155,13
2156,13
2157,13
2158,13
2159,13
2160,13
2161,13
2162,13
2163,13
2164,13
2165,13
2166,13
2167,13
2168,13
2169,13
2170,13
2171,13
2172,13
2173,13
2174,13
2175,13
2176,13
2177,13
2178,13
2179,13
2180,13
2181,13
2182,13
2183,13
2184,13
2185,13
2186,13
2187,13
2188,13
2189,13
2190,13
2191,13
2192,13
2193,13
2194,13
2195,13
2196,13
2197,13
2198,13
2199,13
2200,13
2201,13
2202,13
2203,13
2204,13
2205,13
2206,13
2207,13
2208,13
2209,13
2210,13
2211,13
2212,13
2213,13
2214,13
2215,13
2216,13
2217,13
2218,13
2219,13
2220,13
2221,13
2222,13
2223,13
2224,13
2225,13
2226,13
2227,13
2228,13
2229,13
2230,13
2231,13
2232,13
2233,13
2234,13
2235,13
2236,13
2237,13
2238,13
2239,13
2240,13
2241,13
2242,12
2243,12
2244,12
2245,12
2246,12
2247,12
2248,12
2249,12
2250,11
2251,11
2252,11
2253,11
2254,11
2255,11
2256,11
2257,11
2258,11
2259,11
2260,11
2261,11
2262,11
2263,11
2264,11
2265,11
2266,11
2267,11
2268,11
2269,11
2270,11
2271,11
2272,11
2273,11
2274,11
2275,11
2276,11
2277,11
2278,11
2279,11
2280,11
2281,11
2282,11
2283,11
2284,11
2285,11
2286,11
2287,11
2288,11
2289,11
2290,11
2291,11
2292,11
2293,11
2294,11
2295,11
2296,11
2297,11
2298,11
2299,11
2300,11
2301,11
2302,11
2303,11
2304,11
2305,11
2306,11
2307,11
2308,11
2309,11
2310,11
2311,11
2312,11
2313,11
2314,11
2315,11
2316,11
2317,11
2318,11
2319,11
2320,11
2321,11
2322,11
2323,11
2324,11
2325,11
2326,11
2327,11
2328,11
2329,11
2330,11
2331,11
2332,11
2333,10
2334,10
2335,10
2336,10
2337,10
2338,10
2339,10
2340,10
2341,10
2342,10
2343,10
2344,10
2345,10
2346,10
2347,10
2348,10
2349,10
2350,10
2351,10
2352,10
2353,10
2354,10
2355,10
2356,10
2357,10
2358,10
2359,10
2360,10
2361,10
2362,10
2363,10
2364,10
2365,10
2366,10
2367,10
2368,10
2369,10
2370,10
2371,10
2372,10
2373,10
2374,10
2375,10
2376,10
2377,10
2378,10
2379,10
2380,10
2381,10
2382,10
2383,10
2384,10
2385,10
2386,10
2387,10
2388,10
2389,10
2390,10
2391,10
2392,10
2393,10
2394,10
2395,10
2396,10
2397,10
2398,10
2399,10
2400,10
2401,10
2402,10
2403,10
2404,10
2405,10
2406,10
2407,10
2408,10
2409,10
2410,10
2411,10
2412,10
2413,10
2414,10
2415,10
2416,10
2417,10
2418,10
2419,10
2420,10
2421,10
2422,10
2423,10
2424,10
2425,10
2426,10
2427,10
2428,10
2429,10
2430,10
2431,10
2432,10
2433,10
2434,10
2435,10
2436,10
2437,10
2438,10
2439,10
2440,10
2441,10
2442,10
2443,10
2444,10
2445,10
2446,10
2447,10
2448,10
2449,10
2450,10
2451,10
2452,10
2453,10
2454,10
2455,10
2456,10
2457,10
2458,10
2459,10
2460,10
2461,10
2462,10
2463,10
2464,10
2465,10
2466,10
2467,10
2468,10
2469,10
2470,10
2471,10
2472,10
2473,10
2474,10
2475,10
2476,10
2477,10
2478,10
2479,10
2480,10
2481,10
2482,10
2483,10
2484,10
2485,10
2486,10
2487,10
2488,10
2489,10
2490,10
2491,10
2492,10
2493,10
2494,10
2495,10
2496,10
2497,10
2498,10
2499,10
2500,10
2501,10
2502,10
2503,10
2504,10
2505,10
2506,10
2507,10
2508,10
2509,10
2510,10
2511,10
2512,10
2513,10
2514,10
2515,10
2516,10
2517,10
2518,10
2519,10
2520,10
2521,10
2522,10
2523,10
2524,10
2525,10
2526,10
2527,10
2528,10
2529,10
2530,10
2531,10
2532,10
2533,10
2534,10
2535,10
2536,10
2537,10
2538,10
2539,10
2540,10
2541,10
2542,10
2543,10
2544,10
2545,10
2546,10
2547,10
2548,10
2549,10
2550,10
2551,10
2552,10
2553,10
2554,10
2555,10
2556,10
2557,10
2558,10
2559,10
2560,10
2561,10
2562,10
2563,10
2564,10
2565,10
2566,10
2567,10
2568,10
2569,10
2570,10
2571,10
2572,10
2573,10
2574,10
2575,10
2576,10
2577,10
2578,10
2579,10
2580,10
2581,10
2582,10
2583,10
2584,10
2585,10
2586,10
2587,10
2588,10
2589,10
2590,10
2591,10
2592,10
2593,10
2594,10
2595,10
2596,10
2597,10
2598,10
2599,10
2600,10
2601,10
2602,10
2603,10
2604,10
2605,10
2606,10
2607,10
2608,10
2609,10
2610,10
2611,10
2612,10
2613,10
2614,10
2615,10
2616,10
2617,10
2618,10
2619,10
2620,10
2621,10
2622,10
2623,10
2624,10
2625,10
2626,10
2627,10
2628,10
2629,10
2630,10
2631,10
2632,10
2633,10
2634,10
2635,10
2636,10
2637,10
2638,10
2639,10
2640,10
2641,10
2642,10
2643,10
2644,10
2645,10
2646,10
2647,10
2648,10
2649,10
2650,10
2651,10
2652,10
2653,10
2654,10
2655,10
2656,10
2657,10
2658,10
2659,10
2660,10
2661,10
2662,10
2663,10
2664,10
2665,10
2666,10
2667,10
2668,10
2669,10
2670,10
2671,10
2672,10
2673,10
2674,10
2675,10
2676,10
2677,10
2678,10
2679,10
2680,10
2681,10
2682,10
2683,10
2684,10
2685,10
2686,10
2687,10
2688,10
2689,10
2690,10
2691,10
2692,10
2693,10
2694,10
2695,10
2696,10
2697,10
2698,10
2699,10
2700,10
2701,10
2702,10
2703,10
2704,10
2705,10
2706,10
2707,10
2708,10
2709,10
2710,10
2711,10
2712,10
2713,10
2714,10
2715,10
2716,10
2717,10
2718,10
2719,10
2720,10
2721,10
2722,10
2723,10
2724,10
2725,10
2726,10
2727,10
2728,10
2729,10
2730,10
2731,10
2732,10
2733,10
2734,10
2735,10
2736,10
2737,10
2738,10
2739,9
2740,9
2741,9
2742,9
2743,9
2744,9
2745,9
2746,9
2747,9
2748,9
2749,9
2750,9
2751,9
2752,9
2753,9
2754,9
2755,9
2756,9
2757,9
2758,9
2759,9
2760,9
2761,9
2762,9
2763,8
2764,8
2765,8
2766,8
2767,8
2768,8
2769,8
2770,8
2771,8
2772,8
2773,8
2774,8
2775,8
2776,8
2777,8
2778,8
2779,8
2780,8
2781,8
2782,8
2783,8
2784,7
2785,7
2786,7
2787,7
2788,7
2789,6
2790,6
2791,6
2792,6
2793,6
2794,6
2795,6
2796,6
2797,6
2798,6
2799,6
2800,6
2801,6
2802,6
2803,6
2804,6
2805,6
2806,6
2807,6
2808,6
2809,6
2810,6
2811,6
2812,6
2813,6
2814,6
2815,6
2816,6
2817,6
2818,6
2819,6
2820,6
2821,6
2822,6
2823,6
2824,6
2825,6
2826,6
2827,6
2828,6
2829,6
2830,6
2831,6
2832,6
2833,6
2834,6
2835,6
2836,6
2837,6
2838,6
2839,6
2840,6
2841,6
2842,6
2843,6
2844,6
2845,6
2846,6
2847,6
2848,6
2849,6
2850,6
2851,6
2852,6
2853,6
2854,6
2855,6
2856,6
2857,6
2858,6
2859,6
2860,6
2861,6
2862,6
2863,6
2864,6
2865,6
2866,6
2867,6
2868,6
2869,6
2870,6
2871,6
2872,6
2873,6
2874,6
2875,6
2876,6
2877,6
2878,6
2879,6
2880,6
2881,6
2882,6
2883,6
2884,6
2885,6
2886,6
2887,6
2888,6
2889,6
2890,6
2891,6
2892,6
2893,6
2894,6
2895,6
2896,6
2897,6
2898,6
2899,6
2900,6
2901,6
2902,6
2903,6
2904,6
2905,6
2906,6
2907,6
2908,6
2909,6
2910,6
2911,6
2912,6
2913,6
2914,6
2915,6
2916,6
2917,6
2918,6
2919,6
2920,6
2921,6
2922,6
2923,6
2924,6
2925,6
2926,6
2927,6
2928,6
2929,6
2930,6
2931,6
2932,6
2933,6
2934,6
2935,6
2936,6
2937,6
2938,6
2939,6
2940,6
2941,6
2942,6
2943,6
2944,6
2945,6
2946,6
2947,6
2948,6
2949,6
2950,6
2951,6
2952,6
2953,6
2954,6
2955,6
2956,6
2957,6
2958,6
2959,6
2960,6
2961,6
2962,6
2963,6
2964,6
2965,6
2966,6
2967,6
2968,6
2969,6
2970,6
2971,6
2972,6
2973,6
2974,6
2975,6
2976,6
2977,6
2978,6
2979,6
2980,6
2981,6
2982,6
2983,6
2984,6
2985,6
2986,6
2987,6
2988,6
2989,6
2990,6
2991,6
2992,6
2993,6
2994,6
2995,6
2996,6
2997,6
2998,6
2999,6
3000,6
3001,6
3002,6
3003,6
3004,6
3005,6
3006,6
3007,6
3008,6
3009,6
3010,6
3011,6
3012,6
3013,6
3014,6
3015,6
3016,6
3017,6
3018,6
3019,6
3020,6
3021,6
3022,6
3023,6
3024,6
3025,6
3026,6
3027,6
3028,6
3029,6
3030,6
3031,6
3032,6
3033,6
3034,6
3035,6
3036,6
3037,6
3038,6
3039,6
3040,6
3041,6
3042,6
3043,6
3044,6
3045,6
3046,6
3047,6
3048,6
3049,6
3050,6
3051,6
3052,6
3053,6
3054,6
3055,6
3056,6
3057,6
3058,6
3059,6
3060,6
3061,6
3062,6
3063,6
3064,6
3065,6
3066,6
3067,6
3068,6
3069,6
3070,6
3071,6
3072,6
3073,6
3074,6
3075,6
3076,6
3077,6
3078,6
3079,6
3080,6
3081,6
3082,6
3083,6
3084,6
3085,6
3086,6
3087,6
3088,6
3089,6
3090,6
3091,6
3092,6
3093,6
3094,6
3095,6
3096,6
3097,6
3098,6
3099,6
3100,6
3101,6
3102,6
3103,6
3104,6
3105,6
3106,6
3107,6
3108,6
3109,6
3110,6
3111,5
3112,5
3113,5
3114,5
3115,5
3116,5
3117,5
3118,5
3119,5
3120,5
3121,5
3122,5
3123,5
3124,5
3125,5
3126,5
3127,5
3128,5
3129,5
3130,4
3131,4
3132,4
3133,4
3134,4
3135,4
3136,4
3137,4
3138,4
3139,4
3140,4
3141,4
3142,4
3143,4
3144,4
3145,4
3146,4
3147,4
3148,4
3149,4
3150,4
3151,4
3152,4
3153,4
3154,4
3155,4
3156,4
3157,4
3158,4
3159,4
3160,4
3161,4
3162,4
3163,4
3164,4
3165,4
3166,4
3167,4
3168,4
3169,4
3170,4
3171,4
3172,4
3173,4
3174,4
3175,4
3176,4
3177,4
3178,4
3179,4
3180,4
3181,4
3182,4
3183,4
3184,4
3185,4
3186,4
3187,4
3188,4
3189,4
3190,4
3191,4
3192,4
3193,4
3194,4
3195,4
3196,4
3197,4
3198,4
3199,4
3200,4
3201,4
3202,4
3203,4
3204,4
3205,4
3206,4
3207,4
3208,4
3209,4
3210,4
3211,4
3212,4
3213,4
3214,4
3215,4
3216,4
3217,4
3218,4
3219,4
3220,4
3221,4
3222,4
3223,4
3224,4
3225,4
3226,4
3227,4
3228,4
3229,4
3230,4
3231,4
3232,4
3233,4
3234,4
3235,4
3236,4
3237,4
3238,4
3239,4
3240,4
3241,4
3242,4
3243,4
3244,4
3245,4
3246,4
3247,4
3248,4
3249,4
3250,4
3251,4
3252,4
3253,4
3254,4
3255,4
3256,4
3257,4
3258,4
3259,4
3260,4
3261,4
3262,4
3263,4
3264,4
3265,4
3266,4
3267,4
3268,4
3269,4
3270,4
3271,4
3272,4
3273,4
3274,4
3275,4
3276,4
3277,4
3278,4
3279,4
3280,4
3281,4
3282,4
3283,4
3284,4
3285,4
3286,4
3287,4
3288,4
3289,4
3290,4
3291,4
3292,4
3293,4
3294,4
3295,4
3296,4
3297,4
3298,4
3299,4
3300,4
3301,4
3302,4
3303,4
3304,4
3305,4
3306,4
3307,4
3308,4
3309,4
3310,4
3311,4
3312,4
3313,4
3314,4
3315,4
3316,4
3317,4
3318,4
3319,4
3320,4
3321,4
3322,4
3323,4
3324,4
3325,4
3326,4
3327,4
3328,4
3329,4
3330,4
3331,4
3332,4
3333,4
3334,4
3335,4
3336,4
3337,4
3338,4
3339,4
3340,4
3341,4
3342,4
3343,4
3344,4
3345,4
3346,4
3347,4
3348,4
3349,4
3350,4
3351,4
3352,4
3353,4
3354,4
3355,4
3356,4
3357,4
3358,4
3359,4
3360,4
3361,4
3362,4
3363,4
3364,4
3365,4
3366,4
3367,4
3368,4
3369,4
3370,4
3371,4
3372,4
3373,4
3374,4
3375,4
3376,4
3377,4
3378,4
3379,4
3380,4
3381,4
3382,4
3383,4
3384,4
3385,4
3386,4
3387,4
3388,4
3389,4
3390,4
3391,4
3392,4
3393,4
3394,4
3395,4
3396,4
3397,4
3398,4
3399,4
3400,4
3401,4
3402,4
3403,4
3404,4
3405,4
3406,4
3407,4
3408,4
3409,4
3410,4
3411,4
3412,4
3413,4
3414,4
3415,4
3416,4
3417,4
3418,4
3419,4
3420,4
3421,4
3422,4
3423,4
3424,4
3425,4
3426,4
3427,4
3428,4
3429,4
3430,4
3431,4
3432,4
3433,4
3434,4
3435,4
3436,4
3437,4
3438,4
3439,4
3440,4
3441,4
3442,4
3443,4
3444,4
3445,4
3446,4
3447,4
3448,4
3449,4
3450,4
3451,4
3452,4
3453,4
3454,4
3455,4
3456,4
3457,4
3458,4
3459,4
3460,4
3461,4
3462,4
3463,4
3464,4
3465,4
3466,4
3467,4
3468,4
3469,4
3470,4
3471,4
3472,4
3473,4
3474,4
3475,4
3476,4
3477,4
3478,4
3479,4
3480,4
3481,4
3482,4
3483,4
3484,4
3485,4
3486,4
3487,4
3488,4
3489,4
3490,4
3491,4
3492,4
3493,4
3494,4
3495,4
3496,4
3497,4
3498,4
3499,4
3500,4
3501,4
3502,4
3503,4
3504,4
3505,4
3506,4
3507,4
3508,4
3509,4
3510,4
3511,4
3512,4
3513,4
3514,4
3515,4
3516,4
3517,4
3518,4
3519,4
3520,3
3521,3
3522,3
3523,3
3524,3
3525,3
3526,3
3527,3
3528,3
3529,3
3530,3
3531,3
3532,3
3533,3
3534,3
3535,3
3536,3
3537,3
3538,3
3539,3
3540,3
3541,3
3542,3
3543,3
3544,3
3545,3
3546,3
3547,3
3548,3
3549,3
3550,3
3551,3
3552,3
3553,3
3554,3
3555,3
3556,3
3557,3
3558,3
3559,3
3560,3
3561,3
3562,3
3563,3
3564,3
3565,3
3566,3
3567,3
3568,3
3569,3
3570,3
3571,3
3572,3
3573,3
3574,3
3575,3
3576,3
3577,3
3578,3
3579,3
3580,3
3581,3
3582,3
3583,3
3584,3
3585,3
3586,3
3587,3
3588,3
3589,3
3590,3
3591,3
3592,3
3593,3
3594,3
3595,3
3596,3
3597,3
3598,3
3599,3
3600,3
3601,3
3602,3
3603,3
3604,3
3605,3
3606,3
3607,3
3608,3
3609,3
3610,3
3611,3
3612,3
3613,3
3614,3
3615,3
3616,3
3617,3
3618,3
3619,3
3620,3
3621,3
3622,3
3623,3
3624,3
3625,3
3626,3
3627,3
3628,3
3629,3
3630,3
3631,3
3632,3
3633,3
3634,3
3635,3
3636,3
3637,3
3638,3
3639,3
3640,3
3641,3
3642,3
3643,3
3644,3
3645,3
3646,3
3647,3
3648,3
3649,3
3650,3
3651,3
3652,3
3653,3
3654,3
3655,3
3656,3
3657,3
3658,3
3659,3
3660,3
3661,3
3662,3
3663,3
3664,3
3665,3
3666,3
3667,3
3668,3
3669,3
3670,3
3671,3
3672,3
3673,3
3674,3
3675,3
3676,3
3677,3
3678,3
3679,3
3680,3
3681,3
3682,3
3683,3
3684,3
3685,3
3686,3
3687,3
3688,3
3689,3
3690,3
3691,3
3692,3
3693,3
3694,3
3695,3
3696,3
3697,3
3698,3
3699,3
3700,3
3701,3
3702,3
3703,3
3704,3
3705,3
3706,3
3707,3
3708,3
3709,3
3710,3
3711,3
3712,3
3713,3
3714,3
3715,3
3716,3
3717,3
3718,3
3719,3
3720,3
3721,3
3722,3
3723,3
3724,3
3725,3
3726,3
3727,3
3728,3
3729,3
3730,3
3731,3
3732,3
3733,3
3734,3
3735,3
3736,3
3737,3
3738,3
3739,3
3740,3
3741,3
3742,3
3743,3
3744,3
3745,3
3746,3
3747,3
3748,3
3749,3
3750,3
3751,3
3752,3
3753,3
3754,3
3755,3
3756,3
3757,3
3758,3
3759,3
3760,3
3761,3
3762,3
3763,3
3764,3
3765,3
3766,3
3767,3
3768,3
3769,3
3770,3
3771,3
3772,3
3773,3
3774,3
3775,3
3776,3
3777,3
3778,3
3779,3
3780,3
3781,3
3782,3
3783,3
3784,3
3785,3
3786,3
3787,3
3788,3
3789,3
3790,3
3791,3
3792,3
3793,3
3794,3
3795,3
3796,3
3797,3
3798,3
3799,3
3800,3
3801,3
3802,3
3803,3
3804,3
3805,3
3806,3
3807,3
3808,3
3809,3
3810,3
3811,3
3812,3
3813,3
3814,3
3815,3
3816,3
3817,3
3818,3
3819,3
3820,3
3821,3
3822,3
3823,2
3824,2
3825,2
3826,2
3827,2
3828,2
3829,2
3830,2
