,pso
0,300
1,300
2,300
3,300
4,300
5,300
6,300
7,300
8,300
9,300
10,300
11,300
12,300
13,300
14,300
15,300
16,300
17,300
18,300
19,300
20,300
21,300
22,300
23,300
24,300
25,300
26,300
27,300
28,300
29,300
30,300
31,300
32,300
33,300
34,300
35,300
36,300
37,300
38,300
39,300
40,300
41,300
42,300
43,300
44,300
45,300
46,300
47,300
48,300
49,300
50,300
51,300
52,300
53,300
54,300
55,300
56,300
57,300
58,300
59,300
60,300
61,300
62,300
63,300
64,300
65,300
66,300
67,300
68,300
69,300
70,300
71,300
72,300
73,300
74,300
75,300
76,300
77,300
78,300
79,300
80,300
81,300
82,300
83,300
84,300
85,300
86,300
87,300
88,300
89,300
90,300
91,300
92,300
93,300
94,300
95,300
96,300
97,300
98,300
99,300
100,300
101,300
102,300
103,300
104,300
105,300
106,300
107,300
108,300
109,300
110,300
111,300
112,300
113,300
114,300
115,300
116,300
117,300
118,300
119,300
120,300
121,300
122,300
123,300
124,300
125,300
126,300
127,300
128,300
129,300
130,300
131,300
132,300
133,300
134,300
135,300
136,300
137,300
138,300
139,300
140,300
141,300
142,300
143,300
144,300
145,300
146,300
147,300
148,300
149,300
150,300
151,300
152,300
153,300
154,300
155,300
156,300
157,300
158,300
159,300
160,300
161,300
162,300
163,300
164,300
165,300
166,300
167,300
168,300
169,300
170,300
171,300
172,300
173,300
174,300
175,300
176,300
177,300
178,300
179,300
180,300
181,300
182,300
183,300
184,300
185,300
186,300
187,300
188,300
189,300
190,300
191,300
192,300
193,300
194,300
195,300
196,300
197,300
198,300
199,300
200,300
201,300
202,300
203,300
204,300
205,300
206,300
207,300
208,300
209,300
210,300
211,300
212,300
213,300
214,300
215,300
216,300
217,300
218,300
219,300
220,300
221,300
222,300
223,300
224,300
225,300
226,300
227,300
228,300
229,300
230,300
231,300
232,300
233,300
234,300
235,300
236,300
237,300
238,300
239,300
240,300
241,300
242,300
243,300
244,300
245,300
246,300
247,300
248,300
249,300
250,300
251,300
252,300
253,300
254,300
255,300
256,300
257,300
258,300
259,300
260,300
261,300
262,300
263,300
264,300
265,300
266,300
267,300
268,300
269,300
270,300
271,300
272,300
273,300
274,300
275,300
276,300
277,300
278,300
279,300
280,300
281,300
282,300
283,300
284,300
285,300
286,300
287,300
288,300
289,300
290,300
291,300
292,300
293,300
294,300
295,300
296,300
297,300
298,300
299,300
300,300
301,300
302,300
303,300
304,300
305,300
306,300
307,300
308,300
309,300
310,300
311,300
312,300
313,300
314,300
315,300
316,300
317,300
318,300
319,300
320,300
321,300
322,300
323,300
324,300
325,300
326,300
327,300
328,300
329,300
330,300
331,300
332,300
333,300
334,300
335,300
336,300
337,300
338,300
339,300
340,300
341,300
342,300
343,300
344,300
345,300
346,300
347,300
348,300
349,300
350,300
351,300
352,300
353,300
354,300
355,300
356,300
357,300
358,300
359,300
360,300
361,300
362,300
363,300
364,300
365,300
366,300
367,300
368,300
369,300
370,300
371,300
372,300
373,300
374,300
375,300
376,300
377,300
378,300
379,300
380,300
381,300
382,300
383,300
384,300
385,300
386,300
387,300
388,300
389,300
390,300
391,300
392,300
393,300
394,300
395,300
396,300
397,300
398,300
399,300
400,300
401,300
402,300
403,300
404,300
405,300
406,300
407,300
408,300
409,300
410,300
411,300
412,300
413,300
414,300
415,300
416,300
417,300
418,300
419,300
420,300
421,300
422,300
423,300
424,300
425,300
426,300
427,300
428,300
429,300
430,300
431,300
432,300
433,300
434,300
435,300
436,300
437,300
438,300
439,300
440,300
441,300
442,300
443,300
444,300
445,300
446,300
447,300
448,300
449,300
450,300
451,300
452,300
453,300
454,300
455,300
456,300
457,300
458,300
459,300
460,300
461,300
462,300
463,300
464,300
465,300
466,300
467,300
468,300
469,300
470,300
471,300
472,300
473,300
474,300
475,300
476,300
477,300
478,300
479,300
480,300
481,300
482,300
483,300
484,300
485,300
486,300
487,300
488,300
489,300
490,300
491,300
492,300
493,300
494,300
495,300
496,300
497,300
498,300
499,300
500,300
501,300
502,300
503,300
504,300
505,300
506,300
507,300
508,300
509,300
510,300
511,300
512,300
513,300
514,300
515,300
516,300
517,300
518,300
519,300
520,300
521,300
522,300
523,300
524,300
525,300
526,300
527,300
528,300
529,300
530,300
531,300
532,300
533,300
534,300
535,300
536,300
537,300
538,300
539,300
540,300
541,300
542,300
543,300
544,300
545,300
546,300
547,300
548,300
549,300
550,300
551,300
552,300
553,300
554,300
555,300
556,300
557,300
558,300
559,300
560,300
561,300
562,300
563,300
564,300
565,300
566,300
567,300
568,300
569,300
570,300
571,300
572,300
573,300
574,300
575,300
576,300
577,300
578,300
579,300
580,300
581,300
582,300
583,300
584,300
585,300
586,300
587,300
588,300
589,300
590,300
591,300
592,300
593,300
594,300
595,300
596,300
597,300
598,300
599,300
600,300
601,300
602,300
603,300
604,300
605,300
606,300
607,300
608,300
609,300
610,300
611,300
612,300
613,300
614,300
615,300
616,300
617,300
618,300
619,300
620,300
621,300
622,300
623,300
624,300
625,300
626,300
627,300
628,300
629,300
630,300
631,300
632,300
633,300
634,300
635,300
636,300
637,300
638,300
639,300
640,300
641,300
642,300
643,300
644,300
645,300
646,300
647,300
648,300
649,300
650,300
651,300
652,300
653,300
654,300
655,300
656,300
657,300
658,300
659,300
660,300
661,300
662,300
663,300
664,300
665,300
666,300
667,300
668,300
669,300
670,300
671,300
672,300
673,300
674,300
675,300
676,300
677,300
678,300
679,300
680,300
681,300
682,300
683,300
684,300
685,300
686,300
687,300
688,300
689,300
690,300
691,300
692,300
693,300
694,300
695,300
696,300
697,300
698,300
699,300
700,300
701,300
702,300
703,300
704,300
705,300
706,300
707,300
708,300
709,300
710,300
711,300
712,300
713,300
714,300
715,300
716,300
717,300
718,300
719,300
720,300
721,300
722,300
723,300
724,300
725,300
726,300
727,300
728,300
729,300
730,300
731,300
732,300
733,300
734,300
735,300
736,300
737,300
738,300
739,300
740,300
741,300
742,300
743,300
744,300
745,300
746,300
747,300
748,300
749,300
750,300
751,300
752,300
753,300
754,300
755,300
756,300
757,300
758,300
759,300
760,300
761,300
762,300
763,300
764,300
765,300
766,300
767,300
768,300
769,300
770,300
771,300
772,300
773,300
774,300
775,300
776,300
777,300
778,300
779,300
780,300
781,300
782,300
783,300
784,300
785,300
786,300
787,300
788,300
789,300
790,300
791,300
792,300
793,300
794,300
795,300
796,300
797,300
798,300
799,300
800,300
801,300
802,300
803,300
804,300
805,300
806,300
807,300
808,300
809,300
810,300
811,300
812,300
813,300
814,300
815,300
816,300
817,300
818,300
819,300
820,300
821,300
822,300
823,300
824,300
825,300
826,300
827,300
828,300
829,300
830,300
831,300
832,300
833,300
834,300
835,300
836,300
837,300
838,300
839,300
840,300
841,300
842,300
843,300
844,300
845,300
846,300
847,300
848,300
849,300
850,300
851,300
852,300
853,300
854,300
855,300
856,300
857,300
858,300
859,300
860,300
861,300
862,300
863,300
864,300
865,300
866,300
867,300
868,300
869,300
870,300
871,300
872,300
873,300
874,300
875,300
876,300
877,300
878,300
879,300
880,300
881,300
882,300
883,300
884,300
885,300
886,300
887,300
888,300
889,300
890,300
891,300
892,300
893,300
894,300
895,300
896,300
897,300
898,300
899,300
900,300
901,300
902,300
903,300
904,300
905,300
906,300
907,300
908,300
909,300
910,300
911,300
912,300
913,300
914,300
915,300
916,300
917,300
918,300
919,300
920,300
921,300
922,300
923,300
924,300
925,300
926,300
927,300
928,300
929,300
930,300
931,300
932,300
933,300
934,300
935,300
936,300
937,300
938,300
939,300
940,300
941,300
942,300
943,300
944,300
945,300
946,300
947,300
948,300
949,300
950,300
951,300
952,300
953,300
954,300
955,300
956,300
957,300
958,300
959,300
960,300
961,300
962,300
963,300
964,300
965,300
966,300
967,300
968,300
969,300
970,300
971,300
972,300
973,300
974,300
975,300
976,300
977,300
978,300
979,300
980,300
981,300
982,300
983,300
984,300
985,300
986,300
987,300
988,300
989,300
990,300
991,300
992,300
993,300
994,300
995,300
996,300
997,300
998,300
999,300
1000,300
1001,300
1002,300
1003,300
1004,300
1005,300
1006,300
1007,300
1008,300
1009,300
1010,300
1011,300
1012,300
1013,300
1014,300
1015,300
1016,300
1017,300
1018,300
1019,300
1020,300
1021,300
1022,300
1023,300
1024,300
1025,300
1026,300
1027,300
1028,300
1029,300
1030,300
1031,300
1032,300
1033,300
1034,300
1035,300
1036,300
1037,300
1038,300
1039,300
1040,300
1041,300
1042,300
1043,300
1044,300
1045,300
1046,300
1047,300
1048,300
1049,300
1050,300
1051,300
1052,300
1053,300
1054,300
1055,300
1056,300
1057,300
1058,300
1059,300
1060,300
1061,300
1062,300
1063,300
1064,300
1065,300
1066,300
1067,300
1068,300
1069,300
1070,300
1071,300
1072,300
1073,300
1074,300
1075,300
1076,300
1077,300
1078,300
1079,300
1080,300
1081,300
1082,300
1083,300
1084,300
1085,300
1086,300
1087,300
1088,300
1089,300
1090,300
1091,300
1092,300
1093,300
1094,300
1095,300
1096,300
1097,300
1098,300
1099,300
1100,300
1101,300
1102,300
1103,300
1104,300
1105,300
1106,300
1107,300
1108,300
1109,300
1110,300
1111,300
1112,300
1113,300
1114,300
1115,300
1116,300
1117,300
1118,300
1119,300
1120,300
1121,300
1122,300
1123,300
1124,300
1125,300
1126,300
1127,300
1128,300
1129,300
1130,300
1131,300
1132,300
1133,300
1134,300
1135,300
1136,300
1137,300
1138,300
1139,300
1140,300
1141,300
1142,300
1143,300
1144,300
1145,300
1146,300
1147,300
1148,300
1149,300
1150,300
1151,300
1152,300
1153,300
1154,300
1155,300
1156,300
1157,300
1158,300
1159,300
1160,300
1161,300
1162,300
1163,300
1164,300
1165,300
1166,300
1167,300
1168,300
1169,300
1170,300
1171,300
1172,300
1173,300
1174,300
1175,300
1176,300
1177,300
1178,300
1179,300
1180,300
1181,300
1182,300
1183,300
1184,300
1185,300
1186,300
1187,300
1188,300
1189,300
1190,300
1191,300
1192,300
1193,300
1194,300
1195,300
1196,300
1197,300
1198,300
1199,300
1200,300
1201,300
1202,300
1203,300
1204,300
1205,300
1206,300
1207,300
1208,300
1209,300
1210,300
1211,300
1212,300
1213,300
1214,300
1215,300
1216,300
1217,300
1218,300
1219,300
1220,300
1221,300
1222,300
1223,300
1224,300
1225,300
1226,300
1227,300
1228,300
1229,300
1230,300
1231,300
1232,300
1233,300
1234,300
1235,300
1236,300
1237,300
1238,300
1239,300
1240,300
1241,300
1242,300
1243,300
1244,300
1245,300
1246,300
1247,300
1248,300
1249,300
1250,300
1251,300
1252,300
1253,300
1254,300
1255,300
1256,300
1257,300
1258,300
1259,300
1260,300
1261,300
1262,300
1263,300
1264,300
1265,300
1266,300
1267,300
1268,300
1269,300
1270,300
1271,300
1272,300
1273,300
1274,300
1275,300
1276,300
1277,300
1278,300
1279,300
1280,300
1281,300
1282,300
1283,300
1284,300
1285,300
1286,300
1287,300
1288,300
1289,300
1290,300
1291,300
1292,300
1293,300
1294,300
1295,300
1296,300
1297,300
1298,300
1299,300
1300,300
1301,300
1302,300
1303,300
1304,300
1305,300
1306,300
1307,300
1308,300
1309,300
1310,300
1311,300
1312,300
1313,300
1314,300
1315,300
1316,300
1317,300
1318,300
1319,300
1320,300
1321,300
1322,300
1323,300
1324,300
1325,300
1326,300
1327,300
1328,300
1329,300
1330,300
1331,300
1332,300
1333,300
1334,300
1335,300
1336,300
1337,300
1338,300
1339,300
1340,300
1341,300
1342,300
1343,300
1344,300
1345,300
1346,300
1347,299
1348,299
1349,299
1350,299
1351,299
1352,299
1353,299
1354,299
1355,299
1356,299
1357,299
1358,299
1359,299
1360,299
1361,299
1362,299
1363,299
1364,299
1365,299
1366,299
1367,299
1368,299
1369,299
1370,299
1371,299
1372,299
1373,299
1374,299
1375,299
1376,299
1377,299
1378,299
1379,299
1380,299
1381,299
1382,299
1383,299
1384,299
1385,299
1386,299
1387,299
1388,299
1389,299
1390,299
1391,299
1392,299
1393,299
1394,299
1395,299
1396,299
1397,299
1398,299
1399,299
1400,299
1401,299
1402,299
1403,299
1404,299
1405,299
1406,299
1407,299
1408,299
1409,299
1410,299
1411,299
1412,299
1413,299
1414,299
1415,299
1416,299
1417,299
1418,299
1419,299
1420,299
1421,299
1422,299
1423,299
1424,299
1425,299
1426,299
1427,299
1428,299
1429,299
1430,299
1431,299
1432,299
1433,299
1434,299
1435,299
1436,299
1437,299
1438,299
1439,299
1440,299
1441,299
1442,299
1443,299
1444,299
1445,299
1446,299
1447,299
1448,299
1449,299
1450,299
1451,299
1452,299
1453,299
1454,299
1455,299
1456,299
1457,299
1458,299
1459,299
1460,299
1461,299
1462,299
1463,299
1464,299
1465,299
1466,299
1467,299
1468,299
1469,299
1470,299
1471,299
1472,299
1473,299
1474,299
1475,299
1476,299
1477,299
1478,299
1479,299
1480,299
1481,299
1482,299
1483,299
1484,299
1485,299
1486,299
1487,299
1488,299
1489,299
1490,299
1491,299
1492,299
1493,299
1494,299
1495,299
1496,299
1497,299
1498,299
1499,299
1500,299
1501,299
1502,299
1503,299
1504,299
1505,299
1506,299
1507,299
1508,299
1509,299
1510,299
1511,299
1512,299
1513,299
1514,299
1515,299
1516,299
1517,299
1518,299
1519,299
1520,299
1521,299
1522,299
1523,299
1524,299
1525,299
1526,299
1527,299
1528,299
1529,299
1530,299
1531,299
1532,299
1533,299
1534,299
1535,299
1536,299
1537,299
1538,299
1539,299
1540,299
1541,299
1542,299
1543,299
1544,299
1545,299
1546,299
1547,299
1548,299
1549,299
1550,299
1551,299
1552,299
1553,299
1554,299
1555,299
1556,299
1557,299
1558,299
1559,299
1560,299
1561,299
1562,299
1563,299
1564,299
1565,299
1566,299
1567,299
1568,299
1569,299
1570,299
1571,299
1572,299
1573,299
1574,299
1575,299
1576,299
1577,299
1578,299
1579,299
1580,299
1581,299
1582,299
1583,299
1584,299
1585,299
1586,299
1587,299
1588,299
1589,299
1590,299
1591,299
1592,299
1593,299
1594,299
1595,299
1596,299
1597,299
1598,299
1599,299
1600,299
1601,299
1602,299
1603,299
1604,299
1605,299
1606,299
1607,299
1608,299
1609,299
1610,299
1611,299
1612,299
1613,299
1614,299
1615,299
1616,299
1617,299
1618,299
1619,299
1620,299
1621,299
1622,299
1623,299
1624,299
1625,299
1626,299
1627,299
1628,299
1629,299
1630,299
1631,299
1632,299
1633,299
1634,299
1635,299
1636,299
1637,299
1638,299
1639,299
1640,299
1641,299
1642,299
1643,299
1644,299
1645,299
1646,299
1647,299
1648,299
1649,299
1650,299
1651,299
1652,299
1653,299
1654,299
1655,299
1656,299
1657,299
1658,299
1659,299
1660,298
1661,298
1662,298
1663,298
1664,298
1665,297
1666,297
1667,295
1668,294
1669,293
1670,292
1671,292
1672,292
1673,292
1674,292
1675,291
1676,290
1677,289
1678,288
1679,287
1680,286
1681,285
1682,285
1683,283
1684,282
1685,279
1686,278
1687,277
1688,276
1689,274
1690,272
1691,271
1692,269
1693,267
1694,264
1695,262
1696,260
1697,259
1698,258
1699,257
1700,256
1701,254
1702,252
1703,251
1704,250
1705,249
1706,247
1707,247
1708,247
1709,247
1710,247
1711,247
1712,247
1713,247
1714,247
1715,247
1716,247
1717,247
1718,247
1719,247
1720,247
1721,247
1722,247
1723,247
1724,247
1725,247
1726,247
1727,247
1728,247
1729,247
1730,247
1731,247
1732,247
1733,247
1734,247
1735,247
1736,247
1737,247
1738,247
1739,247
1740,247
1741,247
1742,247
1743,247
1744,247
1745,247
1746,247
1747,247
1748,247
1749,247
1750,247
1751,247
1752,247
1753,247
1754,247
1755,247
1756,247
1757,247
1758,247
1759,247
1760,247
1761,247
1762,247
1763,247
1764,247
1765,247
1766,247
1767,247
1768,247
1769,247
1770,247
1771,247
1772,247
1773,247
1774,247
1775,247
1776,247
1777,247
1778,247
1779,247
1780,247
1781,247
1782,247
1783,247
1784,247
1785,247
1786,247
1787,247
1788,247
1789,247
1790,247
1791,247
1792,247
1793,247
1794,247
1795,247
1796,247
1797,247
1798,247
1799,247
1800,247
1801,247
1802,247
1803,247
1804,247
1805,247
1806,247
1807,247
1808,247
1809,247
1810,247
1811,247
1812,247
1813,247
1814,247
1815,247
1816,247
1817,246
1818,246
1819,246
1820,246
1821,246
1822,246
1823,246
1824,246
1825,246
1826,246
1827,246
1828,246
1829,246
1830,246
1831,246
1832,246
1833,246
1834,246
1835,246
1836,246
1837,246
1838,246
1839,246
1840,246
1841,246
1842,246
1843,246
1844,246
1845,246
1846,246
1847,246
1848,246
1849,246
1850,246
1851,246
1852,246
1853,246
1854,246
1855,246
1856,246
1857,246
1858,246
1859,246
1860,246
1861,246
1862,246
1863,246
1864,246
1865,246
1866,246
1867,246
1868,246
1869,246
1870,246
1871,246
1872,246
1873,246
1874,246
1875,246
1876,246
1877,246
1878,246
1879,246
1880,246
1881,246
1882,246
1883,246
1884,246
1885,246
1886,246
1887,246
1888,246
1889,246
1890,246
1891,246
1892,246
1893,246
1894,246
1895,246
1896,246
1897,246
1898,246
1899,246
1900,246
1901,246
1902,246
1903,246
1904,246
1905,246
1906,246
1907,246
1908,246
1909,246
1910,246
1911,246
1912,246
1913,246
1914,246
1915,246
1916,246
1917,246
1918,246
1919,246
1920,246
1921,246
1922,246
1923,246
1924,246
1925,246
1926,246
1927,246
1928,246
1929,246
1930,246
1931,246
1932,246
1933,246
1934,246
1935,246
1936,246
1937,246
1938,246
1939,246
1940,246
1941,246
1942,246
1943,246
1944,246
1945,246
1946,246
1947,246
1948,246
1949,246
1950,246
1951,246
1952,246
1953,246
1954,246
1955,246
1956,246
1957,246
1958,246
1959,246
1960,246
1961,246
1962,246
1963,246
1964,246
1965,246
1966,246
1967,246
1968,246
1969,246
1970,246
1971,246
1972,246
1973,246
1974,246
1975,246
1976,246
1977,246
1978,246
1979,246
1980,246
1981,246
1982,246
1983,246
1984,246
1985,246
1986,246
1987,246
1988,246
1989,246
1990,246
1991,246
1992,246
1993,246
1994,246
1995,246
1996,246
1997,246
1998,246
1999,246
2000,246
2001,246
2002,246
2003,246
2004,246
2005,246
2006,246
2007,246
2008,246
2009,246
2010,246
2011,246
2012,246
2013,246
2014,246
2015,246
2016,246
2017,246
2018,246
2019,246
2020,246
2021,246
2022,246
2023,246
2024,246
2025,246
2026,246
2027,246
2028,246
2029,246
2030,246
2031,246
2032,246
2033,246
2034,246
2035,246
2036,246
2037,246
2038,246
2039,246
2040,246
2041,246
2042,246
2043,246
2044,246
2045,246
2046,246
2047,246
2048,246
2049,246
2050,246
2051,246
2052,246
2053,246
2054,246
2055,246
2056,246
2057,246
2058,246
2059,246
2060,246
2061,246
2062,246
2063,246
2064,246
2065,246
2066,246
2067,246
2068,246
2069,246
2070,246
2071,246
2072,246
2073,246
2074,246
2075,246
2076,246
2077,246
2078,246
2079,246
2080,246
2081,246
2082,246
2083,246
2084,246
2085,246
2086,246
2087,246
2088,246
2089,246
2090,246
2091,246
2092,246
2093,246
2094,246
2095,246
2096,246
2097,246
2098,246
2099,246
2100,246
2101,246
2102,246
2103,246
2104,246
2105,246
2106,246
2107,246
2108,246
2109,246
2110,246
2111,246
2112,246
2113,246
2114,246
2115,246
2116,246
2117,246
2118,246
2119,246
2120,246
2121,246
2122,246
2123,246
2124,246
2125,246
2126,246
2127,246
2128,246
2129,246
2130,246
2131,246
2132,246
2133,246
2134,246
2135,246
2136,246
2137,246
2138,246
2139,246
2140,246
2141,246
2142,246
2143,246
2144,246
2145,246
2146,246
2147,246
2148,246
2149,246
2150,246
2151,246
2152,246
2153,246
2154,246
2155,246
2156,246
2157,246
2158,246
2159,246
2160,246
2161,246
2162,246
2163,246
2164,246
2165,246
2166,246
2167,246
2168,246
2169,246
2170,246
2171,246
2172,246
2173,246
2174,246
2175,246
2176,246
2177,246
2178,246
2179,246
2180,246
2181,246
2182,246
2183,246
2184,246
2185,246
2186,246
2187,246
2188,246
2189,246
2190,246
2191,246
2192,246
2193,246
2194,246
2195,246
2196,246
2197,246
2198,246
2199,246
2200,246
2201,246
2202,246
2203,246
2204,246
2205,246
2206,246
2207,246
2208,246
2209,246
2210,246
2211,246
2212,246
2213,246
2214,246
2215,246
2216,246
2217,246
2218,246
2219,246
2220,246
2221,246
2222,246
2223,246
2224,246
2225,246
2226,246
2227,246
2228,246
2229,246
2230,246
2231,246
2232,246
2233,246
2234,246
2235,246
2236,246
2237,246
2238,245
2239,245
2240,245
2241,245
2242,245
2243,245
2244,245
2245,245
2246,245
2247,245
2248,245
2249,245
2250,245
2251,245
2252,245
2253,245
2254,245
2255,245
2256,245
2257,245
2258,245
2259,245
2260,245
2261,245
2262,245
2263,245
2264,245
2265,245
2266,245
2267,245
2268,245
2269,245
2270,245
2271,245
2272,245
2273,245
2274,245
2275,245
2276,245
2277,245
2278,245
2279,245
2280,245
2281,245
2282,245
2283,245
2284,245
2285,245
2286,245
2287,245
2288,245
2289,245
2290,245
2291,245
2292,245
2293,245
2294,245
2295,245
2296,245
2297,245
2298,245
2299,245
2300,245
2301,245
2302,245
2303,245
2304,245
2305,245
2306,245
2307,245
2308,245
2309,245
2310,245
2311,245
2312,245
2313,245
2314,245
2315,245
2316,245
2317,245
2318,245
2319,245
2320,245
2321,245
2322,245
2323,245
2324,245
2325,245
2326,245
2327,245
2328,245
2329,245
2330,245
2331,245
2332,245
2333,245
2334,245
2335,245
2336,245
2337,245
2338,245
2339,245
2340,245
2341,245
2342,245
2343,245
2344,245
2345,245
2346,245
2347,245
2348,245
2349,245
2350,245
2351,245
2352,245
2353,245
2354,245
2355,245
2356,245
2357,245
2358,245
2359,245
2360,245
2361,245
2362,245
2363,245
2364,245
2365,245
2366,245
2367,245
2368,245
2369,245
2370,245
2371,245
2372,245
2373,245
2374,245
2375,245
2376,245
2377,245
2378,245
2379,245
2380,245
2381,245
2382,245
2383,245
2384,245
2385,245
2386,245
2387,245
2388,245
2389,245
2390,245
2391,245
2392,245
2393,245
2394,245
2395,245
2396,245
2397,245
2398,245
2399,245
2400,245
2401,245
2402,245
2403,245
2404,245
2405,245
2406,245
2407,245
2408,245
2409,245
2410,245
2411,245
2412,245
2413,245
2414,245
2415,245
2416,245
2417,245
2418,245
2419,245
2420,244
2421,244
2422,244
2423,244
2424,244
2425,244
2426,244
2427,244
2428,244
2429,244
2430,244
2431,244
2432,244
2433,244
2434,244
2435,244
2436,244
2437,244
2438,244
2439,244
2440,244
2441,244
2442,244
2443,244
2444,244
2445,244
2446,244
2447,244
2448,244
2449,244
2450,244
2451,244
2452,244
2453,244
2454,244
2455,244
2456,244
2457,244
2458,244
2459,244
2460,244
2461,244
2462,244
2463,244
2464,244
2465,244
2466,244
2467,244
2468,244
2469,243
2470,243
2471,243
2472,243
2473,243
2474,243
2475,243
2476,243
2477,243
2478,243
2479,243
2480,243
2481,243
2482,243
2483,243
2484,243
2485,243
2486,243
2487,243
2488,243
2489,243
2490,243
2491,243
2492,243
2493,243
2494,243
2495,243
2496,243
2497,243
2498,243
2499,243
2500,243
2501,243
2502,243
2503,243
2504,243
2505,243
2506,243
2507,243
2508,243
2509,243
2510,243
2511,243
2512,243
2513,243
2514,243
2515,243
2516,242
2517,242
2518,242
2519,241
2520,241
2521,241
2522,241
2523,241
2524,241
2525,241
2526,241
2527,241
2528,241
2529,241
2530,241
2531,241
2532,241
2533,241
2534,241
2535,241
2536,241
2537,241
2538,241
2539,241
2540,241
2541,241
2542,240
2543,240
2544,240
2545,240
2546,240
2547,240
2548,240
2549,240
2550,240
2551,240
2552,239
2553,238
2554,237
2555,237
2556,237
2557,237
2558,237
2559,237
2560,236
2561,235
2562,235
2563,235
2564,234
2565,233
2566,233
2567,233
2568,233
2569,233
2570,233
2571,232
2572,231
2573,231
2574,230
2575,229
2576,228
2577,228
2578,226
2579,225
2580,224
2581,223
2582,223
2583,223
2584,222
2585,220
2586,218
2587,217
2588,216
2589,215
2590,212
2591,210
2592,209
2593,208
2594,207
2595,206
2596,205
2597,203
2598,200
2599,198
2600,197
2601,193
2602,191
2603,188
2604,187
2605,185
2606,184
2607,183
2608,182
2609,181
2610,181
2611,181
2612,181
2613,181
2614,181
2615,181
2616,181
2617,181
2618,181
2619,181
2620,181
2621,181
2622,181
2623,181
2624,181
2625,181
2626,181
2627,181
2628,181
2629,181
2630,181
2631,181
2632,181
2633,181
2634,181
2635,181
2636,181
2637,181
2638,181
2639,181
2640,181
2641,181
2642,181
2643,180
2644,180
2645,180
2646,180
2647,180
2648,180
2649,180
2650,180
2651,180
2652,180
2653,180
2654,180
2655,180
2656,180
2657,180
2658,180
2659,180
2660,180
2661,180
2662,180
2663,180
2664,180
2665,180
2666,180
2667,180
2668,180
2669,180
2670,180
2671,180
2672,180
2673,180
2674,180
2675,180
2676,180
2677,180
2678,180
2679,180
2680,180
2681,180
2682,180
2683,180
2684,180
2685,180
2686,180
2687,180
2688,180
2689,180
2690,180
2691,180
2692,180
2693,180
2694,180
2695,180
2696,180
2697,180
2698,180
2699,180
2700,180
2701,180
2702,180
2703,180
2704,180
2705,180
2706,180
2707,180
2708,180
2709,180
2710,180
2711,180
2712,180
2713,180
2714,180
2715,180
2716,180
2717,180
2718,180
2719,180
2720,180
2721,180
2722,180
2723,180
2724,180
2725,180
2726,180
2727,180
2728,180
2729,180
2730,180
2731,180
2732,180
2733,180
2734,180
2735,180
2736,180
2737,180
2738,180
2739,180
2740,180
2741,180
2742,180
2743,180
2744,180
2745,180
2746,180
2747,180
2748,180
2749,180
2750,180
2751,180
2752,180
2753,180
2754,180
2755,180
2756,180
2757,180
2758,180
2759,180
2760,180
2761,180
2762,180
2763,180
2764,180
2765,180
2766,180
2767,180
2768,180
2769,180
2770,180
2771,180
2772,180
2773,180
2774,180
2775,180
2776,180
2777,180
2778,180
2779,180
2780,180
2781,180
2782,180
2783,180
2784,180
2785,180
2786,180
2787,180
2788,180
2789,180
2790,180
2791,180
2792,180
2793,180
2794,180
2795,180
2796,180
2797,180
2798,180
2799,180
2800,180
2801,180
2802,180
2803,180
2804,180
2805,180
2806,180
2807,180
2808,180
2809,180
2810,180
2811,180
2812,180
2813,180
2814,180
2815,180
2816,180
2817,180
2818,180
2819,180
2820,180
2821,180
2822,180
2823,180
2824,180
2825,180
2826,180
2827,180
2828,180
2829,180
2830,180
2831,180
2832,180
2833,179
2834,179
2835,179
2836,179
2837,179
2838,179
2839,179
2840,179
2841,179
2842,179
2843,179
2844,179
2845,179
2846,179
2847,179
2848,179
2849,179
2850,179
2851,179
2852,179
2853,179
2854,179
2855,179
2856,178
2857,178
2858,178
2859,178
2860,178
2861,178
2862,178
2863,178
2864,178
2865,178
2866,178
2867,178
2868,178
2869,178
2870,178
2871,178
2872,178
2873,178
2874,178
2875,178
2876,178
2877,178
2878,178
2879,178
2880,178
2881,178
2882,178
2883,178
2884,178
2885,178
2886,177
2887,177
2888,177
2889,177
2890,177
2891,177
2892,177
2893,177
2894,177
2895,177
2896,177
2897,177
2898,177
2899,177
2900,177
2901,177
2902,177
2903,177
2904,177
2905,177
2906,177
2907,177
2908,177
2909,177
2910,177
2911,177
2912,177
2913,177
2914,177
2915,177
2916,177
2917,177
2918,177
2919,177
2920,177
2921,177
2922,177
2923,177
2924,177
2925,177
2926,177
2927,177
2928,177
2929,177
2930,177
2931,177
2932,177
2933,177
2934,177
2935,177
2936,177
2937,177
2938,177
2939,177
2940,177
2941,177
2942,177
2943,177
2944,177
2945,177
2946,177
2947,177
2948,177
2949,177
2950,177
2951,177
2952,177
2953,177
2954,177
2955,177
2956,177
2957,177
2958,177
2959,177
2960,177
2961,177
2962,177
2963,177
2964,177
2965,177
2966,177
2967,177
2968,177
2969,177
2970,177
2971,177
2972,177
2973,177
2974,177
2975,177
2976,177
2977,177
2978,177
2979,177
2980,177
2981,177
2982,177
2983,177
2984,177
2985,177
2986,177
2987,177
2988,177
2989,177
2990,177
2991,177
2992,177
2993,177
2994,177
2995,177
2996,177
2997,177
2998,177
2999,177
3000,177
3001,177
3002,177
3003,177
3004,177
3005,177
3006,177
3007,177
3008,177
3009,177
3010,177
3011,177
3012,177
3013,177
3014,177
3015,177
3016,177
3017,177
3018,177
3019,177
3020,177
3021,177
3022,177
3023,177
3024,177
3025,177
3026,177
3027,177
3028,177
3029,177
3030,177
3031,177
3032,177
3033,177
3034,177
3035,177
3036,177
3037,177
3038,177
3039,177
3040,177
3041,177
3042,177
3043,177
3044,177
3045,177
3046,177
3047,177
3048,177
3049,177
3050,177
3051,177
3052,177
3053,177
3054,177
3055,177
3056,177
3057,177
3058,177
3059,177
3060,177
3061,177
3062,177
3063,177
3064,177
3065,177
3066,177
3067,177
3068,177
3069,177
3070,177
3071,177
3072,177
3073,177
3074,177
3075,177
3076,177
3077,177
3078,177
3079,177
3080,177
3081,177
3082,177
3083,177
3084,177
3085,177
3086,177
3087,177
3088,177
3089,177
3090,177
3091,177
3092,177
3093,177
3094,177
3095,177
3096,177
3097,177
3098,177
3099,177
3100,177
3101,177
3102,177
3103,176
3104,176
3105,176
3106,176
3107,176
3108,176
3109,176
3110,176
3111,176
3112,176
3113,176
3114,176
3115,176
3116,176
3117,176
3118,176
3119,176
3120,176
3121,176
3122,176
3123,176
3124,176
3125,176
3126,176
3127,176
3128,176
3129,176
3130,176
3131,176
3132,176
3133,176
3134,176
3135,176
3136,176
3137,176
3138,176
3139,176
3140,176
3141,176
3142,176
3143,176
3144,176
3145,176
3146,176
3147,176
3148,176
3149,176
3150,176
3151,176
3152,176
3153,176
3154,176
3155,176
3156,176
3157,176
3158,176
3159,176
3160,176
3161,176
3162,176
3163,176
3164,176
3165,176
3166,176
3167,176
3168,176
3169,176
3170,176
3171,176
3172,176
3173,176
3174,176
3175,176
3176,176
3177,176
3178,176
3179,176
3180,176
3181,176
3182,176
3183,176
3184,176
3185,176
3186,176
3187,176
3188,176
3189,176
3190,176
3191,176
3192,176
3193,176
3194,176
3195,176
3196,176
3197,176
3198,176
3199,176
3200,176
3201,176
3202,176
3203,176
3204,176
3205,176
3206,176
3207,176
3208,176
3209,176
3210,176
3211,176
3212,176
3213,176
3214,176
3215,176
3216,176
3217,176
3218,176
3219,176
3220,176
3221,176
3222,176
3223,176
3224,176
3225,176
3226,176
3227,176
3228,176
3229,176
3230,176
3231,176
3232,176
3233,176
3234,176
3235,176
3236,176
3237,176
3238,176
3239,176
3240,176
3241,176
3242,176
3243,176
3244,176
3245,176
3246,176
3247,176
3248,176
3249,176
3250,176
3251,176
3252,176
3253,176
3254,176
3255,176
3256,176
3257,176
3258,176
3259,176
3260,176
3261,176
3262,176
3263,176
3264,176
3265,176
3266,176
3267,176
3268,176
3269,176
3270,176
3271,176
3272,176
3273,176
3274,176
3275,176
3276,176
3277,176
3278,176
3279,176
3280,176
3281,176
3282,176
3283,175
3284,175
3285,175
3286,175
3287,175
3288,175
3289,175
3290,175
3291,175
3292,175
3293,175
3294,175
3295,175
3296,175
3297,175
3298,175
3299,175
3300,175
3301,175
3302,175
3303,175
3304,175
3305,175
3306,175
3307,175
3308,175
3309,175
3310,175
3311,175
3312,175
3313,175
3314,175
3315,175
3316,175
3317,175
3318,175
3319,175
3320,175
3321,175
3322,175
3323,175
3324,175
3325,175
3326,175
3327,175
3328,175
3329,175
3330,175
3331,175
3332,175
3333,175
3334,175
3335,175
3336,175
3337,175
3338,175
3339,175
3340,175
3341,175
3342,174
3343,174
3344,174
3345,174
3346,174
3347,174
3348,173
3349,173
3350,173
3351,173
3352,173
3353,173
3354,173
3355,173
3356,173
3357,173
3358,173
3359,173
3360,173
3361,173
3362,173
3363,173
3364,173
3365,173
3366,173
3367,173
3368,173
3369,173
3370,173
3371,173
3372,173
3373,173
3374,173
3375,173
3376,173
3377,173
3378,173
3379,173
3380,173
3381,173
3382,173
3383,173
3384,173
3385,173
3386,173
3387,173
3388,173
3389,173
3390,173
3391,173
3392,173
3393,173
3394,173
3395,173
3396,173
3397,173
3398,173
3399,173
3400,173
3401,173
3402,173
3403,173
3404,173
3405,173
3406,173
3407,173
3408,173
3409,173
3410,173
3411,173
3412,173
3413,173
3414,173
3415,173
3416,173
3417,173
3418,173
3419,173
3420,173
3421,173
3422,173
3423,173
3424,173
3425,173
3426,173
3427,173
3428,173
3429,173
3430,173
3431,173
3432,173
3433,173
3434,173
3435,173
3436,173
3437,173
3438,173
3439,173
3440,173
3441,173
3442,173
3443,173
3444,173
3445,173
3446,173
3447,173
3448,173
3449,173
3450,173
3451,173
3452,173
3453,173
3454,173
3455,173
3456,173
3457,173
3458,173
3459,173
3460,173
3461,173
3462,173
3463,173
3464,173
3465,173
3466,173
3467,173
3468,173
3469,173
3470,173
3471,173
3472,173
3473,173
3474,173
3475,173
3476,173
3477,173
3478,173
3479,173
3480,173
3481,173
3482,172
3483,172
3484,172
3485,172
3486,172
3487,172
3488,172
3489,172
3490,172
3491,172
3492,172
3493,172
3494,172
3495,172
3496,172
3497,172
3498,172
3499,172
3500,172
3501,172
3502,172
3503,172
3504,172
3505,172
3506,172
3507,172
3508,172
3509,172
3510,172
3511,172
3512,172
3513,172
3514,172
3515,172
3516,172
3517,172
3518,172
3519,172
3520,172
3521,172
3522,172
3523,172
3524,172
3525,172
3526,172
3527,172
3528,172
3529,172
3530,172
3531,172
3532,172
3533,172
3534,172
3535,172
3536,172
3537,172
3538,172
3539,172
3540,172
3541,172
3542,172
3543,172
3544,172
3545,172
3546,172
3547,172
3548,172
3549,172
3550,172
3551,172
3552,172
3553,172
3554,172
3555,172
3556,172
3557,172
3558,172
3559,172
3560,172
3561,172
3562,172
3563,172
3564,172
3565,172
3566,172
3567,172
3568,172
3569,172
3570,172
3571,172
3572,172
3573,172
3574,172
3575,172
3576,172
3577,172
3578,172
3579,172
3580,172
3581,172
3582,172
3583,172
3584,172
3585,172
3586,172
3587,172
3588,172
3589,172
3590,172
3591,172
3592,172
3593,172
3594,172
3595,172
3596,172
3597,172
3598,172
3599,172
3600,172
3601,172
3602,172
3603,172
3604,172
3605,172
3606,172
3607,172
3608,172
3609,172
3610,172
3611,172
3612,172
3613,172
3614,172
3615,172
3616,172
3617,172
3618,172
3619,172
3620,172
3621,172
3622,172
3623,172
3624,172
3625,172
3626,172
3627,172
3628,172
3629,172
3630,172
3631,172
3632,172
3633,172
3634,172
3635,172
3636,172
3637,172
3638,172
3639,172
3640,172
3641,172
3642,172
3643,172
3644,172
3645,172
3646,172
3647,172
3648,172
3649,172
3650,172
3651,172
3652,172
3653,172
3654,172
3655,172
3656,172
3657,172
3658,172
3659,172
3660,172
3661,172
3662,172
3663,171
3664,171
3665,171
3666,171
3667,171
3668,171
3669,171
3670,171
3671,171
3672,171
3673,171
3674,171
3675,171
3676,171
3677,171
3678,171
3679,171
3680,171
3681,171
3682,171
3683,171
3684,171
3685,171
3686,171
3687,171
3688,171
3689,171
3690,171
3691,171
3692,171
3693,171
3694,171
3695,171
3696,171
3697,171
3698,171
3699,171
3700,171
3701,171
3702,171
3703,171
3704,171
3705,171
3706,171
3707,171
3708,171
3709,171
3710,171
3711,171
3712,171
3713,171
3714,171
3715,171
3716,171
3717,171
3718,171
3719,171
3720,171
3721,171
3722,171
3723,171
3724,171
3725,171
3726,170
3727,170
3728,170
3729,170
3730,170
3731,170
3732,170
3733,170
3734,170
3735,170
3736,170
3737,170
3738,170
3739,170
3740,170
3741,170
3742,170
3743,170
3744,170
3745,170
3746,170
3747,170
3748,170
3749,170
3750,170
3751,170
3752,170
3753,170
3754,170
3755,170
3756,170
3757,170
3758,170
3759,170
3760,170
3761,170
3762,170
3763,169
3764,169
3765,169
3766,169
3767,169
3768,169
3769,168
3770,168
3771,168
3772,168
3773,168
3774,168
3775,168
3776,168
3777,168
3778,168
3779,168
3780,168
3781,168
3782,168
3783,168
3784,168
3785,168
3786,168
3787,168
3788,168
3789,168
3790,168
3791,168
3792,168
3793,168
3794,168
3795,168
3796,168
3797,168
3798,168
3799,168
3800,168
3801,168
3802,168
3803,167
3804,167
3805,166
3806,166
3807,166
3808,166
3809,166
3810,166
3811,166
3812,165
3813,165
3814,165
3815,165
3816,165
3817,165
3818,164
3819,163
3820,163
3821,162
3822,160
3823,160
3824,160
3825,158
3826,158
3827,157
3828,156
3829,155
3830,154
3831,152
3832,151
3833,149
3834,148
3835,146
3836,143
3837,142
3838,139
3839,135
3840,134
3841,132
3842,130
3843,128
3844,123
3845,122
3846,121
3847,120
3848,117
3849,114
3850,112
3851,110
3852,109
3853,108
3854,108
3855,108
3856,108
3857,108
3858,108
3859,107
3860,107
3861,107
3862,107
3863,107
3864,107
3865,107
3866,107
3867,107
3868,107
3869,107
3870,107
3871,107
3872,107
3873,107
3874,107
3875,107
3876,107
3877,107
3878,107
3879,107
3880,107
3881,107
3882,106
3883,106
3884,105
3885,105
3886,105
3887,105
3888,105
3889,105
3890,105
3891,105
3892,105
3893,105
3894,105
3895,105
3896,105
3897,105
3898,105
3899,105
3900,105
3901,105
3902,105
3903,105
3904,105
3905,105
3906,105
3907,105
3908,105
3909,105
3910,105
3911,104
3912,104
3913,104
3914,104
3915,104
3916,104
3917,104
3918,104
3919,104
3920,104
3921,104
3922,104
3923,104
3924,104
3925,104
3926,104
3927,104
3928,104
3929,104
3930,104
3931,104
3932,104
3933,104
3934,104
3935,104
3936,104
3937,104
3938,104
3939,104
3940,104
3941,104
3942,104
3943,104
3944,104
3945,104
3946,104
3947,104
3948,104
3949,104
3950,104
3951,104
3952,104
3953,104
3954,104
3955,104
3956,103
3957,103
3958,103
3959,103
3960,103
3961,103
3962,103
3963,103
3964,103
3965,102
3966,102
3967,102
3968,102
3969,102
3970,102
3971,102
3972,101
3973,101
3974,101
3975,101
3976,101
3977,101
3978,101
3979,101
3980,101
3981,101
3982,101
3983,101
3984,101
3985,101
3986,101
3987,101
3988,101
3989,101
3990,101
3991,101
3992,101
3993,101
3994,101
3995,101
3996,101
3997,101
3998,101
3999,101
4000,101
4001,101
4002,101
4003,101
4004,101
4005,101
4006,101
4007,101
4008,101
4009,101
4010,101
4011,99
4012,99
4013,98
4014,98
4015,98
4016,98
4017,98
4018,98
4019,98
4020,98
4021,98
4022,98
4023,98
4024,98
4025,98
4026,98
4027,98
4028,98
4029,98
4030,98
4031,98
4032,98
4033,98
4034,98
4035,98
4036,98
4037,97
4038,97
4039,97
4040,97
4041,95
4042,95
4043,95
4044,95
4045,95
4046,93
4047,93
4048,93
4049,90
4050,86
4051,81
4052,79
4053,77
4054,74
4055,72
4056,71
4057,70
4058,65
4059,63
4060,62
4061,59
4062,57
4063,56
4064,56
4065,55
4066,54
4067,53
4068,53
4069,53
4070,52
4071,51
4072,50
4073,49
4074,49
4075,48
4076,47
4077,46
4078,45
4079,44
4080,43
4081,42
4082,41
4083,40
4084,40
4085,40
4086,40
4087,40
4088,40
4089,40
4090,40
4091,40
4092,40
4093,40
4094,40
4095,40
4096,40
4097,40
4098,40
4099,40
4100,40
4101,40
4102,40
4103,40
4104,40
4105,40
4106,40
4107,40
4108,40
4109,40
4110,40
4111,40
4112,40
4113,40
4114,40
4115,40
4116,40
4117,40
4118,40
4119,40
4120,40
4121,40
4122,40
4123,40
4124,40
4125,40
4126,40
4127,40
4128,40
4129,40
4130,40
4131,40
4132,40
4133,39
4134,38
4135,38
4136,38
4137,38
4138,38
4139,38
4140,38
4141,38
4142,38
4143,38
4144,38
4145,38
4146,38
4147,38
4148,38
4149,38
4150,38
4151,38
4152,38
4153,38
4154,38
4155,38
4156,38
4157,38
4158,38
4159,38
4160,38
4161,38
4162,38
4163,38
4164,38
4165,38
4166,38
4167,38
4168,38
4169,38
4170,38
4171,38
4172,38
4173,38
4174,38
4175,38
4176,38
4177,38
4178,38
4179,38
4180,38
4181,38
4182,38
4183,38
4184,38
4185,38
4186,38
4187,38
4188,38
4189,38
4190,38
4191,38
4192,38
4193,38
4194,38
4195,38
4196,38
4197,38
4198,38
4199,38
4200,38
4201,38
4202,38
4203,38
4204,38
4205,38
4206,38
4207,38
4208,38
4209,38
4210,38
4211,38
4212,38
4213,38
4214,38
4215,38
4216,38
4217,38
4218,38
4219,38
4220,38
4221,38
4222,38
4223,38
4224,38
4225,38
4226,38
4227,38
4228,38
4229,38
4230,38
4231,38
4232,38
4233,38
4234,38
4235,38
4236,38
4237,38
4238,38
4239,38
4240,38
4241,38
4242,38
4243,38
4244,38
4245,38
4246,38
4247,38
4248,38
4249,38
4250,38
4251,38
4252,38
4253,38
4254,38
4255,38
4256,38
4257,38
4258,38
4259,38
4260,37
4261,37
4262,37
4263,37
4264,37
4265,37
4266,37
4267,37
4268,37
4269,37
4270,37
4271,37
4272,37
4273,37
4274,37
4275,37
4276,37
4277,37
4278,37
4279,37
4280,37
4281,37
4282,37
4283,37
4284,37
4285,37
4286,37
4287,37
4288,37
4289,37
4290,37
4291,37
4292,37
4293,37
4294,37
4295,37
4296,37
4297,37
4298,37
4299,37
4300,37
4301,37
4302,37
4303,37
4304,37
4305,37
4306,37
4307,37
4308,37
4309,37
4310,37
4311,37
4312,37
4313,37
4314,37
4315,37
4316,37
4317,37
4318,37
4319,37
4320,37
4321,37
4322,37
4323,37
4324,37
4325,37
4326,37
4327,37
4328,37
4329,37
4330,37
4331,37
4332,37
4333,37
4334,37
4335,37
4336,37
4337,37
4338,37
4339,37
4340,37
4341,37
4342,37
4343,37
4344,37
4345,37
4346,37
4347,37
4348,37
4349,37
4350,37
4351,37
4352,37
4353,37
4354,37
4355,37
4356,37
4357,37
4358,37
4359,37
4360,37
4361,37
4362,37
4363,37
4364,37
4365,37
4366,37
4367,37
4368,37
4369,37
4370,37
4371,37
4372,37
4373,37
4374,37
4375,37
4376,37
4377,37
4378,37
4379,37
4380,37
4381,37
4382,37
4383,37
4384,37
4385,37
4386,37
4387,37
4388,37
4389,37
4390,37
4391,37
4392,37
4393,37
4394,37
4395,37
4396,37
4397,37
4398,37
4399,37
4400,37
4401,37
4402,37
4403,37
4404,37
4405,37
4406,37
4407,37
4408,37
4409,37
4410,37
4411,37
4412,37
4413,37
4414,37
4415,37
4416,37
4417,37
4418,37
4419,37
4420,37
4421,37
4422,37
4423,37
4424,37
4425,37
4426,37
4427,37
4428,37
4429,37
4430,37
4431,37
4432,37
4433,37
4434,37
4435,37
4436,37
4437,37
4438,37
4439,37
4440,37
4441,37
4442,37
4443,37
4444,37
4445,37
4446,37
4447,37
4448,37
4449,37
4450,37
4451,37
4452,37
4453,37
4454,37
4455,37
4456,37
4457,37
4458,36
4459,36
4460,36
4461,36
4462,36
4463,36
4464,36
4465,36
4466,36
4467,36
4468,36
4469,36
4470,36
4471,36
4472,36
4473,36
4474,36
4475,36
4476,36
4477,36
4478,36
4479,36
4480,36
4481,36
4482,36
4483,36
4484,36
4485,36
4486,36
4487,36
4488,36
4489,36
4490,36
4491,36
4492,36
4493,36
4494,36
4495,36
4496,36
4497,35
4498,35
4499,35
4500,35
4501,35
4502,35
4503,35
4504,35
4505,35
4506,35
4507,35
4508,35
4509,35
4510,35
4511,35
4512,35
4513,35
4514,35
4515,35
4516,35
4517,35
4518,35
4519,35
4520,35
4521,35
4522,35
4523,35
4524,35
4525,35
4526,35
4527,35
4528,35
4529,35
4530,35
4531,35
4532,35
4533,35
4534,35
4535,35
4536,35
4537,35
4538,35
4539,35
4540,35
4541,35
4542,35
4543,35
4544,35
4545,35
4546,35
4547,35
4548,35
4549,35
4550,35
4551,35
4552,35
4553,35
4554,35
4555,35
4556,35
4557,35
4558,35
4559,35
4560,35
4561,35
4562,35
4563,35
4564,35
4565,35
4566,35
4567,35
4568,35
4569,35
4570,35
4571,35
4572,35
4573,35
4574,35
4575,35
4576,35
4577,35
4578,35
4579,35
4580,35
4581,35
4582,35
4583,35
4584,35
4585,35
4586,35
4587,35
4588,35
4589,35
4590,35
4591,35
4592,35
4593,35
4594,35
4595,35
4596,35
4597,35
4598,35
4599,35
4600,35
4601,35
4602,35
4603,35
4604,35
4605,35
4606,35
4607,35
4608,35
4609,35
4610,35
4611,35
4612,35
4613,35
4614,35
4615,35
4616,35
4617,35
4618,35
4619,35
4620,35
4621,35
4622,35
4623,35
4624,35
4625,35
4626,35
4627,35
4628,35
4629,35
4630,35
4631,35
4632,35
4633,35
4634,35
4635,35
4636,35
4637,35
4638,35
4639,35
4640,35
4641,35
4642,35
4643,35
4644,35
4645,35
4646,35
4647,35
4648,35
4649,35
4650,35
4651,35
4652,35
4653,35
4654,35
4655,35
4656,35
4657,35
4658,35
4659,35
4660,35
4661,35
4662,35
4663,35
4664,35
4665,35
4666,35
4667,35
4668,35
4669,35
4670,35
4671,35
4672,35
4673,35
4674,35
4675,35
4676,35
4677,35
4678,35
4679,35
4680,35
4681,35
4682,35
4683,35
4684,35
4685,35
4686,35
4687,35
4688,35
4689,35
4690,35
4691,35
4692,35
4693,35
4694,34
4695,34
4696,34
4697,34
4698,34
4699,34
4700,34
4701,34
4702,34
4703,34
4704,34
4705,34
4706,34
4707,34
4708,34
4709,34
4710,34
4711,34
4712,34
4713,34
4714,34
4715,34
4716,34
4717,34
4718,34
4719,34
4720,34
4721,34
4722,34
4723,34
4724,34
4725,33
4726,33
4727,33
4728,33
4729,33
4730,33
4731,33
4732,33
4733,33
4734,33
4735,33
4736,33
4737,33
4738,33
4739,33
4740,33
4741,33
4742,33
4743,33
4744,33
4745,33
4746,33
4747,33
4748,33
4749,33
4750,33
4751,33
4752,33
4753,33
4754,33
4755,33
4756,33
4757,33
4758,33
4759,33
4760,33
4761,33
4762,33
4763,33
4764,33
4765,33
4766,33
4767,33
4768,33
4769,33
4770,32
4771,32
4772,32
4773,32
4774,32
4775,32
4776,32
4777,32
4778,31
4779,31
4780,31
4781,31
4782,31
4783,31
4784,31
4785,31
4786,31
4787,31
4788,31
4789,31
4790,31
4791,31
4792,31
4793,31
4794,31
4795,31
4796,31
4797,31
4798,31
4799,31
4800,31
4801,31
4802,31
4803,31
4804,31
4805,31
4806,31
4807,31
4808,31
4809,31
4810,31
4811,31
4812,31
4813,31
4814,31
4815,31
4816,31
4817,31
4818,31
4819,31
4820,31
4821,31
4822,31
4823,31
4824,31
4825,31
4826,31
4827,31
4828,31
4829,31
4830,31
4831,31
4832,31
4833,31
4834,31
4835,31
4836,31
4837,31
4838,31
4839,31
4840,31
4841,31
4842,31
4843,31
4844,31
4845,31
4846,31
4847,31
4848,31
4849,31
4850,31
4851,31
4852,31
4853,31
4854,31
4855,31
4856,31
4857,31
4858,31
4859,31
4860,31
4861,31
4862,31
4863,31
4864,31
4865,31
4866,31
4867,31
4868,31
4869,31
4870,31
4871,31
4872,31
4873,31
4874,31
4875,31
4876,31
4877,31
4878,31
4879,31
4880,31
4881,31
4882,31
4883,31
4884,31
4885,31
4886,31
4887,31
4888,31
4889,31
4890,31
4891,31
4892,31
4893,31
4894,31
4895,31
4896,31
4897,31
4898,31
4899,31
4900,31
4901,31
4902,31
4903,31
4904,31
4905,31
4906,31
4907,31
4908,31
4909,31
4910,31
4911,31
4912,31
4913,31
4914,31
4915,31
4916,31
4917,31
4918,31
4919,31
4920,31
4921,31
4922,31
4923,31
4924,31
4925,31
4926,31
4927,31
4928,31
4929,31
4930,31
4931,31
4932,31
4933,31
4934,31
4935,31
4936,31
4937,31
4938,31
4939,31
4940,31
4941,31
4942,30
4943,30
4944,30
4945,30
4946,30
4947,30
4948,29
4949,29
4950,29
4951,29
4952,29
4953,29
4954,29
4955,29
4956,28
4957,26
4958,26
4959,26
4960,24
4961,24
4962,24
4963,24
4964,24
4965,24
4966,24
4967,24
4968,23
4969,22
4970,21
4971,21
4972,21
4973,21
4974,21
4975,21
4976,21
4977,21
4978,21
4979,20
4980,20
4981,20
4982,20
4983,20
4984,19
4985,19
4986,19
4987,19
4988,19
4989,19
4990,19
4991,19
4992,19
4993,19
4994,18
4995,18
4996,18
4997,18
4998,18
4999,18
5000,17
5001,16
5002,15
5003,14
5004,14
5005,13
5006,12
5007,11
5008,10
5009,9
5010,8
5011,7
5012,6
5013,5
5014,4
5015,3
5016,2
5017,1
