,pso
0,301
1,301
2,301
3,301
4,301
5,301
6,301
7,301
8,301
9,301
10,301
11,301
12,301
13,301
14,301
15,301
16,301
17,301
18,301
19,301
20,301
21,301
22,301
23,301
24,301
25,301
26,301
27,301
28,301
29,301
30,301
31,301
32,301
33,301
34,301
35,301
36,301
37,301
38,301
39,301
40,301
41,301
42,301
43,301
44,301
45,301
46,301
47,301
48,301
49,301
50,301
51,301
52,301
53,301
54,301
55,301
56,301
57,301
58,301
59,301
60,301
61,301
62,301
63,301
64,301
65,301
66,301
67,301
68,301
69,301
70,301
71,301
72,301
73,301
74,301
75,301
76,301
77,301
78,301
79,301
80,301
81,301
82,301
83,301
84,301
85,301
86,301
87,301
88,301
89,301
90,301
91,301
92,301
93,301
94,301
95,301
96,301
97,301
98,301
99,301
100,301
101,301
102,301
103,301
104,301
105,301
106,301
107,301
108,301
109,301
110,301
111,301
112,301
113,301
114,301
115,301
116,301
117,301
118,301
119,301
120,301
121,301
122,301
123,301
124,301
125,301
126,301
127,301
128,301
129,301
130,301
131,301
132,301
133,301
134,301
135,301
136,301
137,301
138,301
139,301
140,301
141,301
142,301
143,301
144,301
145,301
146,301
147,301
148,301
149,301
150,301
151,301
152,301
153,301
154,301
155,301
156,301
157,301
158,301
159,301
160,301
161,301
162,301
163,301
164,301
165,301
166,301
167,301
168,301
169,301
170,301
171,301
172,301
173,301
174,301
175,301
176,301
177,301
178,301
179,301
180,301
181,301
182,301
183,301
184,301
185,301
186,301
187,301
188,301
189,301
190,301
191,301
192,301
193,301
194,301
195,301
196,301
197,301
198,301
199,301
200,301
201,301
202,301
203,301
204,301
205,301
206,301
207,301
208,301
209,301
210,301
211,301
212,301
213,301
214,301
215,301
216,301
217,301
218,301
219,301
220,301
221,301
222,301
223,301
224,301
225,301
226,301
227,301
228,301
229,301
230,301
231,301
232,301
233,301
234,301
235,301
236,301
237,301
238,301
239,301
240,301
241,301
242,301
243,301
244,301
245,301
246,301
247,301
248,301
249,301
250,301
251,301
252,301
253,301
254,301
255,301
256,301
257,301
258,301
259,301
260,301
261,301
262,301
263,301
264,301
265,301
266,301
267,301
268,301
269,301
270,301
271,301
272,301
273,301
274,301
275,301
276,301
277,301
278,301
279,301
280,301
281,301
282,301
283,301
284,301
285,301
286,301
287,301
288,301
289,301
290,301
291,301
292,301
293,301
294,301
295,301
296,301
297,301
298,301
299,301
300,301
301,301
302,301
303,301
304,301
305,301
306,301
307,301
308,301
309,301
310,301
311,301
312,301
313,301
314,301
315,301
316,301
317,301
318,301
319,301
320,301
321,301
322,301
323,301
324,301
325,301
326,301
327,301
328,301
329,301
330,301
331,301
332,301
333,301
334,301
335,301
336,301
337,301
338,301
339,301
340,301
341,301
342,301
343,301
344,301
345,301
346,301
347,301
348,301
349,301
350,301
351,301
352,301
353,301
354,301
355,301
356,301
357,301
358,301
359,301
360,301
361,301
362,301
363,301
364,301
365,301
366,301
367,301
368,301
369,301
370,301
371,301
372,301
373,301
374,301
375,301
376,301
377,301
378,301
379,301
380,301
381,301
382,301
383,301
384,301
385,301
386,301
387,301
388,301
389,301
390,301
391,301
392,301
393,301
394,301
395,301
396,301
397,301
398,301
399,301
400,301
401,301
402,301
403,301
404,301
405,301
406,301
407,301
408,301
409,301
410,301
411,301
412,301
413,301
414,301
415,301
416,301
417,301
418,301
419,301
420,301
421,301
422,301
423,301
424,301
425,301
426,301
427,301
428,301
429,301
430,301
431,301
432,301
433,301
434,301
435,301
436,301
437,301
438,301
439,301
440,301
441,301
442,301
443,301
444,301
445,301
446,301
447,301
448,301
449,301
450,301
451,301
452,301
453,301
454,301
455,301
456,301
457,301
458,301
459,301
460,301
461,301
462,301
463,301
464,301
465,301
466,301
467,301
468,301
469,301
470,301
471,301
472,301
473,301
474,301
475,301
476,301
477,301
478,301
479,301
480,301
481,301
482,301
483,301
484,301
485,301
486,301
487,301
488,301
489,301
490,301
491,301
492,301
493,301
494,301
495,301
496,301
497,301
498,301
499,301
500,301
501,301
502,301
503,301
504,301
505,301
506,301
507,301
508,301
509,301
510,301
511,301
512,301
513,301
514,301
515,301
516,301
517,301
518,301
519,301
520,301
521,301
522,301
523,301
524,301
525,301
526,301
527,301
528,301
529,301
530,301
531,301
532,301
533,301
534,301
535,301
536,301
537,301
538,301
539,301
540,301
541,301
542,301
543,301
544,301
545,301
546,301
547,301
548,301
549,301
550,301
551,301
552,301
553,301
554,301
555,301
556,301
557,301
558,301
559,301
560,301
561,301
562,301
563,301
564,301
565,301
566,301
567,301
568,301
569,301
570,301
571,301
572,301
573,301
574,301
575,301
576,301
577,301
578,301
579,301
580,301
581,301
582,301
583,301
584,301
585,301
586,301
587,301
588,301
589,301
590,301
591,301
592,301
593,301
594,301
595,301
596,301
597,301
598,301
599,301
600,301
601,301
602,301
603,301
604,301
605,301
606,301
607,301
608,301
609,301
610,301
611,301
612,301
613,301
614,301
615,301
616,301
617,301
618,301
619,301
620,301
621,301
622,301
623,301
624,301
625,301
626,301
627,301
628,301
629,301
630,301
631,301
632,301
633,301
634,301
635,301
636,301
637,301
638,301
639,301
640,301
641,301
642,301
643,301
644,301
645,301
646,301
647,301
648,301
649,301
650,301
651,301
652,301
653,301
654,301
655,301
656,301
657,301
658,301
659,301
660,301
661,301
662,301
663,301
664,301
665,301
666,301
667,301
668,301
669,301
670,301
671,301
672,301
673,301
674,301
675,301
676,301
677,301
678,301
679,301
680,301
681,301
682,301
683,301
684,301
685,301
686,301
687,301
688,301
689,301
690,301
691,301
692,301
693,301
694,301
695,301
696,301
697,301
698,301
699,301
700,301
701,301
702,301
703,301
704,301
705,301
706,301
707,301
708,301
709,301
710,301
711,301
712,301
713,301
714,301
715,301
716,301
717,301
718,301
719,301
720,301
721,301
722,301
723,301
724,301
725,301
726,301
727,301
728,301
729,301
730,301
731,301
732,301
733,301
734,301
735,301
736,301
737,301
738,301
739,301
740,301
741,301
742,301
743,301
744,301
745,301
746,301
747,301
748,301
749,301
750,301
751,301
752,301
753,301
754,301
755,301
756,301
757,301
758,301
759,301
760,301
761,301
762,301
763,301
764,301
765,301
766,301
767,301
768,301
769,301
770,301
771,301
772,301
773,301
774,301
775,301
776,301
777,301
778,301
779,301
780,301
781,301
782,301
783,301
784,301
785,301
786,301
787,301
788,301
789,301
790,301
791,301
792,301
793,301
794,301
795,301
796,301
797,301
798,301
799,300
800,300
801,300
802,300
803,300
804,300
805,300
806,300
807,300
808,300
809,300
810,300
811,300
812,300
813,300
814,300
815,300
816,300
817,300
818,300
819,300
820,300
821,300
822,300
823,300
824,300
825,300
826,300
827,300
828,300
829,300
830,299
831,299
832,299
833,299
834,299
835,299
836,299
837,299
838,299
839,299
840,299
841,299
842,299
843,299
844,299
845,299
846,299
847,299
848,299
849,299
850,299
851,299
852,299
853,299
854,299
855,299
856,299
857,299
858,299
859,299
860,299
861,299
862,299
863,299
864,299
865,299
866,299
867,299
868,299
869,299
870,299
871,299
872,299
873,299
874,299
875,299
876,299
877,299
878,299
879,299
880,299
881,299
882,299
883,299
884,299
885,299
886,299
887,298
888,298
889,298
890,298
891,298
892,298
893,298
894,298
895,298
896,298
897,298
898,298
899,298
900,298
901,298
902,298
903,298
904,298
905,298
906,298
907,298
908,298
909,298
910,298
911,298
912,298
913,298
914,298
915,298
916,298
917,298
918,298
919,298
920,298
921,298
922,298
923,298
924,298
925,298
926,298
927,298
928,298
929,298
930,298
931,298
932,298
933,298
934,298
935,298
936,298
937,298
938,298
939,298
940,298
941,298
942,298
943,298
944,298
945,298
946,298
947,298
948,298
949,298
950,298
951,298
952,298
953,298
954,298
955,298
956,298
957,298
958,298
959,298
960,298
961,298
962,298
963,298
964,298
965,298
966,298
967,298
968,298
969,298
970,298
971,298
972,298
973,298
974,298
975,298
976,298
977,298
978,298
979,298
980,298
981,298
982,298
983,298
984,298
985,298
986,298
987,298
988,298
989,298
990,298
991,298
992,298
993,298
994,298
995,298
996,298
997,298
998,298
999,298
1000,298
1001,298
1002,298
1003,298
1004,298
1005,298
1006,298
1007,298
1008,298
1009,298
1010,298
1011,298
1012,298
1013,298
1014,298
1015,298
1016,298
1017,298
1018,298
1019,298
1020,298
1021,298
1022,298
1023,298
1024,298
1025,298
1026,298
1027,298
1028,298
1029,298
1030,298
1031,298
1032,298
1033,298
1034,298
1035,298
1036,298
1037,298
1038,298
1039,298
1040,297
1041,297
1042,297
1043,297
1044,297
1045,297
1046,297
1047,297
1048,297
1049,297
1050,297
1051,297
1052,297
1053,297
1054,297
1055,297
1056,297
1057,297
1058,296
1059,296
1060,296
1061,296
1062,296
1063,296
1064,296
1065,296
1066,296
1067,296
1068,296
1069,296
1070,296
1071,296
1072,296
1073,296
1074,296
1075,296
1076,296
1077,296
1078,296
1079,296
1080,296
1081,296
1082,296
1083,296
1084,296
1085,296
1086,296
1087,296
1088,296
1089,296
1090,295
1091,295
1092,295
1093,295
1094,295
1095,295
1096,295
1097,295
1098,295
1099,295
1100,295
1101,295
1102,295
1103,295
1104,295
1105,295
1106,295
1107,295
1108,295
1109,295
1110,295
1111,295
1112,295
1113,295
1114,295
1115,295
1116,295
1117,295
1118,295
1119,295
1120,295
1121,295
1122,295
1123,295
1124,295
1125,295
1126,295
1127,295
1128,295
1129,295
1130,295
1131,295
1132,295
1133,295
1134,295
1135,295
1136,295
1137,295
1138,295
1139,295
1140,294
1141,294
1142,294
1143,294
1144,294
1145,294
1146,294
1147,294
1148,294
1149,294
1150,294
1151,294
1152,294
1153,294
1154,294
1155,294
1156,293
1157,293
1158,293
1159,293
1160,293
1161,293
1162,293
1163,293
1164,293
1165,293
1166,293
1167,293
1168,293
1169,293
1170,293
1171,293
1172,293
1173,293
1174,293
1175,293
1176,293
1177,293
1178,293
1179,293
1180,293
1181,293
1182,293
1183,293
1184,293
1185,293
1186,293
1187,293
1188,293
1189,293
1190,293
1191,293
1192,293
1193,293
1194,293
1195,293
1196,293
1197,293
1198,293
1199,293
1200,293
1201,293
1202,293
1203,293
1204,293
1205,293
1206,293
1207,293
1208,293
1209,293
1210,293
1211,293
1212,293
1213,293
1214,293
1215,293
1216,293
1217,293
1218,293
1219,293
1220,293
1221,293
1222,293
1223,293
1224,293
1225,293
1226,293
1227,293
1228,293
1229,293
1230,293
1231,293
1232,293
1233,293
1234,293
1235,293
1236,293
1237,293
1238,293
1239,293
1240,293
1241,293
1242,293
1243,293
1244,293
1245,293
1246,293
1247,293
1248,293
1249,293
1250,293
1251,293
1252,293
1253,293
1254,293
1255,293
1256,293
1257,293
1258,293
1259,293
1260,293
1261,293
1262,293
1263,293
1264,293
1265,293
1266,293
1267,293
1268,293
1269,293
1270,293
1271,293
1272,293
1273,293
1274,293
1275,293
1276,293
1277,293
1278,293
1279,293
1280,293
1281,293
1282,293
1283,293
1284,293
1285,293
1286,293
1287,293
1288,293
1289,293
1290,293
1291,293
1292,293
1293,293
1294,293
1295,293
1296,293
1297,293
1298,293
1299,293
1300,293
1301,293
1302,293
1303,293
1304,293
1305,293
1306,293
1307,293
1308,293
1309,293
1310,293
1311,293
1312,293
1313,293
1314,293
1315,293
1316,293
1317,292
1318,292
1319,292
1320,292
1321,292
1322,292
1323,292
1324,292
1325,292
1326,292
1327,292
1328,292
1329,292
1330,292
1331,292
1332,292
1333,292
1334,292
1335,292
1336,292
1337,292
1338,292
1339,292
1340,292
1341,292
1342,292
1343,292
1344,292
1345,292
1346,292
1347,292
1348,292
1349,292
1350,292
1351,292
1352,292
1353,292
1354,292
1355,292
1356,292
1357,292
1358,292
1359,292
1360,292
1361,292
1362,292
1363,292
1364,292
1365,292
1366,292
1367,292
1368,292
1369,292
1370,292
1371,292
1372,292
1373,292
1374,291
1375,291
1376,291
1377,291
1378,291
1379,291
1380,291
1381,291
1382,291
1383,291
1384,291
1385,291
1386,291
1387,291
1388,291
1389,291
1390,291
1391,291
1392,291
1393,291
1394,291
1395,291
1396,291
1397,291
1398,291
1399,291
1400,291
1401,291
1402,291
1403,291
1404,291
1405,291
1406,291
1407,291
1408,291
1409,291
1410,291
1411,291
1412,291
1413,291
1414,291
1415,291
1416,291
1417,291
1418,291
1419,291
1420,291
1421,291
1422,291
1423,291
1424,291
1425,291
1426,291
1427,291
1428,291
1429,291
1430,291
1431,291
1432,291
1433,291
1434,291
1435,291
1436,291
1437,291
1438,291
1439,291
1440,291
1441,291
1442,291
1443,291
1444,291
1445,291
1446,291
1447,291
1448,291
1449,291
1450,291
1451,291
1452,290
1453,290
1454,290
1455,290
1456,290
1457,290
1458,290
1459,290
1460,290
1461,290
1462,290
1463,290
1464,290
1465,290
1466,290
1467,290
1468,290
1469,290
1470,290
1471,290
1472,290
1473,290
1474,290
1475,290
1476,290
1477,290
1478,290
1479,290
1480,290
1481,290
1482,290
1483,290
1484,290
1485,290
1486,290
1487,290
1488,290
1489,290
1490,290
1491,290
1492,290
1493,290
1494,290
1495,290
1496,290
1497,290
1498,290
1499,290
1500,290
1501,290
1502,290
1503,290
1504,290
1505,290
1506,290
1507,290
1508,290
1509,290
1510,290
1511,290
1512,290
1513,290
1514,290
1515,290
1516,290
1517,290
1518,290
1519,290
1520,290
1521,290
1522,290
1523,290
1524,290
1525,290
1526,290
1527,290
1528,290
1529,290
1530,290
1531,290
1532,290
1533,290
1534,290
1535,290
1536,290
1537,290
1538,290
1539,290
1540,290
1541,290
1542,290
1543,290
1544,290
1545,290
1546,290
1547,290
1548,290
1549,290
1550,290
1551,290
1552,290
1553,290
1554,290
1555,290
1556,290
1557,290
1558,290
1559,290
1560,290
1561,290
1562,290
1563,290
1564,290
1565,290
1566,290
1567,290
1568,290
1569,290
1570,290
1571,290
1572,290
1573,290
1574,290
1575,290
1576,290
1577,290
1578,290
1579,290
1580,290
1581,290
1582,290
1583,290
1584,290
1585,290
1586,290
1587,290
1588,290
1589,290
1590,290
1591,290
1592,290
1593,290
1594,290
1595,290
1596,290
1597,290
1598,290
1599,290
1600,290
1601,290
1602,290
1603,289
1604,289
1605,289
1606,289
1607,289
1608,289
1609,289
1610,289
1611,289
1612,288
1613,288
1614,288
1615,288
1616,288
1617,288
1618,288
1619,288
1620,288
1621,288
1622,288
1623,288
1624,288
1625,288
1626,288
1627,288
1628,288
1629,288
1630,288
1631,288
1632,288
1633,288
1634,288
1635,288
1636,288
1637,288
1638,288
1639,288
1640,288
1641,288
1642,288
1643,288
1644,288
1645,288
1646,288
1647,288
1648,288
1649,288
1650,288
1651,288
1652,288
1653,288
1654,288
1655,288
1656,288
1657,288
1658,288
1659,288
1660,288
1661,288
1662,288
1663,288
1664,288
1665,288
1666,288
1667,288
1668,288
1669,288
1670,288
1671,288
1672,288
1673,288
1674,288
1675,288
1676,288
1677,288
1678,288
1679,288
1680,288
1681,288
1682,288
1683,288
1684,288
1685,288
1686,288
1687,288
1688,288
1689,288
1690,288
1691,288
1692,288
1693,288
1694,288
1695,288
1696,288
1697,288
1698,288
1699,288
1700,288
1701,288
1702,288
1703,288
1704,288
1705,288
1706,288
1707,288
1708,288
1709,288
1710,288
1711,288
1712,288
1713,288
1714,288
1715,288
1716,288
1717,288
1718,288
1719,288
1720,288
1721,288
1722,288
1723,288
1724,288
1725,288
1726,288
1727,288
1728,288
1729,288
1730,288
1731,288
1732,288
1733,288
1734,288
1735,288
1736,287
1737,287
1738,287
1739,287
1740,287
1741,287
1742,287
1743,287
1744,287
1745,287
1746,287
1747,287
1748,287
1749,287
1750,287
1751,287
1752,287
1753,287
1754,287
1755,287
1756,287
1757,287
1758,287
1759,287
1760,287
1761,287
1762,287
1763,287
1764,287
1765,287
1766,287
1767,287
1768,287
1769,287
1770,287
1771,287
1772,287
1773,287
1774,287
1775,287
1776,287
1777,287
1778,287
1779,287
1780,287
1781,287
1782,287
1783,286
1784,286
1785,286
1786,286
1787,286
1788,286
1789,286
1790,286
1791,286
1792,286
1793,286
1794,286
1795,286
1796,286
1797,286
1798,286
1799,286
1800,286
1801,286
1802,286
1803,286
1804,286
1805,286
1806,286
1807,286
1808,286
1809,286
1810,286
1811,286
1812,286
1813,286
1814,286
1815,286
1816,286
1817,286
1818,286
1819,286
1820,286
1821,286
1822,286
1823,286
1824,285
1825,285
1826,285
1827,285
1828,285
1829,285
1830,285
1831,285
1832,285
1833,285
1834,285
1835,285
1836,285
1837,285
1838,285
1839,285
1840,285
1841,285
1842,285
1843,285
1844,285
1845,285
1846,285
1847,285
1848,285
1849,285
1850,285
1851,285
1852,285
1853,285
1854,285
1855,285
1856,285
1857,285
1858,285
1859,285
1860,285
1861,285
1862,285
1863,285
1864,285
1865,285
1866,285
1867,285
1868,285
1869,285
1870,285
1871,285
1872,285
1873,285
1874,285
1875,285
1876,285
1877,285
1878,285
1879,285
1880,285
1881,285
1882,285
1883,285
1884,285
1885,285
1886,285
1887,285
1888,285
1889,285
1890,285
1891,285
1892,285
1893,285
1894,285
1895,285
1896,285
1897,285
1898,285
1899,285
1900,285
1901,285
1902,285
1903,285
1904,285
1905,285
1906,285
1907,285
1908,285
1909,285
1910,285
1911,285
1912,285
1913,285
1914,285
1915,285
1916,285
1917,285
1918,285
1919,285
1920,285
1921,285
1922,285
1923,285
1924,285
1925,285
1926,285
1927,285
1928,285
1929,285
1930,285
1931,285
1932,285
1933,285
1934,285
1935,285
1936,285
1937,285
1938,285
1939,285
1940,285
1941,285
1942,285
1943,285
1944,285
1945,285
1946,285
1947,285
1948,285
1949,285
1950,285
1951,285
1952,285
1953,285
1954,285
1955,285
1956,285
1957,285
1958,285
1959,285
1960,285
1961,285
1962,285
1963,285
1964,285
1965,285
1966,285
1967,285
1968,285
1969,285
1970,285
1971,285
1972,285
1973,285
1974,285
1975,285
1976,285
1977,285
1978,285
1979,285
1980,285
1981,285
1982,285
1983,285
1984,285
1985,285
1986,285
1987,285
1988,285
1989,285
1990,285
1991,285
1992,285
1993,284
1994,284
1995,284
1996,284
1997,284
1998,284
1999,284
2000,284
2001,284
2002,284
2003,284
2004,284
2005,284
2006,284
2007,284
2008,284
2009,284
2010,284
2011,284
2012,284
2013,284
2014,284
2015,284
2016,284
2017,284
2018,284
2019,284
2020,284
2021,284
2022,284
2023,284
2024,284
2025,284
2026,284
2027,284
2028,284
2029,284
2030,284
2031,284
2032,284
2033,284
2034,284
2035,283
2036,283
2037,283
2038,283
2039,283
2040,283
2041,283
2042,283
2043,283
2044,283
2045,283
2046,283
2047,283
2048,283
2049,283
2050,283
2051,283
2052,283
2053,283
2054,283
2055,283
2056,283
2057,283
2058,283
2059,283
2060,283
2061,283
2062,283
2063,283
2064,283
2065,283
2066,283
2067,283
2068,283
2069,283
2070,283
2071,283
2072,283
2073,283
2074,283
2075,283
2076,283
2077,283
2078,283
2079,283
2080,283
2081,283
2082,283
2083,283
2084,283
2085,283
2086,283
2087,283
2088,283
2089,283
2090,283
2091,283
2092,283
2093,283
2094,283
2095,283
2096,283
2097,283
2098,283
2099,283
2100,283
2101,283
2102,283
2103,283
2104,283
2105,283
2106,283
2107,283
2108,283
2109,283
2110,283
2111,283
2112,283
2113,283
2114,283
2115,283
2116,283
2117,283
2118,283
2119,283
2120,283
2121,283
2122,283
2123,283
2124,283
2125,283
2126,283
2127,283
2128,283
2129,283
2130,283
2131,283
2132,283
2133,283
2134,283
2135,283
2136,283
2137,283
2138,283
2139,283
2140,283
2141,283
2142,283
2143,283
2144,283
2145,283
2146,283
2147,283
2148,283
2149,283
2150,283
2151,283
2152,283
2153,283
2154,283
2155,283
2156,283
2157,283
2158,283
2159,283
2160,283
2161,283
2162,283
2163,283
2164,283
2165,283
2166,283
2167,283
2168,283
2169,283
2170,283
2171,283
2172,283
2173,283
2174,283
2175,283
2176,283
2177,283
2178,283
2179,283
2180,283
2181,283
2182,283
2183,283
2184,283
2185,283
2186,283
2187,283
2188,283
2189,283
2190,283
2191,283
2192,283
2193,283
2194,283
2195,283
2196,283
2197,283
2198,283
2199,283
2200,283
2201,283
2202,283
2203,283
2204,283
2205,283
2206,283
2207,283
2208,282
2209,282
2210,282
2211,282
2212,282
2213,282
2214,282
2215,282
2216,282
2217,282
2218,282
2219,282
2220,282
2221,282
2222,282
2223,282
2224,282
2225,282
2226,282
2227,282
2228,282
2229,282
2230,282
2231,282
2232,282
2233,282
2234,282
2235,282
2236,282
2237,282
2238,282
2239,282
2240,282
2241,282
2242,282
2243,282
2244,282
2245,282
2246,282
2247,282
2248,282
2249,282
2250,282
2251,281
2252,281
2253,281
2254,281
2255,281
2256,281
2257,281
2258,281
2259,281
2260,281
2261,281
2262,281
2263,281
2264,281
2265,281
2266,281
2267,281
2268,281
2269,281
2270,281
2271,281
2272,281
2273,281
2274,281
2275,281
2276,281
2277,281
2278,281
2279,281
2280,281
2281,281
2282,281
2283,281
2284,281
2285,281
2286,281
2287,281
2288,281
2289,281
2290,281
2291,281
2292,281
2293,281
2294,281
2295,281
2296,281
2297,281
2298,281
2299,281
2300,281
2301,281
2302,281
2303,281
2304,281
2305,281
2306,281
2307,281
2308,281
2309,281
2310,281
2311,281
2312,281
2313,281
2314,281
2315,281
2316,281
2317,281
2318,281
2319,281
2320,281
2321,281
2322,281
2323,281
2324,281
2325,281
2326,281
2327,281
2328,281
2329,281
2330,281
2331,281
2332,281
2333,281
2334,281
2335,281
2336,281
2337,281
2338,281
2339,281
2340,281
2341,281
2342,281
2343,281
2344,281
2345,281
2346,281
2347,281
2348,281
2349,281
2350,281
2351,281
2352,281
2353,281
2354,281
2355,281
2356,281
2357,281
2358,281
2359,281
2360,281
2361,281
2362,281
2363,281
2364,281
2365,281
2366,281
2367,281
2368,281
2369,281
2370,281
2371,281
2372,281
2373,281
2374,281
2375,281
2376,281
2377,281
2378,281
2379,281
2380,281
2381,281
2382,281
2383,281
2384,281
2385,281
2386,281
2387,281
2388,281
2389,281
2390,281
2391,281
2392,280
2393,280
2394,280
2395,280
2396,280
2397,280
2398,280
2399,280
2400,280
2401,280
2402,280
2403,280
2404,280
2405,280
2406,280
2407,280
2408,279
2409,279
2410,279
2411,279
2412,279
2413,279
2414,279
2415,279
2416,279
2417,279
2418,279
2419,279
2420,279
2421,279
2422,279
2423,279
2424,279
2425,279
2426,279
2427,279
2428,279
2429,279
2430,279
2431,279
2432,279
2433,279
2434,279
2435,278
2436,278
2437,278
2438,278
2439,278
2440,278
2441,278
2442,278
2443,278
2444,278
2445,278
2446,278
2447,278
2448,278
2449,278
2450,278
2451,278
2452,278
2453,278
2454,278
2455,278
2456,278
2457,277
2458,277
2459,277
2460,277
2461,277
2462,277
2463,277
2464,277
2465,277
2466,277
2467,277
2468,277
2469,277
2470,277
2471,277
2472,277
2473,277
2474,277
2475,277
2476,277
2477,277
2478,277
2479,277
2480,276
2481,276
2482,276
2483,276
2484,276
2485,275
2486,275
2487,275
2488,275
2489,275
2490,275
2491,275
2492,275
2493,275
2494,275
2495,275
2496,275
2497,275
2498,275
2499,275
2500,275
2501,275
2502,275
2503,275
2504,275
2505,275
2506,275
2507,275
2508,275
2509,275
2510,275
2511,275
2512,275
2513,275
2514,275
2515,275
2516,275
2517,275
2518,275
2519,275
2520,275
2521,275
2522,275
2523,275
2524,275
2525,275
2526,275
2527,275
2528,275
2529,275
2530,275
2531,275
2532,275
2533,275
2534,275
2535,275
2536,275
2537,275
2538,275
2539,275
2540,275
2541,275
2542,275
2543,275
2544,275
2545,275
2546,275
2547,275
2548,275
2549,275
2550,275
2551,275
2552,275
2553,275
2554,275
2555,275
2556,275
2557,275
2558,275
2559,275
2560,275
2561,275
2562,275
2563,275
2564,275
2565,275
2566,275
2567,275
2568,275
2569,275
2570,275
2571,275
2572,275
2573,275
2574,275
2575,275
2576,275
2577,275
2578,275
2579,275
2580,275
2581,275
2582,275
2583,275
2584,275
2585,275
2586,275
2587,275
2588,275
2589,275
2590,275
2591,275
2592,275
2593,275
2594,275
2595,275
2596,275
2597,275
2598,275
2599,275
2600,275
2601,275
2602,275
2603,275
2604,275
2605,275
2606,275
2607,275
2608,275
2609,275
2610,275
2611,275
2612,275
2613,275
2614,275
2615,275
2616,275
2617,275
2618,275
2619,275
2620,275
2621,275
2622,275
2623,275
2624,275
2625,275
2626,275
2627,275
2628,275
2629,275
2630,275
2631,275
2632,274
2633,274
2634,274
2635,274
2636,274
2637,274
2638,274
2639,274
2640,274
2641,274
2642,274
2643,274
2644,274
2645,274
2646,274
2647,274
2648,274
2649,274
2650,274
2651,274
2652,274
2653,274
2654,274
2655,274
2656,274
2657,274
2658,274
2659,274
2660,274
2661,274
2662,274
2663,274
2664,274
2665,274
2666,274
2667,274
2668,274
2669,274
2670,274
2671,274
2672,274
2673,274
2674,274
2675,274
2676,274
2677,274
2678,274
2679,274
2680,274
2681,274
2682,273
2683,273
2684,273
2685,273
2686,273
2687,273
2688,273
2689,273
2690,273
2691,273
2692,273
2693,273
2694,273
2695,273
2696,273
2697,273
2698,273
2699,273
2700,273
2701,273
2702,273
2703,273
2704,273
2705,273
2706,273
2707,273
2708,273
2709,273
2710,273
2711,273
2712,273
2713,273
2714,273
2715,273
2716,273
2717,273
2718,273
2719,273
2720,272
2721,271
2722,271
2723,271
2724,271
2725,271
2726,271
2727,271
2728,271
2729,271
2730,271
2731,271
2732,271
2733,271
2734,271
2735,271
2736,271
2737,270
2738,270
2739,270
2740,270
2741,270
2742,270
2743,270
2744,270
2745,270
2746,270
2747,270
2748,270
2749,270
2750,270
2751,270
2752,270
2753,270
2754,270
2755,270
2756,270
2757,270
2758,268
2759,267
2760,267
2761,267
2762,267
2763,267
2764,267
2765,267
2766,267
2767,267
2768,267
2769,267
2770,267
2771,267
2772,267
2773,267
2774,267
2775,267
2776,267
2777,267
2778,267
2779,267
2780,267
2781,267
2782,267
2783,267
2784,267
2785,267
2786,267
2787,267
2788,267
2789,267
2790,267
2791,267
2792,267
2793,267
2794,267
2795,267
2796,267
2797,267
2798,267
2799,267
2800,267
2801,266
2802,266
2803,266
2804,266
2805,266
2806,266
2807,266
2808,266
2809,266
2810,266
2811,266
2812,266
2813,266
2814,266
2815,266
2816,266
2817,266
2818,266
2819,266
2820,266
2821,266
2822,266
2823,266
2824,266
2825,266
2826,266
2827,266
2828,266
2829,266
2830,266
2831,266
2832,266
2833,266
2834,266
2835,266
2836,266
2837,266
2838,266
2839,265
2840,265
2841,265
2842,265
2843,265
2844,265
2845,264
2846,264
2847,264
2848,264
2849,264
2850,264
2851,264
2852,264
2853,264
2854,264
2855,264
2856,264
2857,264
2858,264
2859,264
2860,264
2861,264
2862,264
2863,264
2864,264
2865,263
2866,263
2867,263
2868,263
2869,263
2870,263
2871,263
2872,263
2873,263
2874,263
2875,263
2876,263
2877,263
2878,263
2879,263
2880,263
2881,263
2882,263
2883,263
2884,263
2885,263
2886,263
2887,263
2888,263
2889,263
2890,263
2891,263
2892,263
2893,263
2894,263
2895,263
2896,263
2897,263
2898,263
2899,263
2900,262
2901,262
2902,262
2903,262
2904,262
2905,262
2906,262
2907,262
2908,262
2909,262
2910,262
2911,262
2912,262
2913,262
2914,262
2915,261
2916,261
2917,261
2918,261
2919,261
2920,261
2921,261
2922,261
2923,261
2924,261
2925,261
2926,261
2927,261
2928,261
2929,261
2930,261
2931,261
2932,261
2933,261
2934,261
2935,261
2936,261
2937,261
2938,261
2939,261
2940,261
2941,261
2942,261
2943,260
2944,260
2945,260
2946,260
2947,260
2948,260
2949,260
2950,260
2951,260
2952,260
2953,260
2954,260
2955,260
2956,260
2957,260
2958,260
2959,260
2960,260
2961,260
2962,260
2963,260
2964,260
2965,260
2966,260
2967,260
2968,260
2969,260
2970,260
2971,260
2972,260
2973,260
2974,260
2975,260
2976,260
2977,260
2978,260
2979,260
2980,260
2981,260
2982,260
2983,260
2984,260
2985,260
2986,260
2987,260
2988,260
2989,260
2990,260
2991,260
2992,260
2993,260
2994,260
2995,260
2996,260
2997,260
2998,260
2999,260
3000,260
3001,260
3002,260
3003,259
3004,259
3005,259
3006,259
3007,259
3008,259
3009,259
3010,259
3011,259
3012,259
3013,259
3014,259
3015,259
3016,259
3017,259
3018,259
3019,259
3020,259
3021,259
3022,259
3023,259
3024,259
3025,259
3026,259
3027,259
3028,259
3029,259
3030,259
3031,259
3032,259
3033,259
3034,259
3035,259
3036,259
3037,259
3038,259
3039,259
3040,259
3041,259
3042,259
3043,259
3044,259
3045,259
3046,259
3047,259
3048,259
3049,259
3050,259
3051,259
3052,259
3053,259
3054,259
3055,259
3056,259
3057,259
3058,259
3059,259
3060,259
3061,259
3062,259
3063,259
3064,259
3065,259
3066,259
3067,259
3068,259
3069,259
3070,259
3071,259
3072,259
3073,259
3074,259
3075,259
3076,259
3077,259
3078,259
3079,259
3080,259
3081,259
3082,259
3083,259
3084,259
3085,259
3086,259
3087,258
3088,258
3089,258
3090,258
3091,258
3092,258
3093,258
3094,258
3095,258
3096,258
3097,258
3098,258
3099,258
3100,258
3101,258
3102,258
3103,258
3104,258
3105,258
3106,258
3107,258
3108,258
3109,258
3110,258
3111,257
3112,257
3113,255
3114,255
3115,255
3116,255
3117,255
3118,255
3119,255
3120,255
3121,255
3122,255
3123,255
3124,255
3125,255
3126,255
3127,255
3128,255
3129,255
3130,255
3131,255
3132,255
3133,254
3134,254
3135,254
3136,254
3137,254
3138,254
3139,254
3140,254
3141,254
3142,254
3143,254
3144,254
3145,254
3146,254
3147,254
3148,254
3149,254
3150,254
3151,254
3152,254
3153,254
3154,254
3155,254
3156,254
3157,254
3158,254
3159,254
3160,254
3161,254
3162,254
3163,254
3164,254
3165,254
3166,253
3167,253
3168,253
3169,253
3170,253
3171,253
3172,253
3173,253
3174,253
3175,253
3176,253
3177,253
3178,253
3179,253
3180,253
3181,252
3182,252
3183,252
3184,252
3185,252
3186,252
3187,252
3188,252
3189,252
3190,252
3191,252
3192,252
3193,252
3194,252
3195,252
3196,252
3197,252
3198,252
3199,252
3200,252
3201,252
3202,252
3203,252
3204,252
3205,252
3206,252
3207,252
3208,252
3209,252
3210,252
3211,252
3212,252
3213,252
3214,252
3215,252
3216,252
3217,252
3218,252
3219,252
3220,252
3221,252
3222,252
3223,252
3224,252
3225,252
3226,252
3227,252
3228,252
3229,252
3230,252
3231,252
3232,252
3233,252
3234,252
3235,252
3236,252
3237,252
3238,252
3239,252
3240,252
3241,252
3242,252
3243,252
3244,252
3245,252
3246,252
3247,252
3248,252
3249,252
3250,252
3251,252
3252,252
3253,252
3254,252
3255,252
3256,252
3257,252
3258,252
3259,252
3260,252
3261,252
3262,252
3263,252
3264,252
3265,252
3266,252
3267,252
3268,252
3269,252
3270,252
3271,252
3272,251
3273,251
3274,251
3275,251
3276,251
3277,251
3278,251
3279,250
3280,250
3281,250
3282,250
3283,250
3284,250
3285,250
3286,250
3287,250
3288,250
3289,250
3290,250
3291,250
3292,250
3293,250
3294,250
3295,250
3296,250
3297,250
3298,250
3299,250
3300,250
3301,250
3302,250
3303,250
3304,250
3305,250
3306,250
3307,250
3308,250
3309,250
3310,250
3311,250
3312,250
3313,250
3314,250
3315,250
3316,250
3317,250
3318,250
3319,250
3320,250
3321,250
3322,250
3323,250
3324,250
3325,250
3326,250
3327,249
3328,249
3329,249
3330,249
3331,249
3332,249
3333,249
3334,249
3335,249
3336,249
3337,249
3338,249
3339,249
3340,249
3341,249
3342,249
3343,249
3344,249
3345,249
3346,249
3347,249
3348,249
3349,249
3350,249
3351,249
3352,249
3353,249
3354,249
3355,249
3356,249
3357,249
3358,249
3359,249
3360,249
3361,249
3362,249
3363,249
3364,249
3365,249
3366,249
3367,249
3368,249
3369,249
3370,249
3371,249
3372,249
3373,249
3374,249
3375,249
3376,249
3377,249
3378,249
3379,249
3380,249
3381,249
3382,249
3383,249
3384,249
3385,249
3386,249
3387,249
3388,249
3389,249
3390,249
3391,249
3392,249
3393,249
3394,249
3395,249
3396,249
3397,249
3398,249
3399,249
3400,249
3401,249
3402,249
3403,249
3404,248
3405,248
3406,248
3407,248
3408,248
3409,248
3410,248
3411,248
3412,247
3413,247
3414,247
3415,247
3416,247
3417,247
3418,247
3419,247
3420,247
3421,247
3422,247
3423,247
3424,247
3425,247
3426,247
3427,247
3428,247
3429,247
3430,247
3431,247
3432,247
3433,247
3434,247
3435,247
3436,247
3437,247
3438,247
3439,247
3440,247
3441,247
3442,247
3443,247
3444,247
3445,247
3446,247
3447,247
3448,247
3449,247
3450,247
3451,247
3452,247
3453,247
3454,247
3455,247
3456,247
3457,247
3458,247
3459,247
3460,247
3461,247
3462,247
3463,247
3464,247
3465,247
3466,247
3467,247
3468,247
3469,247
3470,247
3471,247
3472,247
3473,247
3474,247
3475,247
3476,247
3477,247
3478,247
3479,247
3480,247
3481,247
3482,247
3483,247
3484,247
3485,247
3486,247
3487,247
3488,247
3489,247
3490,247
3491,247
3492,247
3493,247
3494,247
3495,247
3496,247
3497,247
3498,247
3499,247
3500,247
3501,247
3502,247
3503,247
3504,247
3505,247
3506,247
3507,247
3508,247
3509,247
3510,247
3511,247
3512,247
3513,247
3514,247
3515,246
3516,246
3517,246
3518,246
3519,246
3520,246
3521,246
3522,246
3523,246
3524,246
3525,246
3526,246
3527,246
3528,246
3529,246
3530,246
3531,246
3532,246
3533,246
3534,246
3535,246
3536,246
3537,246
3538,245
3539,245
3540,245
3541,245
3542,245
3543,245
3544,245
3545,245
3546,245
3547,245
3548,245
3549,245
3550,245
3551,245
3552,245
3553,245
3554,245
3555,245
3556,245
3557,245
3558,245
3559,245
3560,245
3561,244
3562,244
3563,244
3564,244
3565,244
3566,244
3567,244
3568,244
3569,244
3570,244
3571,244
3572,244
3573,244
3574,244
3575,244
3576,243
3577,243
3578,243
3579,243
3580,243
3581,243
3582,243
3583,243
3584,243
3585,243
3586,243
3587,243
3588,243
3589,243
3590,243
3591,243
3592,243
3593,243
3594,243
3595,243
3596,243
3597,243
3598,243
3599,243
3600,243
3601,243
3602,243
3603,243
3604,243
3605,243
3606,243
3607,243
3608,243
3609,243
3610,243
3611,243
3612,243
3613,243
3614,243
3615,243
3616,243
3617,243
3618,243
3619,243
3620,243
3621,243
3622,243
3623,243
3624,243
3625,243
3626,243
3627,243
3628,243
3629,243
3630,243
3631,243
3632,243
3633,243
3634,243
3635,243
3636,243
3637,243
3638,243
3639,243
3640,242
3641,242
3642,242
3643,242
3644,242
3645,242
3646,242
3647,242
3648,242
3649,242
3650,242
3651,242
3652,242
3653,242
3654,242
3655,242
3656,242
3657,242
3658,242
3659,242
3660,242
3661,242
3662,242
3663,242
3664,242
3665,242
3666,242
3667,242
3668,242
3669,242
3670,242
3671,242
3672,242
3673,241
3674,240
3675,240
3676,240
3677,240
3678,240
3679,240
3680,240
3681,240
3682,240
3683,240
3684,240
3685,240
3686,240
3687,240
3688,240
3689,240
3690,240
3691,240
3692,240
3693,240
3694,240
3695,240
3696,240
3697,240
3698,240
3699,240
3700,240
3701,240
3702,240
3703,240
3704,240
3705,240
3706,240
3707,240
3708,239
3709,239
3710,239
3711,239
3712,239
3713,239
3714,239
3715,239
3716,239
3717,239
3718,239
3719,239
3720,239
3721,239
3722,239
3723,239
3724,238
3725,238
3726,238
3727,238
3728,237
3729,237
3730,236
3731,236
3732,235
3733,235
3734,235
3735,235
3736,235
3737,235
3738,235
3739,235
3740,235
3741,235
3742,235
3743,235
3744,235
3745,235
3746,235
3747,235
3748,235
3749,235
3750,235
3751,235
3752,235
3753,235
3754,235
3755,235
3756,235
3757,235
3758,235
3759,235
3760,235
3761,235
3762,235
3763,235
3764,235
3765,235
3766,235
3767,235
3768,235
3769,235
3770,235
3771,235
3772,235
3773,235
3774,235
3775,235
3776,235
3777,235
3778,235
3779,235
3780,235
3781,235
3782,235
3783,235
3784,235
3785,235
3786,235
3787,235
3788,235
3789,235
3790,235
3791,235
3792,235
3793,235
3794,235
3795,235
3796,235
3797,235
3798,235
3799,235
3800,235
3801,235
3802,235
3803,235
3804,235
3805,235
3806,235
3807,235
3808,235
3809,235
3810,235
3811,235
3812,235
3813,235
3814,235
3815,235
3816,235
3817,235
3818,235
3819,235
3820,235
3821,235
3822,235
3823,235
3824,234
3825,234
3826,234
3827,234
3828,234
3829,234
3830,234
3831,234
3832,234
3833,234
3834,234
3835,234
3836,234
3837,234
3838,234
3839,234
3840,234
3841,234
3842,234
3843,234
3844,234
3845,234
3846,234
3847,234
3848,234
3849,234
3850,234
3851,234
3852,234
3853,234
3854,234
3855,234
3856,234
3857,234
3858,234
3859,234
3860,234
3861,234
3862,234
3863,234
3864,234
3865,234
3866,234
3867,234
3868,234
3869,234
3870,234
3871,234
3872,234
3873,234
3874,234
3875,234
3876,234
3877,234
3878,234
3879,234
3880,234
3881,234
3882,234
3883,234
3884,234
3885,234
3886,234
3887,234
3888,234
3889,234
3890,234
3891,234
3892,234
3893,234
3894,234
3895,234
3896,234
3897,234
3898,234
3899,234
3900,234
3901,234
3902,234
3903,234
3904,234
3905,234
3906,234
3907,234
3908,234
3909,234
3910,234
3911,234
3912,234
3913,234
3914,234
3915,234
3916,234
3917,234
3918,234
3919,234
3920,234
3921,234
3922,234
3923,234
3924,234
3925,234
3926,234
3927,234
3928,234
3929,234
3930,234
3931,233
3932,233
3933,233
3934,233
3935,233
3936,233
3937,233
3938,233
3939,233
3940,233
3941,233
3942,233
3943,233
3944,233
3945,233
3946,233
3947,233
3948,233
3949,233
3950,233
3951,233
3952,233
3953,233
3954,233
3955,233
3956,233
3957,233
3958,233
3959,233
3960,233
3961,233
3962,233
3963,233
3964,233
3965,233
3966,233
3967,233
3968,233
3969,233
3970,233
3971,233
3972,233
3973,233
3974,233
3975,233
3976,233
3977,233
3978,233
3979,233
3980,233
3981,233
3982,233
3983,233
3984,233
3985,233
3986,233
3987,233
3988,233
3989,233
3990,233
3991,233
3992,233
3993,233
3994,233
3995,233
3996,233
3997,233
3998,233
3999,233
4000,233
4001,233
4002,233
4003,233
4004,233
4005,233
4006,233
4007,232
4008,232
4009,232
4010,232
4011,232
4012,232
4013,232
4014,232
4015,232
4016,232
4017,232
4018,232
4019,232
4020,232
4021,232
4022,232
4023,232
4024,232
4025,232
4026,232
4027,232
4028,232
4029,232
4030,232
4031,232
4032,232
4033,232
4034,232
4035,232
4036,232
4037,232
4038,232
4039,232
4040,232
4041,232
4042,232
4043,232
4044,232
4045,232
4046,232
4047,232
4048,232
4049,232
4050,232
4051,232
4052,232
4053,232
4054,232
4055,232
4056,232
4057,232
4058,232
4059,232
4060,232
4061,232
4062,232
4063,232
4064,232
4065,232
4066,232
4067,232
4068,232
4069,232
4070,232
4071,232
4072,232
4073,232
4074,232
4075,232
4076,232
4077,232
4078,232
4079,232
4080,232
4081,232
4082,232
4083,232
4084,232
4085,232
4086,232
4087,232
4088,232
4089,232
4090,232
4091,232
4092,232
4093,232
4094,232
4095,232
4096,232
4097,232
4098,232
4099,232
4100,231
4101,231
4102,231
4103,231
4104,231
4105,231
4106,231
4107,231
4108,231
4109,231
4110,231
4111,231
4112,230
4113,230
4114,230
4115,230
4116,230
4117,230
4118,230
4119,230
4120,230
4121,230
4122,230
4123,229
4124,229
4125,229
4126,229
4127,229
4128,229
4129,229
4130,229
4131,229
4132,229
4133,229
4134,228
4135,228
4136,228
4137,228
4138,228
4139,228
4140,228
4141,228
4142,228
4143,228
4144,228
4145,227
4146,227
4147,227
4148,227
4149,227
4150,227
4151,227
4152,227
4153,227
4154,227
4155,227
4156,227
4157,227
4158,227
4159,227
4160,227
4161,227
4162,227
4163,227
4164,227
4165,227
4166,227
4167,227
4168,227
4169,227
4170,227
4171,227
4172,227
4173,227
4174,227
4175,227
4176,227
4177,227
4178,227
4179,227
4180,227
4181,227
4182,227
4183,227
4184,227
4185,227
4186,227
4187,227
4188,227
4189,227
4190,227
4191,227
4192,227
4193,227
4194,227
4195,227
4196,227
4197,227
4198,227
4199,227
4200,227
4201,227
4202,227
4203,227
4204,227
4205,227
4206,227
4207,227
4208,227
4209,227
4210,227
4211,227
4212,227
4213,227
4214,227
4215,227
4216,227
4217,227
4218,227
4219,227
4220,227
4221,227
4222,227
4223,227
4224,227
4225,227
4226,227
4227,227
4228,227
4229,227
4230,227
4231,227
4232,227
4233,227
4234,227
4235,227
4236,227
4237,227
4238,227
4239,227
4240,227
4241,227
4242,227
4243,227
4244,227
4245,227
4246,227
4247,226
4248,226
4249,226
4250,226
4251,226
4252,226
4253,226
4254,225
4255,225
4256,225
4257,225
4258,225
4259,225
4260,225
4261,225
4262,225
4263,225
4264,225
4265,225
4266,225
4267,225
4268,225
4269,225
4270,225
4271,225
4272,225
4273,225
4274,225
4275,225
4276,225
4277,225
4278,225
4279,225
4280,225
4281,225
4282,225
4283,225
4284,225
4285,225
4286,225
4287,225
4288,225
4289,225
4290,225
4291,225
4292,225
4293,225
4294,225
4295,225
4296,225
4297,225
4298,225
4299,225
4300,225
4301,225
4302,225
4303,225
4304,225
4305,225
4306,224
4307,224
4308,224
4309,224
4310,224
4311,224
4312,224
4313,224
4314,224
4315,224
4316,224
4317,224
4318,224
4319,224
4320,224
4321,224
4322,224
4323,224
4324,224
4325,224
4326,224
4327,224
4328,224
4329,224
4330,224
4331,224
4332,224
4333,224
4334,224
4335,224
4336,224
4337,224
4338,224
4339,224
4340,224
4341,224
4342,224
4343,224
4344,224
4345,224
4346,224
4347,224
4348,224
4349,223
4350,223
4351,223
4352,223
4353,223
4354,223
4355,223
4356,223
4357,223
4358,223
4359,223
4360,223
4361,223
4362,223
4363,223
4364,223
4365,223
4366,223
4367,223
4368,223
4369,223
4370,223
4371,222
4372,222
4373,222
4374,222
4375,222
4376,222
4377,222
4378,222
4379,222
4380,222
4381,222
4382,222
4383,222
4384,222
4385,222
4386,222
4387,222
4388,221
4389,221
4390,221
4391,221
4392,221
4393,221
4394,221
4395,221
4396,221
4397,221
4398,221
4399,221
4400,221
4401,221
4402,221
4403,221
4404,221
4405,221
4406,221
4407,221
4408,221
4409,221
4410,221
4411,221
4412,221
4413,220
4414,220
4415,220
4416,220
4417,220
4418,220
4419,220
4420,220
4421,220
4422,220
4423,220
4424,220
4425,220
4426,220
4427,220
4428,220
4429,220
4430,220
4431,219
4432,219
4433,219
4434,219
4435,218
4436,218
4437,218
4438,218
4439,218
4440,218
4441,218
4442,218
4443,218
4444,218
4445,218
4446,218
4447,218
4448,218
4449,218
4450,218
4451,218
4452,218
4453,218
4454,218
4455,218
4456,218
4457,218
4458,218
4459,218
4460,218
4461,218
4462,218
4463,218
4464,218
4465,218
4466,218
4467,218
4468,218
4469,218
4470,218
4471,218
4472,218
4473,218
4474,218
4475,218
4476,218
4477,218
4478,216
4479,216
4480,215
4481,215
4482,215
4483,215
4484,215
4485,215
4486,215
4487,215
4488,215
4489,215
4490,215
4491,215
4492,215
4493,215
4494,215
4495,215
4496,215
4497,215
4498,215
4499,215
4500,215
4501,215
4502,215
4503,214
4504,214
4505,214
4506,214
4507,214
4508,214
4509,214
4510,214
4511,214
4512,214
4513,214
4514,214
4515,214
4516,214
4517,214
4518,214
4519,214
4520,214
4521,214
4522,214
4523,214
4524,214
4525,214
4526,214
4527,214
4528,214
4529,214
4530,214
4531,214
4532,214
4533,214
4534,214
4535,214
4536,214
4537,214
4538,214
4539,214
4540,214
4541,213
4542,213
4543,213
4544,213
4545,213
4546,213
4547,213
4548,213
4549,213
4550,213
4551,213
4552,213
4553,213
4554,213
4555,213
4556,213
4557,213
4558,213
4559,213
4560,213
4561,213
4562,213
4563,213
4564,213
4565,213
4566,213
4567,213
4568,213
4569,212
4570,212
4571,212
4572,212
4573,212
4574,212
4575,212
4576,212
4577,212
4578,212
4579,212
4580,212
4581,212
4582,212
4583,212
4584,212
4585,212
4586,212
4587,212
4588,212
4589,212
4590,212
4591,212
4592,212
4593,212
4594,212
4595,212
4596,212
4597,212
4598,212
4599,212
4600,212
4601,212
4602,212
4603,212
4604,212
4605,212
4606,212
4607,212
4608,212
4609,212
4610,212
4611,212
4612,212
4613,212
4614,212
4615,212
4616,212
4617,212
4618,212
4619,212
4620,212
4621,212
4622,212
4623,212
4624,212
4625,212
4626,212
4627,212
4628,212
4629,212
4630,212
4631,212
4632,212
4633,212
4634,212
4635,212
4636,212
4637,212
4638,212
4639,212
4640,212
4641,212
4642,212
4643,212
4644,212
4645,212
4646,212
4647,212
4648,212
4649,212
4650,212
4651,212
4652,212
4653,212
4654,212
4655,212
4656,212
4657,212
4658,212
4659,212
4660,212
4661,212
4662,212
4663,212
4664,212
4665,212
4666,212
4667,212
4668,212
4669,212
4670,212
4671,212
4672,212
4673,212
4674,212
4675,212
4676,212
4677,212
4678,212
4679,212
4680,212
4681,212
4682,212
4683,212
4684,212
4685,212
4686,212
4687,212
4688,212
4689,212
4690,212
4691,212
4692,212
4693,212
4694,212
4695,212
4696,212
4697,212
4698,212
4699,212
4700,212
4701,212
4702,212
4703,212
4704,212
4705,212
4706,212
4707,212
4708,212
4709,212
4710,212
4711,212
4712,212
4713,212
4714,212
4715,212
4716,212
4717,212
4718,212
4719,212
4720,212
4721,212
4722,212
4723,212
4724,212
4725,212
4726,212
4727,212
4728,212
4729,212
4730,212
4731,212
4732,212
4733,212
4734,212
4735,212
4736,212
4737,212
4738,212
4739,212
4740,212
4741,212
4742,212
4743,212
4744,212
4745,212
4746,212
4747,212
4748,212
4749,212
4750,212
4751,212
4752,212
4753,212
4754,212
4755,212
4756,212
4757,212
4758,212
4759,212
4760,212
4761,212
4762,212
4763,212
4764,212
4765,212
4766,212
4767,212
4768,212
4769,212
4770,212
4771,212
4772,212
4773,212
4774,212
4775,212
4776,212
4777,212
4778,212
4779,212
4780,212
4781,212
4782,212
4783,212
4784,212
4785,212
4786,212
4787,212
4788,212
4789,212
4790,212
4791,212
4792,212
4793,212
4794,212
4795,212
4796,212
4797,212
4798,212
4799,212
4800,212
4801,212
4802,212
4803,212
4804,212
4805,212
4806,212
4807,212
4808,212
4809,212
4810,212
4811,212
4812,212
4813,212
4814,212
4815,212
4816,212
4817,212
4818,212
4819,212
4820,212
4821,212
4822,212
4823,212
4824,212
4825,212
4826,212
4827,212
4828,212
4829,212
4830,212
4831,212
4832,212
4833,212
4834,212
4835,212
4836,212
4837,212
4838,212
4839,212
4840,212
4841,212
4842,212
4843,212
4844,212
4845,212
4846,212
4847,212
4848,212
4849,212
4850,212
4851,212
4852,212
4853,212
4854,212
4855,212
4856,212
4857,212
4858,212
4859,212
4860,212
4861,212
4862,212
4863,212
4864,212
4865,212
4866,212
4867,212
4868,212
4869,212
4870,212
4871,212
4872,212
4873,212
4874,212
4875,212
4876,212
4877,212
4878,212
4879,212
4880,212
4881,212
4882,212
4883,212
4884,212
4885,212
4886,212
4887,212
4888,212
4889,212
4890,212
4891,212
4892,212
4893,212
4894,212
4895,212
4896,212
4897,212
4898,212
4899,212
4900,212
4901,212
4902,212
4903,212
4904,212
4905,212
4906,212
4907,212
4908,212
4909,212
4910,212
4911,212
4912,212
4913,212
4914,212
4915,212
4916,212
4917,212
4918,212
4919,212
4920,212
4921,212
4922,212
4923,212
4924,212
4925,212
4926,212
4927,212
4928,212
4929,212
4930,212
4931,212
4932,212
4933,212
4934,212
4935,212
4936,212
4937,212
4938,212
4939,212
4940,212
4941,212
4942,212
4943,212
4944,212
4945,212
4946,212
4947,212
4948,212
4949,212
4950,212
4951,212
4952,212
4953,212
4954,212
4955,212
4956,212
4957,212
4958,212
4959,212
4960,212
4961,212
4962,212
4963,212
4964,212
4965,212
4966,212
4967,212
4968,212
4969,212
4970,212
4971,212
4972,212
4973,212
4974,212
4975,212
4976,212
4977,212
4978,212
4979,212
4980,212
4981,212
4982,212
4983,212
4984,212
4985,212
4986,212
4987,212
4988,212
4989,212
4990,212
4991,212
4992,212
4993,212
4994,212
4995,212
4996,212
4997,212
4998,212
4999,212
5000,212
5001,212
5002,212
5003,212
5004,212
5005,212
5006,212
5007,212
5008,212
5009,212
5010,212
5011,212
5012,212
5013,212
5014,212
5015,212
5016,212
5017,212
5018,212
5019,212
5020,212
5021,212
5022,212
5023,212
5024,212
5025,212
5026,212
5027,212
5028,212
5029,212
5030,212
5031,212
5032,212
5033,212
5034,212
5035,212
5036,212
5037,212
5038,212
5039,212
5040,212
5041,212
5042,212
5043,212
5044,212
5045,212
5046,212
5047,212
5048,212
5049,212
5050,212
5051,212
5052,212
5053,212
5054,212
5055,212
5056,212
5057,212
5058,212
5059,212
5060,212
5061,212
5062,212
5063,212
5064,212
5065,212
5066,212
5067,212
5068,212
5069,212
5070,212
5071,212
5072,212
5073,212
5074,212
5075,212
5076,212
5077,212
5078,212
5079,212
5080,212
5081,212
5082,212
5083,212
5084,212
5085,212
5086,212
5087,212
5088,212
5089,212
5090,212
5091,212
5092,212
5093,212
5094,212
5095,212
5096,212
5097,212
5098,212
5099,212
5100,212
5101,212
5102,212
5103,212
5104,212
5105,212
5106,212
5107,212
5108,212
5109,212
5110,212
5111,212
5112,212
5113,212
5114,212
5115,212
5116,212
5117,212
5118,212
5119,212
5120,212
5121,212
5122,212
5123,212
5124,212
5125,212
5126,212
5127,212
5128,212
5129,212
5130,212
5131,212
5132,212
5133,212
5134,212
5135,212
5136,212
5137,212
5138,212
5139,212
5140,212
5141,212
5142,212
5143,212
5144,212
5145,212
5146,212
5147,212
5148,212
5149,212
5150,212
5151,212
5152,212
5153,212
5154,212
5155,212
5156,212
5157,212
5158,212
5159,212
5160,212
5161,212
5162,212
5163,212
5164,212
5165,212
5166,212
5167,212
5168,212
5169,212
5170,212
5171,212
5172,212
5173,212
5174,212
5175,212
5176,212
5177,212
5178,212
5179,212
5180,212
5181,212
5182,212
5183,212
5184,212
5185,212
5186,212
5187,212
5188,212
5189,212
5190,212
5191,212
5192,212
5193,212
5194,212
5195,212
5196,212
5197,212
5198,212
5199,212
5200,212
5201,212
5202,212
5203,212
5204,212
5205,212
5206,212
5207,212
5208,212
5209,212
5210,212
5211,212
5212,212
5213,212
5214,212
5215,212
5216,212
5217,212
5218,212
5219,212
5220,212
5221,212
5222,212
5223,212
5224,212
5225,212
5226,212
5227,212
5228,212
5229,212
5230,212
5231,212
5232,212
5233,212
5234,212
5235,212
5236,212
5237,212
5238,212
5239,212
5240,212
5241,212
5242,212
5243,212
5244,212
5245,212
5246,212
5247,212
5248,212
5249,212
5250,212
5251,212
5252,212
5253,212
5254,212
5255,212
5256,212
5257,212
5258,212
5259,212
5260,212
5261,212
5262,212
5263,212
5264,212
5265,212
5266,212
5267,212
5268,212
5269,212
5270,212
5271,212
5272,212
5273,212
5274,212
5275,212
5276,212
5277,212
5278,212
5279,212
5280,212
5281,212
5282,212
5283,212
5284,212
5285,212
5286,212
5287,212
5288,212
5289,212
5290,212
5291,212
5292,212
5293,212
5294,212
5295,212
5296,212
5297,212
5298,212
5299,211
5300,211
5301,211
5302,211
5303,211
5304,211
5305,211
5306,211
5307,211
5308,211
5309,211
5310,211
5311,211
5312,211
5313,211
5314,211
5315,211
5316,211
5317,211
5318,211
5319,211
5320,211
5321,211
5322,211
5323,211
5324,211
5325,211
5326,211
5327,211
5328,211
5329,211
5330,211
5331,211
5332,211
5333,211
5334,211
5335,211
5336,211
5337,211
5338,211
5339,211
5340,211
5341,211
5342,211
5343,211
5344,211
5345,211
5346,211
5347,211
5348,211
5349,211
5350,211
5351,211
5352,211
5353,211
5354,211
5355,211
5356,211
5357,211
5358,211
5359,211
5360,211
5361,211
5362,211
5363,211
5364,211
5365,211
5366,211
5367,211
5368,211
5369,211
5370,211
5371,211
5372,211
5373,211
5374,211
5375,211
5376,211
5377,211
5378,211
5379,211
5380,211
5381,211
5382,211
5383,211
5384,211
5385,211
5386,211
5387,211
5388,211
5389,211
5390,211
5391,211
5392,211
5393,211
5394,211
5395,211
5396,211
5397,211
5398,211
5399,211
5400,211
5401,211
5402,211
5403,211
5404,211
5405,211
5406,211
5407,211
5408,211
5409,211
5410,211
5411,211
5412,211
5413,211
5414,211
5415,211
5416,211
5417,211
5418,211
5419,211
5420,211
5421,211
5422,211
5423,211
5424,211
5425,211
5426,211
5427,211
5428,211
5429,211
5430,211
5431,211
5432,211
5433,211
5434,211
5435,211
5436,211
5437,211
5438,211
5439,211
5440,211
5441,211
5442,211
5443,211
5444,211
5445,211
5446,211
5447,211
5448,211
5449,211
5450,211
5451,211
5452,211
5453,211
5454,211
5455,211
5456,211
5457,211
5458,211
5459,211
5460,211
5461,211
5462,211
5463,211
5464,211
5465,211
5466,211
5467,211
5468,211
5469,211
5470,211
5471,211
5472,211
5473,211
5474,211
5475,211
5476,211
5477,211
5478,211
5479,211
5480,211
5481,211
5482,211
5483,211
5484,211
5485,211
5486,211
5487,211
5488,211
5489,211
5490,211
5491,211
5492,211
5493,211
5494,211
5495,211
5496,211
5497,211
5498,211
5499,211
5500,211
5501,211
5502,211
5503,211
5504,211
5505,211
5506,211
5507,211
5508,211
5509,211
5510,211
5511,211
5512,211
5513,211
5514,211
5515,211
5516,211
5517,211
5518,211
5519,211
5520,211
5521,211
5522,211
5523,211
5524,211
5525,211
5526,211
5527,211
5528,211
5529,211
5530,211
5531,211
5532,211
5533,211
5534,211
5535,211
5536,211
5537,211
5538,211
5539,211
5540,211
5541,211
5542,211
5543,211
5544,211
5545,211
5546,211
5547,211
5548,211
5549,211
5550,211
5551,211
5552,211
5553,211
5554,211
5555,211
5556,211
5557,211
5558,211
5559,211
5560,211
5561,211
5562,211
5563,211
5564,211
5565,211
5566,211
5567,211
5568,211
5569,211
5570,211
5571,211
5572,211
5573,211
5574,211
5575,211
5576,211
5577,211
5578,211
5579,211
5580,211
5581,211
5582,211
5583,211
5584,211
5585,211
5586,211
5587,211
5588,211
5589,211
5590,211
5591,211
5592,211
5593,211
5594,211
5595,211
5596,211
5597,211
5598,211
5599,211
5600,211
5601,211
5602,211
5603,211
5604,211
5605,211
5606,211
5607,211
5608,211
5609,211
5610,211
5611,211
5612,211
5613,211
5614,211
5615,211
5616,211
5617,211
5618,211
5619,211
5620,211
5621,211
5622,211
5623,211
5624,211
5625,211
5626,211
5627,211
5628,211
5629,211
5630,211
5631,211
5632,211
5633,211
5634,211
5635,211
5636,211
5637,211
5638,211
5639,211
5640,211
5641,211
5642,211
5643,211
5644,211
5645,211
5646,211
5647,211
5648,211
5649,211
5650,211
5651,211
5652,211
5653,211
5654,211
5655,211
5656,211
5657,211
5658,211
5659,211
5660,211
5661,211
5662,211
5663,211
5664,211
5665,211
5666,211
5667,211
5668,211
5669,211
5670,211
5671,211
5672,211
5673,211
5674,211
5675,211
5676,211
5677,211
5678,211
5679,211
5680,211
5681,211
5682,211
5683,211
5684,211
5685,211
5686,211
5687,211
5688,211
5689,211
5690,211
5691,211
5692,211
5693,211
5694,211
5695,211
5696,211
5697,211
5698,211
5699,211
5700,211
5701,211
5702,211
5703,211
5704,211
5705,211
5706,211
5707,211
5708,211
5709,211
5710,211
5711,211
5712,211
5713,211
5714,211
5715,211
5716,211
5717,211
5718,211
5719,211
5720,211
5721,211
5722,211
5723,211
5724,211
5725,211
5726,211
5727,211
5728,211
5729,211
5730,211
5731,211
5732,211
5733,211
5734,211
5735,211
5736,211
5737,211
5738,211
5739,211
5740,211
5741,211
5742,211
5743,211
5744,211
5745,211
5746,211
5747,211
5748,211
5749,211
5750,211
5751,211
5752,211
5753,211
5754,211
5755,211
5756,211
5757,211
5758,211
5759,211
5760,211
5761,211
5762,211
5763,211
5764,211
5765,211
5766,211
5767,211
5768,211
5769,211
5770,211
5771,211
5772,211
5773,211
5774,211
5775,211
5776,211
5777,210
5778,210
5779,210
5780,210
5781,210
5782,210
5783,210
5784,210
5785,210
5786,210
5787,210
5788,210
5789,210
5790,210
5791,210
5792,210
5793,210
5794,210
5795,210
5796,210
5797,210
5798,210
5799,210
5800,210
5801,210
5802,210
5803,210
5804,210
5805,210
5806,210
5807,210
5808,210
5809,210
5810,210
5811,210
5812,210
5813,210
5814,210
5815,210
5816,210
5817,210
5818,210
5819,210
5820,210
5821,210
5822,210
5823,210
5824,210
5825,210
5826,210
5827,210
5828,210
5829,210
5830,210
5831,210
5832,210
5833,210
5834,210
5835,210
5836,210
5837,210
5838,210
5839,210
5840,210
5841,210
5842,210
5843,210
5844,210
5845,210
5846,210
5847,210
5848,210
5849,210
5850,210
5851,210
5852,210
5853,210
5854,210
5855,210
5856,210
5857,210
5858,210
5859,210
5860,210
5861,210
5862,210
5863,210
5864,210
5865,210
5866,210
5867,210
5868,210
5869,210
5870,210
5871,210
5872,210
5873,210
5874,210
5875,210
5876,210
5877,210
5878,210
5879,210
5880,210
5881,210
5882,210
5883,210
5884,210
5885,210
5886,210
5887,210
5888,210
5889,210
5890,210
5891,210
5892,210
5893,210
5894,210
5895,210
5896,210
5897,210
5898,210
5899,210
5900,210
5901,210
5902,210
5903,210
5904,210
5905,210
5906,210
5907,210
5908,210
5909,210
5910,210
5911,210
5912,210
5913,210
5914,210
5915,210
5916,210
5917,210
5918,210
5919,210
5920,210
5921,210
5922,210
5923,210
5924,210
5925,210
5926,210
5927,210
5928,210
5929,210
5930,210
5931,210
5932,210
5933,210
5934,210
5935,210
5936,210
5937,210
5938,210
5939,210
5940,210
5941,210
5942,210
5943,210
5944,210
5945,210
5946,210
5947,210
5948,210
5949,210
5950,210
5951,210
5952,210
5953,210
5954,210
5955,210
5956,210
5957,210
5958,210
5959,210
5960,210
5961,210
5962,210
5963,210
5964,210
5965,210
5966,210
5967,210
5968,210
5969,210
5970,210
5971,210
5972,210
5973,210
5974,210
5975,210
5976,210
5977,210
5978,210
5979,210
5980,210
5981,210
5982,210
5983,210
5984,210
5985,210
5986,210
5987,210
5988,210
5989,210
5990,210
5991,210
5992,210
5993,210
5994,210
5995,210
5996,210
5997,210
5998,210
5999,210
6000,210
6001,210
6002,210
6003,210
6004,210
6005,210
6006,210
6007,210
6008,210
6009,210
6010,210
6011,210
6012,210
6013,210
6014,210
6015,210
6016,210
6017,210
6018,210
6019,210
6020,210
6021,210
6022,210
6023,210
6024,210
6025,210
6026,210
6027,210
6028,210
6029,210
6030,210
6031,210
6032,210
6033,210
6034,210
6035,210
6036,210
6037,210
6038,210
6039,210
6040,210
6041,210
6042,210
6043,210
6044,210
6045,210
6046,210
6047,210
6048,210
6049,210
6050,210
6051,210
6052,210
6053,210
6054,210
6055,210
6056,210
6057,210
6058,210
6059,210
6060,210
6061,210
6062,210
6063,210
6064,210
6065,210
6066,210
6067,210
6068,210
6069,210
6070,210
6071,210
6072,210
6073,210
6074,210
6075,210
6076,210
6077,210
6078,210
6079,210
6080,210
6081,210
6082,210
6083,210
6084,210
6085,210
6086,210
6087,210
6088,210
6089,210
6090,210
6091,210
6092,210
6093,210
6094,210
6095,210
6096,210
6097,210
6098,210
6099,210
6100,210
6101,210
6102,210
6103,210
6104,210
6105,210
6106,210
6107,210
6108,210
6109,210
6110,210
6111,210
6112,210
6113,210
6114,210
6115,210
6116,210
6117,210
6118,210
6119,210
6120,210
6121,210
6122,210
6123,210
6124,210
6125,210
6126,210
6127,210
6128,210
6129,210
6130,210
6131,210
6132,210
6133,210
6134,210
6135,210
6136,210
6137,210
6138,210
6139,210
6140,210
6141,210
6142,210
6143,210
6144,210
6145,210
6146,210
6147,210
6148,210
6149,210
6150,210
6151,210
6152,210
6153,210
6154,210
6155,210
6156,210
6157,210
6158,210
6159,210
6160,210
6161,210
6162,210
6163,210
6164,210
6165,210
6166,210
6167,210
6168,210
6169,210
6170,210
6171,210
6172,210
6173,210
6174,210
6175,210
6176,210
6177,210
6178,210
6179,210
6180,210
6181,209
6182,209
6183,209
6184,209
6185,209
6186,209
6187,209
6188,209
6189,209
6190,209
6191,209
6192,209
6193,209
6194,209
6195,209
6196,209
6197,209
6198,209
6199,209
6200,209
6201,209
6202,209
6203,209
6204,209
6205,209
6206,209
6207,209
6208,209
6209,209
6210,209
6211,209
6212,209
6213,209
6214,209
6215,208
6216,208
6217,208
6218,208
6219,208
6220,208
6221,208
6222,208
6223,208
6224,208
6225,208
6226,208
6227,208
6228,208
6229,208
6230,208
6231,208
6232,208
6233,208
6234,208
6235,208
6236,208
6237,208
6238,208
6239,208
6240,208
6241,208
6242,207
6243,207
6244,206
6245,206
6246,206
6247,206
6248,206
6249,206
6250,206
6251,206
6252,206
6253,206
6254,206
6255,206
6256,206
6257,206
6258,206
6259,206
6260,206
6261,206
6262,206
6263,206
6264,206
6265,206
6266,206
6267,206
6268,206
6269,206
6270,206
6271,206
6272,206
6273,206
6274,206
6275,206
6276,206
6277,206
6278,206
6279,206
6280,206
6281,206
6282,206
6283,206
6284,206
6285,206
6286,206
6287,206
6288,206
6289,206
6290,206
6291,206
6292,206
6293,206
6294,206
6295,206
6296,206
6297,206
6298,206
6299,206
6300,206
6301,206
6302,206
6303,206
6304,206
6305,206
6306,206
6307,206
6308,206
6309,206
6310,206
6311,206
6312,206
6313,206
6314,206
6315,206
6316,206
6317,206
6318,206
6319,206
6320,206
6321,206
6322,206
6323,206
6324,206
6325,206
6326,206
6327,206
6328,206
6329,206
6330,206
6331,206
6332,206
6333,206
6334,206
6335,206
6336,206
6337,206
6338,206
6339,206
6340,206
6341,206
6342,206
6343,206
6344,206
6345,206
6346,206
6347,206
6348,206
6349,206
6350,206
6351,206
6352,206
6353,206
6354,206
6355,206
6356,206
6357,206
6358,206
6359,206
6360,206
6361,206
6362,206
6363,206
6364,206
6365,206
6366,206
6367,206
6368,206
6369,206
6370,206
6371,206
6372,206
6373,206
6374,206
6375,206
6376,206
6377,206
6378,206
6379,206
6380,206
6381,206
6382,206
6383,206
6384,206
6385,206
6386,206
6387,206
6388,206
6389,206
6390,206
6391,206
6392,206
6393,206
6394,206
6395,206
6396,206
6397,206
6398,206
6399,206
6400,206
6401,206
6402,206
6403,206
6404,206
6405,206
6406,206
6407,206
6408,206
6409,206
6410,206
6411,206
6412,206
6413,206
6414,206
6415,206
6416,206
6417,206
6418,206
6419,206
6420,206
6421,206
6422,206
6423,206
6424,206
6425,206
6426,206
6427,206
6428,206
6429,206
6430,206
6431,206
6432,206
6433,206
6434,206
6435,206
6436,206
6437,206
6438,206
6439,206
6440,206
6441,206
6442,206
6443,206
6444,206
6445,206
6446,206
6447,206
6448,206
6449,206
6450,206
6451,206
6452,206
6453,206
6454,206
6455,206
6456,206
6457,206
6458,206
6459,206
6460,206
6461,206
6462,206
6463,206
6464,206
6465,206
6466,206
6467,206
6468,206
6469,206
6470,206
6471,206
6472,206
6473,206
6474,206
6475,206
6476,206
6477,206
6478,206
6479,206
6480,206
6481,206
6482,206
6483,206
6484,206
6485,206
6486,206
6487,206
6488,206
6489,206
6490,206
6491,206
6492,206
6493,206
6494,206
6495,206
6496,206
6497,206
6498,206
6499,206
6500,206
6501,206
6502,206
6503,206
6504,206
6505,206
6506,206
6507,206
6508,206
6509,206
6510,206
6511,206
6512,206
6513,206
6514,206
6515,206
6516,206
6517,206
6518,206
6519,206
6520,206
6521,206
6522,206
6523,206
6524,206
6525,206
6526,206
6527,206
6528,206
6529,206
6530,206
6531,206
6532,206
6533,206
6534,206
6535,206
6536,206
6537,206
6538,206
6539,206
6540,206
6541,206
6542,206
6543,206
6544,206
6545,206
6546,206
6547,206
6548,206
6549,206
6550,206
6551,206
6552,206
6553,206
6554,206
6555,206
6556,205
6557,205
6558,205
6559,205
6560,205
6561,205
6562,205
6563,205
6564,205
6565,205
6566,205
6567,205
6568,205
6569,205
6570,205
6571,205
6572,205
6573,205
6574,205
6575,205
6576,205
6577,205
6578,205
6579,205
6580,204
6581,204
6582,204
6583,204
6584,204
6585,204
6586,204
6587,204
6588,204
6589,204
6590,204
6591,204
6592,204
6593,204
6594,204
6595,204
6596,204
6597,204
6598,204
6599,204
6600,204
6601,204
6602,204
6603,204
6604,204
6605,204
6606,204
6607,204
6608,204
6609,204
6610,204
6611,204
6612,204
6613,204
6614,204
6615,204
6616,204
6617,204
6618,204
6619,204
6620,204
6621,204
6622,204
6623,204
6624,204
6625,204
6626,204
6627,204
6628,204
6629,204
6630,204
6631,204
6632,204
6633,204
6634,204
6635,204
6636,204
6637,204
6638,204
6639,204
6640,204
6641,204
6642,204
6643,204
6644,204
6645,204
6646,204
6647,204
6648,204
6649,204
6650,204
6651,204
6652,204
6653,204
6654,204
6655,204
6656,204
6657,204
6658,204
6659,204
6660,204
6661,204
6662,204
6663,204
6664,204
6665,204
6666,204
6667,204
6668,204
6669,204
6670,204
6671,204
6672,204
6673,204
6674,204
6675,204
6676,204
6677,204
6678,204
6679,204
6680,204
6681,204
6682,204
6683,204
6684,204
6685,204
6686,204
6687,204
6688,204
6689,204
6690,204
6691,204
6692,204
6693,204
6694,204
6695,204
6696,204
6697,204
6698,204
6699,204
6700,204
6701,204
6702,204
6703,204
6704,204
6705,204
6706,204
6707,204
6708,204
6709,204
6710,204
6711,204
6712,204
6713,204
6714,204
6715,204
6716,204
6717,204
6718,204
6719,204
6720,204
6721,204
6722,204
6723,204
6724,204
6725,204
6726,204
6727,204
6728,204
6729,204
6730,204
6731,204
6732,204
6733,204
6734,204
6735,204
6736,204
6737,204
6738,204
6739,204
6740,204
6741,204
6742,204
6743,204
6744,204
6745,204
6746,204
6747,204
6748,204
6749,204
6750,204
6751,204
6752,204
6753,204
6754,204
6755,204
6756,204
6757,204
6758,204
6759,204
6760,204
6761,204
6762,204
6763,204
6764,204
6765,204
6766,204
6767,204
6768,204
6769,204
6770,204
6771,204
6772,204
6773,204
6774,204
6775,204
6776,204
6777,204
6778,204
6779,204
6780,204
6781,204
6782,204
6783,204
6784,204
6785,204
6786,204
6787,204
6788,204
6789,204
6790,204
6791,204
6792,204
6793,204
6794,204
6795,204
6796,204
6797,204
6798,204
6799,204
6800,204
6801,204
6802,204
6803,204
6804,204
6805,204
6806,204
6807,204
6808,204
6809,204
6810,204
6811,204
6812,204
6813,204
6814,204
6815,204
6816,204
6817,204
6818,204
6819,204
6820,204
6821,204
6822,204
6823,204
6824,204
6825,204
6826,204
6827,204
6828,204
6829,204
6830,204
6831,204
6832,204
6833,204
6834,204
6835,204
6836,204
6837,204
6838,204
6839,204
6840,204
6841,204
6842,204
6843,204
6844,204
6845,204
6846,204
6847,204
6848,204
6849,204
6850,204
6851,204
6852,204
6853,204
6854,204
6855,204
6856,204
6857,204
6858,204
6859,204
6860,204
6861,204
6862,204
6863,204
6864,204
6865,204
6866,204
6867,204
6868,204
6869,204
6870,204
6871,204
6872,204
6873,204
6874,204
6875,204
6876,204
6877,204
6878,204
6879,204
6880,204
6881,204
6882,204
6883,204
6884,204
6885,204
6886,204
6887,204
6888,204
6889,204
6890,204
6891,204
6892,204
6893,204
6894,204
6895,204
6896,204
6897,204
6898,204
6899,204
6900,204
6901,204
6902,204
6903,204
6904,204
6905,204
6906,204
6907,204
6908,204
6909,204
6910,204
6911,204
6912,204
6913,204
6914,204
6915,204
6916,204
6917,204
6918,204
6919,204
6920,204
6921,204
6922,204
6923,204
6924,204
6925,204
6926,204
6927,204
6928,204
6929,204
6930,204
6931,204
6932,204
6933,204
6934,204
6935,204
6936,204
6937,204
6938,204
6939,204
6940,204
6941,204
6942,204
6943,204
6944,204
6945,204
6946,204
6947,204
6948,204
6949,204
6950,204
6951,204
6952,204
6953,204
6954,204
6955,204
6956,204
6957,204
6958,204
6959,204
6960,204
6961,204
6962,204
6963,204
6964,204
6965,204
6966,204
6967,204
6968,204
6969,204
6970,204
6971,204
6972,204
6973,204
6974,204
6975,204
6976,204
6977,204
6978,204
6979,204
6980,204
6981,204
6982,204
6983,204
6984,204
6985,204
6986,204
6987,204
6988,204
6989,204
6990,204
6991,204
6992,204
6993,204
6994,204
6995,204
6996,204
6997,204
6998,204
6999,203
7000,203
7001,203
7002,203
7003,203
7004,203
7005,203
7006,203
7007,203
7008,203
7009,203
7010,203
7011,203
7012,203
7013,203
7014,203
7015,203
7016,203
7017,203
7018,203
7019,203
7020,203
7021,203
7022,203
7023,203
7024,203
7025,203
7026,203
7027,203
7028,203
7029,203
7030,203
7031,203
7032,203
7033,203
7034,203
7035,203
7036,203
7037,203
7038,203
7039,203
7040,203
7041,203
7042,203
7043,203
7044,203
7045,203
7046,203
7047,203
7048,203
7049,203
7050,203
7051,203
7052,203
7053,203
7054,203
7055,203
7056,203
7057,203
7058,203
7059,203
7060,203
7061,203
7062,203
7063,203
7064,203
7065,203
7066,203
7067,203
7068,203
7069,203
7070,203
7071,203
7072,203
7073,203
7074,203
7075,203
7076,203
7077,203
7078,203
7079,203
7080,203
7081,203
7082,203
7083,203
7084,203
7085,203
7086,203
7087,203
7088,203
7089,203
7090,203
7091,203
7092,203
7093,203
7094,203
7095,203
7096,203
7097,203
7098,203
7099,203
7100,203
7101,203
7102,203
7103,203
7104,203
7105,203
7106,203
7107,203
7108,203
7109,203
7110,203
7111,203
7112,203
7113,203
7114,203
7115,203
7116,203
7117,203
7118,203
7119,203
7120,203
7121,203
7122,203
7123,203
7124,203
7125,203
7126,203
7127,203
7128,203
7129,203
7130,203
7131,203
7132,203
7133,203
7134,203
7135,203
7136,203
7137,203
7138,203
7139,203
7140,203
7141,203
7142,203
7143,203
7144,203
7145,203
7146,203
7147,203
7148,203
7149,203
7150,203
7151,203
7152,203
7153,203
7154,203
7155,203
7156,203
7157,203
7158,203
7159,203
7160,203
7161,203
7162,203
7163,203
7164,203
7165,203
7166,203
7167,203
7168,203
7169,203
7170,203
7171,203
7172,203
7173,203
7174,203
7175,203
7176,203
7177,203
7178,203
7179,203
7180,203
7181,203
7182,203
7183,203
7184,203
7185,203
7186,203
7187,203
7188,203
7189,203
7190,203
7191,203
7192,203
7193,203
7194,203
7195,203
7196,203
7197,203
7198,203
7199,203
7200,203
7201,203
7202,203
7203,203
7204,203
7205,203
7206,203
7207,203
7208,203
7209,203
7210,203
7211,203
7212,203
7213,203
7214,203
7215,203
7216,203
7217,203
7218,203
7219,203
7220,203
7221,203
7222,203
7223,203
7224,203
7225,203
7226,203
7227,203
7228,203
7229,203
7230,203
7231,203
7232,203
7233,203
7234,203
7235,203
7236,203
7237,203
7238,203
7239,203
7240,203
7241,203
7242,203
7243,203
7244,203
7245,203
7246,203
7247,203
7248,203
7249,203
7250,203
7251,203
7252,203
7253,203
7254,203
7255,203
7256,203
7257,203
7258,203
7259,203
7260,203
7261,203
7262,203
7263,203
7264,203
7265,203
7266,203
7267,203
7268,203
7269,203
7270,203
7271,203
7272,203
7273,203
7274,203
7275,203
7276,203
7277,203
7278,203
7279,203
7280,203
7281,203
7282,203
7283,203
7284,203
7285,203
7286,203
7287,203
7288,203
7289,203
7290,203
7291,203
7292,203
7293,203
7294,203
7295,203
7296,203
7297,203
7298,203
7299,203
7300,203
7301,203
7302,203
7303,203
7304,203
7305,203
7306,203
7307,203
7308,203
7309,203
7310,203
7311,203
7312,203
7313,203
7314,203
7315,203
7316,203
7317,203
7318,203
7319,203
7320,203
7321,203
7322,203
7323,203
7324,203
7325,203
7326,203
7327,203
7328,203
7329,203
7330,203
7331,203
7332,203
7333,203
7334,203
7335,203
7336,203
7337,203
7338,203
7339,203
7340,203
7341,203
7342,203
7343,203
7344,203
7345,203
7346,203
7347,203
7348,203
7349,203
7350,203
7351,203
7352,203
7353,203
7354,203
7355,203
7356,203
7357,203
7358,203
7359,203
7360,203
7361,203
7362,203
7363,203
7364,203
7365,203
7366,203
7367,203
7368,203
7369,203
7370,203
7371,203
7372,203
7373,203
7374,203
7375,203
7376,203
7377,203
7378,203
7379,203
7380,203
7381,203
7382,203
7383,203
7384,203
7385,203
7386,203
7387,203
7388,203
7389,203
7390,203
7391,203
7392,203
7393,203
7394,203
7395,203
7396,203
7397,203
7398,203
7399,203
7400,203
7401,203
7402,203
7403,203
7404,203
7405,203
7406,203
7407,203
7408,203
7409,203
7410,203
7411,203
7412,203
7413,203
7414,203
7415,203
7416,203
7417,203
7418,203
7419,203
7420,203
7421,203
7422,203
7423,203
7424,203
7425,203
7426,203
7427,203
7428,203
7429,203
7430,203
7431,203
7432,203
7433,203
7434,203
7435,203
7436,203
7437,203
7438,203
7439,203
7440,203
7441,203
7442,203
7443,203
7444,203
7445,203
7446,203
7447,203
7448,203
7449,203
7450,203
7451,203
7452,203
7453,203
7454,203
7455,203
7456,203
7457,203
7458,203
7459,203
7460,203
7461,203
7462,203
7463,203
7464,203
7465,203
7466,203
7467,203
7468,203
7469,203
7470,203
7471,203
7472,203
7473,203
7474,203
7475,203
7476,203
7477,203
7478,203
7479,203
7480,203
7481,203
7482,203
7483,203
7484,203
7485,203
7486,203
7487,203
7488,203
7489,203
7490,203
7491,203
7492,203
7493,203
7494,203
7495,203
7496,203
7497,203
7498,203
7499,203
7500,203
7501,203
7502,203
7503,203
7504,203
7505,203
7506,203
7507,203
7508,203
7509,203
7510,203
7511,203
7512,203
7513,203
7514,203
7515,203
7516,203
7517,203
7518,203
7519,203
7520,203
7521,203
7522,203
7523,203
7524,203
7525,203
7526,203
7527,203
7528,203
7529,203
7530,203
7531,203
7532,203
7533,203
7534,203
7535,203
7536,203
7537,203
7538,203
7539,203
7540,203
7541,203
7542,203
7543,203
7544,203
7545,203
7546,203
7547,203
7548,203
7549,203
7550,203
7551,203
7552,203
7553,203
7554,203
7555,203
7556,203
7557,203
7558,203
7559,203
7560,203
7561,203
7562,203
7563,203
7564,203
7565,203
7566,203
7567,203
7568,203
7569,203
7570,203
7571,203
7572,203
7573,203
7574,203
7575,203
7576,203
7577,203
7578,203
7579,203
7580,203
7581,203
7582,203
7583,203
7584,203
7585,203
7586,203
7587,203
7588,203
7589,203
7590,203
7591,203
7592,203
7593,203
7594,203
7595,203
7596,203
7597,203
7598,203
7599,203
7600,203
7601,203
7602,203
7603,203
7604,203
7605,203
7606,203
7607,203
7608,203
7609,203
7610,203
7611,203
7612,203
7613,203
7614,203
7615,203
7616,203
7617,203
7618,203
7619,203
7620,203
7621,203
7622,203
7623,203
7624,203
7625,203
7626,203
7627,203
7628,203
7629,203
7630,203
7631,203
7632,203
7633,203
7634,203
7635,203
7636,203
7637,203
7638,203
7639,203
7640,203
7641,203
7642,203
7643,203
7644,203
7645,203
7646,203
7647,203
7648,203
7649,203
7650,203
7651,203
7652,203
7653,203
7654,203
7655,203
7656,203
7657,203
7658,203
7659,203
7660,203
7661,203
7662,203
7663,203
7664,203
7665,203
7666,203
7667,203
7668,203
7669,203
7670,203
7671,203
7672,203
7673,203
7674,203
7675,203
7676,203
7677,203
7678,203
7679,203
7680,203
7681,203
7682,203
7683,203
7684,203
7685,203
7686,203
7687,203
7688,203
7689,203
7690,203
7691,203
7692,203
7693,203
7694,203
7695,203
7696,203
7697,203
7698,203
7699,203
7700,203
7701,203
7702,203
7703,203
7704,203
7705,203
7706,203
7707,203
7708,203
7709,203
7710,203
7711,203
7712,203
7713,203
7714,203
7715,203
7716,203
7717,203
7718,203
7719,203
7720,203
7721,203
7722,203
7723,203
7724,203
7725,203
7726,203
7727,203
7728,203
7729,203
7730,203
7731,203
7732,203
7733,203
7734,203
7735,203
7736,203
7737,203
7738,203
7739,203
7740,203
7741,203
7742,203
7743,203
7744,203
7745,203
7746,203
7747,203
7748,203
7749,203
7750,203
7751,203
7752,203
7753,203
7754,203
7755,203
7756,203
7757,203
7758,203
7759,203
7760,203
7761,203
7762,203
7763,203
7764,203
7765,203
7766,203
7767,203
7768,203
7769,203
7770,203
7771,203
7772,203
7773,203
7774,203
7775,203
7776,203
7777,203
7778,203
7779,203
7780,203
7781,203
7782,203
7783,203
7784,203
7785,203
7786,203
7787,203
7788,203
7789,203
7790,203
7791,203
7792,203
7793,203
7794,203
7795,203
7796,203
7797,203
7798,203
7799,203
7800,203
7801,203
7802,203
7803,203
7804,203
7805,203
7806,203
7807,203
7808,203
7809,203
7810,203
7811,203
7812,203
7813,203
7814,203
7815,203
7816,203
7817,203
7818,203
7819,203
7820,203
7821,203
7822,203
7823,203
7824,203
7825,203
7826,203
7827,203
7828,203
7829,203
7830,203
7831,203
7832,203
7833,203
7834,203
7835,203
7836,203
7837,203
7838,203
7839,203
7840,203
7841,203
7842,203
7843,203
7844,203
7845,203
7846,203
7847,203
7848,203
7849,203
7850,203
7851,203
7852,203
7853,203
7854,203
7855,203
7856,203
7857,203
7858,203
7859,203
7860,203
7861,203
7862,203
7863,203
7864,203
7865,203
7866,203
7867,203
7868,203
7869,203
7870,203
7871,203
7872,203
7873,203
7874,203
7875,203
7876,203
7877,203
7878,203
7879,203
7880,203
7881,203
7882,203
7883,203
7884,203
7885,203
7886,203
7887,203
7888,203
7889,203
7890,203
7891,203
7892,203
7893,203
7894,203
7895,203
7896,203
7897,203
7898,203
7899,203
7900,203
7901,203
7902,203
7903,203
7904,203
7905,203
7906,203
7907,203
7908,203
7909,203
7910,203
7911,203
7912,203
7913,203
7914,203
7915,203
7916,203
7917,203
7918,203
7919,203
7920,203
7921,203
7922,203
7923,203
7924,203
7925,203
7926,203
7927,203
7928,203
7929,203
7930,203
7931,203
7932,203
7933,203
7934,203
7935,203
7936,203
7937,203
7938,203
7939,203
7940,203
7941,203
7942,203
7943,203
7944,203
7945,203
7946,203
7947,203
7948,203
7949,203
7950,203
7951,203
7952,203
7953,203
7954,203
7955,203
7956,203
7957,203
7958,203
7959,203
7960,203
7961,203
7962,203
7963,203
7964,203
7965,203
7966,203
7967,203
7968,203
7969,203
7970,203
7971,203
7972,203
7973,203
7974,203
7975,203
7976,203
7977,203
7978,203
7979,203
7980,203
7981,203
7982,203
7983,203
7984,203
7985,203
7986,203
7987,203
7988,203
7989,203
7990,203
7991,203
7992,203
7993,203
7994,203
7995,203
7996,203
7997,203
7998,203
7999,203
8000,203
8001,203
8002,203
8003,203
8004,203
8005,203
8006,203
8007,203
8008,203
8009,203
8010,203
8011,203
8012,203
8013,203
8014,203
8015,203
8016,203
8017,203
8018,203
8019,203
8020,203
8021,203
8022,203
8023,203
8024,203
8025,203
8026,203
8027,203
8028,203
8029,203
8030,203
8031,203
8032,203
8033,203
8034,203
8035,203
8036,203
8037,203
8038,203
8039,203
8040,203
8041,203
8042,203
8043,203
8044,203
8045,203
8046,203
8047,203
8048,203
8049,203
8050,203
8051,203
8052,203
8053,203
8054,203
8055,203
8056,203
8057,203
8058,203
8059,203
8060,203
8061,203
8062,203
8063,203
8064,203
8065,203
8066,203
8067,203
8068,203
8069,203
8070,203
8071,203
8072,203
8073,203
8074,203
8075,203
8076,203
8077,203
8078,203
8079,203
8080,203
8081,203
8082,203
8083,203
8084,203
8085,203
8086,203
8087,203
8088,203
8089,203
8090,203
8091,203
8092,203
8093,203
8094,203
8095,203
8096,203
8097,203
8098,203
8099,203
8100,203
8101,203
8102,203
8103,203
8104,203
8105,203
8106,203
8107,203
8108,203
8109,203
8110,203
8111,203
8112,203
8113,203
8114,203
8115,203
8116,203
8117,203
8118,203
8119,203
8120,203
8121,203
8122,203
8123,203
8124,203
8125,203
8126,203
8127,203
8128,203
8129,203
8130,203
8131,203
8132,203
8133,203
8134,203
8135,203
8136,203
8137,203
8138,203
8139,203
8140,203
8141,203
8142,203
8143,203
8144,203
8145,203
8146,203
8147,203
8148,203
8149,203
8150,203
8151,203
8152,203
8153,203
8154,203
8155,203
8156,203
8157,203
8158,203
8159,203
8160,203
8161,203
8162,203
8163,203
8164,203
8165,203
8166,203
8167,203
8168,203
8169,203
8170,203
8171,203
8172,203
8173,203
8174,203
8175,203
8176,203
8177,203
8178,203
8179,203
8180,203
8181,203
8182,203
8183,203
8184,203
8185,203
8186,203
8187,203
8188,203
8189,203
8190,203
8191,203
8192,203
8193,203
8194,203
8195,203
8196,203
8197,203
8198,203
8199,203
8200,203
8201,203
8202,203
8203,203
8204,203
8205,203
8206,203
8207,203
8208,203
8209,203
8210,203
8211,203
8212,203
8213,203
8214,203
8215,203
8216,203
8217,203
8218,203
8219,203
8220,203
8221,203
8222,203
8223,203
8224,203
8225,203
8226,203
8227,203
8228,203
8229,203
8230,203
8231,203
8232,203
8233,203
8234,203
8235,203
8236,203
8237,203
8238,203
8239,203
8240,203
8241,203
8242,203
8243,203
8244,203
8245,203
8246,203
8247,203
8248,203
8249,203
8250,203
8251,203
8252,203
8253,203
8254,203
8255,203
8256,203
8257,203
8258,203
8259,203
8260,203
8261,203
8262,203
8263,203
8264,203
8265,203
8266,203
8267,203
8268,203
8269,203
8270,203
8271,203
8272,203
8273,203
8274,203
8275,203
8276,203
8277,203
8278,203
8279,203
8280,203
8281,203
8282,203
8283,203
8284,203
8285,203
8286,203
8287,203
8288,203
8289,203
8290,203
8291,203
8292,203
8293,203
8294,203
8295,203
8296,203
8297,203
8298,203
8299,203
8300,203
8301,203
8302,203
8303,203
8304,203
8305,203
8306,203
8307,203
8308,203
8309,203
8310,203
8311,203
8312,203
8313,203
8314,203
8315,203
8316,203
8317,203
8318,203
8319,203
8320,203
8321,203
8322,203
8323,203
8324,203
8325,203
8326,203
8327,203
8328,203
8329,203
8330,203
8331,203
8332,203
8333,203
8334,203
8335,203
8336,203
8337,203
8338,203
8339,203
8340,203
8341,203
8342,203
8343,203
8344,203
8345,203
8346,203
8347,203
8348,203
8349,203
8350,203
8351,203
8352,203
8353,203
8354,203
8355,203
8356,203
8357,203
8358,203
8359,203
8360,203
8361,203
8362,203
8363,203
8364,203
8365,203
8366,203
8367,203
8368,203
8369,203
8370,203
8371,203
8372,203
8373,203
8374,203
8375,203
8376,203
8377,203
8378,203
8379,203
8380,203
8381,203
8382,203
8383,203
8384,203
8385,203
8386,203
8387,203
8388,203
8389,203
8390,203
8391,203
8392,203
8393,203
8394,203
8395,203
8396,203
8397,203
8398,203
8399,203
8400,203
8401,203
8402,203
8403,203
8404,203
8405,203
8406,203
8407,203
8408,203
8409,203
8410,203
8411,203
8412,203
8413,203
8414,203
8415,203
8416,203
8417,203
8418,203
8419,203
8420,203
8421,203
8422,203
8423,203
8424,203
8425,203
8426,203
8427,203
8428,203
8429,203
8430,203
8431,203
8432,203
8433,203
8434,203
8435,203
8436,203
8437,203
8438,203
8439,203
8440,203
8441,203
8442,203
8443,203
8444,203
8445,203
8446,203
8447,203
8448,203
8449,203
8450,203
8451,203
8452,203
8453,203
8454,203
8455,203
8456,203
8457,203
8458,203
8459,203
8460,203
8461,203
8462,203
8463,203
8464,203
8465,203
8466,203
8467,203
8468,203
8469,203
8470,203
8471,203
8472,203
8473,203
8474,203
8475,203
8476,203
8477,203
8478,203
8479,203
8480,203
8481,203
8482,203
8483,203
8484,203
8485,203
8486,203
8487,203
8488,203
8489,203
8490,203
8491,203
8492,203
8493,203
8494,203
8495,203
8496,203
8497,203
8498,203
8499,203
8500,203
8501,203
8502,203
8503,203
8504,203
8505,203
8506,203
8507,203
8508,203
8509,203
8510,203
8511,203
8512,203
8513,203
8514,203
8515,203
8516,203
8517,203
8518,203
8519,203
8520,203
8521,203
8522,203
8523,203
8524,203
8525,203
8526,203
8527,203
8528,203
8529,203
8530,203
8531,203
8532,203
8533,203
8534,203
8535,203
8536,203
8537,203
8538,203
8539,203
8540,203
8541,203
8542,203
8543,203
8544,203
8545,203
8546,203
8547,203
8548,203
8549,203
8550,203
8551,203
8552,203
8553,203
8554,203
8555,203
8556,203
8557,203
8558,203
8559,203
8560,203
8561,203
8562,203
8563,203
8564,203
8565,203
8566,203
8567,203
8568,203
8569,203
8570,203
8571,203
8572,203
8573,203
8574,203
8575,203
8576,203
8577,203
8578,203
8579,203
8580,203
8581,203
8582,203
8583,203
8584,203
8585,203
8586,203
8587,203
8588,203
8589,203
8590,203
8591,203
8592,203
8593,203
8594,203
8595,203
8596,203
8597,203
8598,203
8599,203
8600,203
8601,203
8602,203
8603,203
8604,203
8605,203
8606,203
8607,203
8608,203
8609,203
8610,203
8611,203
8612,203
8613,203
8614,203
8615,203
8616,203
8617,203
8618,203
8619,203
8620,203
8621,203
8622,203
8623,203
8624,203
8625,203
8626,203
8627,203
8628,203
8629,203
8630,203
8631,203
8632,203
8633,203
8634,203
8635,203
8636,203
8637,203
8638,203
8639,203
8640,203
8641,203
8642,203
8643,203
8644,203
8645,203
8646,203
8647,203
8648,203
8649,203
8650,203
8651,203
8652,203
8653,203
8654,203
8655,203
8656,203
8657,203
8658,203
8659,203
8660,203
8661,203
8662,203
8663,203
8664,203
8665,203
8666,203
8667,203
8668,203
8669,203
8670,203
8671,203
8672,203
8673,203
8674,203
8675,203
8676,203
8677,203
8678,203
8679,203
8680,203
8681,203
8682,203
8683,203
8684,203
8685,203
8686,203
8687,203
8688,203
8689,203
8690,203
8691,203
8692,203
8693,203
8694,203
8695,203
8696,203
8697,203
8698,203
8699,203
8700,203
8701,203
8702,203
8703,203
8704,203
8705,203
8706,203
8707,203
8708,203
8709,203
8710,203
8711,203
8712,203
8713,203
8714,203
8715,203
8716,203
8717,203
8718,203
8719,203
8720,203
8721,203
8722,203
8723,203
8724,203
8725,203
8726,203
8727,203
8728,203
8729,203
8730,203
8731,203
8732,203
8733,203
8734,203
8735,203
8736,203
8737,203
8738,203
8739,203
8740,203
8741,203
8742,203
8743,203
8744,203
8745,203
8746,203
8747,203
8748,203
8749,203
8750,203
8751,203
8752,203
8753,203
8754,203
8755,203
8756,203
8757,203
8758,203
8759,203
8760,203
8761,203
8762,203
8763,203
8764,203
8765,203
8766,203
8767,203
8768,203
8769,203
8770,203
8771,203
8772,203
8773,203
8774,203
8775,203
8776,203
8777,203
8778,203
8779,203
8780,203
8781,203
8782,203
8783,203
8784,203
8785,203
8786,203
8787,203
8788,203
8789,203
8790,203
8791,203
8792,203
8793,203
8794,203
8795,203
8796,203
8797,203
8798,203
8799,203
8800,203
8801,203
8802,203
8803,203
8804,203
8805,203
8806,203
8807,203
8808,203
8809,203
8810,203
8811,203
8812,203
8813,203
8814,203
8815,203
8816,203
8817,203
8818,203
8819,203
8820,203
8821,203
8822,203
8823,203
8824,203
8825,203
8826,203
8827,203
8828,203
8829,203
8830,203
8831,203
8832,203
8833,203
8834,203
8835,203
8836,203
8837,203
8838,203
8839,203
8840,203
8841,203
8842,203
8843,203
8844,203
8845,203
8846,203
8847,203
8848,203
8849,203
8850,203
8851,203
8852,203
8853,203
8854,203
8855,203
8856,203
8857,203
8858,203
8859,203
8860,203
8861,203
8862,203
8863,203
8864,203
8865,203
8866,203
8867,203
8868,203
8869,203
8870,203
8871,203
8872,203
8873,203
8874,203
8875,203
8876,203
8877,203
8878,203
8879,203
8880,203
8881,203
8882,203
8883,203
8884,203
8885,203
8886,203
8887,203
8888,203
8889,203
8890,203
8891,203
8892,203
8893,203
8894,203
8895,203
8896,203
8897,203
8898,203
8899,203
8900,203
8901,203
8902,203
8903,203
8904,203
8905,203
8906,203
8907,203
8908,203
8909,203
8910,203
8911,203
8912,203
8913,203
8914,203
8915,203
8916,203
8917,203
8918,203
8919,203
8920,203
8921,203
8922,203
8923,203
8924,203
8925,203
8926,203
8927,203
8928,203
8929,203
8930,203
8931,203
8932,203
8933,203
8934,203
8935,203
8936,203
8937,203
8938,203
8939,203
8940,203
8941,203
8942,203
8943,203
8944,203
8945,203
8946,203
8947,203
8948,203
8949,203
8950,203
8951,203
8952,203
8953,203
8954,203
8955,203
8956,203
8957,203
8958,203
8959,203
8960,203
8961,203
8962,203
8963,203
8964,203
8965,203
8966,203
8967,203
8968,203
8969,203
8970,203
8971,203
8972,203
8973,203
8974,203
8975,203
8976,203
8977,203
8978,203
8979,203
8980,203
8981,203
8982,203
8983,203
8984,203
8985,203
8986,203
8987,203
8988,203
8989,203
8990,203
8991,203
8992,203
8993,203
8994,203
8995,203
8996,203
8997,203
8998,203
8999,203
9000,203
9001,203
9002,203
9003,203
9004,203
9005,203
9006,203
9007,203
9008,203
9009,203
9010,203
9011,203
9012,203
9013,203
9014,203
9015,203
9016,203
9017,203
9018,203
9019,203
9020,203
9021,203
9022,203
9023,203
9024,203
9025,203
9026,203
9027,203
9028,203
9029,203
9030,203
9031,203
9032,203
9033,203
9034,203
9035,203
9036,203
9037,203
9038,203
9039,203
9040,203
9041,203
9042,203
9043,203
9044,203
9045,203
9046,203
9047,203
9048,203
9049,203
9050,203
9051,203
9052,203
9053,203
9054,203
9055,203
9056,203
9057,203
9058,203
9059,203
9060,203
9061,203
9062,203
9063,203
9064,203
9065,203
9066,203
9067,203
9068,203
9069,203
9070,203
9071,203
9072,203
9073,203
9074,203
9075,203
9076,203
9077,203
9078,203
9079,203
9080,203
9081,203
9082,203
9083,203
9084,203
9085,203
9086,203
9087,203
9088,203
9089,203
9090,203
9091,203
9092,203
9093,203
9094,203
9095,203
9096,203
9097,203
9098,203
9099,203
9100,203
9101,203
9102,203
9103,203
9104,203
9105,203
9106,203
9107,203
9108,203
9109,203
9110,203
9111,203
9112,203
9113,203
9114,203
9115,203
9116,203
9117,203
9118,203
9119,203
9120,203
9121,203
9122,203
9123,203
9124,203
9125,203
9126,203
9127,203
9128,203
9129,203
9130,203
9131,203
9132,203
9133,203
9134,203
9135,203
9136,203
9137,203
9138,203
9139,203
9140,203
9141,203
9142,203
9143,203
9144,203
9145,203
9146,203
9147,203
9148,203
9149,203
9150,203
9151,203
9152,203
9153,203
9154,203
9155,203
9156,203
9157,203
9158,203
9159,203
9160,203
9161,203
9162,203
9163,203
9164,203
9165,203
9166,203
9167,203
9168,203
9169,203
9170,203
9171,203
9172,203
9173,203
9174,203
9175,203
9176,203
9177,203
9178,203
9179,203
9180,203
9181,203
9182,203
9183,203
9184,203
9185,203
9186,203
9187,203
9188,203
9189,203
9190,203
9191,203
9192,203
9193,203
9194,203
9195,203
9196,203
9197,203
9198,203
9199,203
9200,203
9201,203
9202,203
9203,203
9204,203
9205,203
9206,203
9207,203
9208,203
9209,203
9210,203
9211,203
9212,203
9213,203
9214,203
9215,203
9216,203
9217,203
9218,203
9219,203
9220,203
9221,203
9222,203
9223,203
9224,203
9225,203
9226,203
9227,203
9228,203
9229,203
9230,203
9231,203
9232,203
9233,203
9234,203
9235,203
9236,203
9237,203
9238,203
9239,203
9240,203
9241,203
9242,203
9243,203
9244,203
9245,203
9246,203
9247,203
9248,203
9249,203
9250,203
9251,203
9252,203
9253,203
9254,203
9255,203
9256,203
9257,203
9258,203
9259,203
9260,203
9261,203
9262,203
9263,203
9264,203
9265,203
9266,203
9267,203
9268,203
9269,203
9270,203
9271,203
9272,203
9273,203
9274,203
9275,203
9276,203
9277,203
9278,203
9279,203
9280,203
9281,203
9282,203
9283,203
9284,203
9285,203
9286,203
9287,203
9288,203
9289,203
9290,203
9291,203
9292,203
9293,203
9294,203
9295,203
9296,203
9297,203
9298,203
9299,203
9300,203
9301,203
9302,203
9303,203
9304,203
9305,203
9306,203
9307,203
9308,203
9309,203
9310,203
9311,203
9312,203
9313,203
9314,203
9315,203
9316,203
9317,203
9318,203
9319,203
9320,203
9321,203
9322,203
9323,203
9324,203
9325,203
9326,203
9327,203
9328,203
9329,203
9330,203
9331,203
9332,203
9333,203
9334,203
9335,203
9336,203
9337,203
9338,203
9339,203
9340,203
9341,203
9342,203
9343,203
9344,203
9345,203
9346,203
9347,203
9348,203
9349,203
9350,203
9351,203
9352,203
9353,203
9354,203
9355,203
9356,203
9357,203
9358,203
9359,203
9360,203
9361,203
9362,203
9363,203
9364,203
9365,203
9366,203
9367,203
9368,203
9369,203
9370,203
9371,203
9372,203
9373,203
9374,203
9375,203
9376,203
9377,203
9378,203
9379,203
9380,203
9381,203
9382,203
9383,203
9384,203
9385,203
9386,203
9387,203
9388,203
9389,203
9390,203
9391,203
9392,203
9393,203
9394,203
9395,203
9396,203
9397,203
9398,203
9399,203
9400,203
9401,203
9402,203
9403,203
9404,203
9405,203
9406,203
9407,203
9408,203
9409,203
9410,203
9411,203
9412,203
9413,203
9414,203
9415,203
9416,203
9417,203
9418,203
9419,203
9420,203
9421,203
9422,203
9423,203
9424,203
9425,203
9426,203
9427,203
9428,203
9429,203
9430,203
9431,203
9432,203
9433,203
9434,203
9435,203
9436,203
9437,203
9438,203
9439,203
9440,203
9441,203
9442,203
9443,203
9444,203
9445,203
9446,203
9447,203
9448,203
9449,203
9450,203
9451,203
9452,203
9453,203
9454,203
9455,203
9456,203
9457,203
9458,203
9459,203
9460,203
9461,203
9462,203
9463,203
9464,203
9465,203
9466,203
9467,203
9468,203
9469,203
9470,203
9471,203
9472,203
9473,203
9474,203
9475,203
9476,203
9477,203
9478,203
9479,203
9480,203
9481,203
9482,203
9483,203
9484,203
9485,203
9486,203
9487,203
9488,203
9489,203
9490,203
9491,203
9492,203
9493,203
9494,203
9495,203
9496,203
9497,203
9498,203
9499,203
9500,203
9501,203
9502,203
9503,203
9504,203
9505,203
9506,203
9507,203
9508,203
9509,203
9510,203
9511,203
9512,203
9513,203
9514,203
9515,203
9516,203
9517,203
9518,203
9519,203
9520,203
9521,203
9522,203
9523,203
9524,203
9525,203
9526,203
9527,203
9528,203
9529,203
9530,203
9531,203
9532,203
9533,203
9534,203
9535,203
9536,203
9537,203
9538,203
9539,203
9540,203
9541,203
9542,203
9543,203
9544,203
9545,203
9546,203
9547,203
9548,203
9549,203
9550,203
9551,203
9552,203
9553,203
9554,203
9555,203
9556,203
9557,203
9558,203
9559,203
9560,203
9561,203
9562,203
9563,203
9564,203
9565,203
9566,203
9567,203
9568,203
9569,203
9570,203
9571,203
9572,203
9573,203
9574,203
9575,203
9576,203
9577,203
9578,203
9579,203
9580,203
9581,203
9582,203
9583,203
9584,203
9585,203
9586,203
9587,203
9588,203
9589,203
9590,203
9591,203
9592,203
9593,203
9594,203
9595,203
9596,203
9597,203
9598,203
9599,203
9600,203
9601,203
9602,203
9603,203
9604,203
9605,203
9606,203
9607,203
9608,203
9609,203
9610,203
9611,203
9612,203
9613,203
9614,203
9615,203
9616,203
9617,203
9618,203
9619,203
9620,203
9621,203
9622,203
9623,203
9624,203
9625,203
9626,203
9627,203
9628,203
9629,203
9630,203
9631,203
9632,203
9633,203
9634,203
9635,203
9636,203
9637,203
9638,203
9639,203
9640,203
9641,203
9642,203
9643,203
9644,203
9645,203
9646,203
9647,203
9648,203
9649,203
9650,203
9651,203
9652,203
9653,203
9654,203
9655,203
9656,203
9657,203
9658,203
9659,203
9660,203
9661,203
9662,203
9663,203
9664,203
9665,203
9666,203
9667,203
9668,203
9669,203
9670,203
9671,203
9672,203
9673,203
9674,203
9675,203
9676,203
9677,203
9678,203
9679,203
9680,203
9681,203
9682,203
9683,203
9684,203
9685,203
9686,203
9687,203
9688,203
9689,203
9690,203
9691,203
9692,203
9693,203
9694,203
9695,203
9696,203
9697,203
9698,203
9699,203
9700,203
9701,203
9702,203
9703,203
9704,203
9705,203
9706,203
9707,203
9708,203
9709,203
9710,203
9711,203
9712,203
9713,203
9714,203
9715,203
9716,203
9717,203
9718,203
9719,203
9720,203
9721,203
9722,203
9723,203
9724,203
9725,203
9726,203
9727,203
9728,203
9729,203
9730,203
9731,203
9732,203
9733,203
9734,203
9735,203
9736,203
9737,203
9738,203
9739,203
9740,203
9741,203
9742,203
9743,203
9744,203
9745,203
9746,203
9747,203
9748,203
9749,203
9750,203
9751,203
9752,203
9753,203
9754,203
9755,203
9756,203
9757,203
9758,203
9759,203
9760,203
9761,203
9762,203
9763,203
9764,203
9765,203
9766,203
9767,203
9768,203
9769,203
9770,203
9771,203
9772,203
9773,203
9774,203
9775,203
9776,203
9777,203
9778,203
9779,203
9780,203
9781,203
9782,203
9783,203
9784,203
9785,203
9786,203
9787,203
9788,203
9789,203
9790,203
9791,203
9792,203
9793,203
9794,203
9795,203
9796,203
9797,203
9798,203
9799,203
9800,203
9801,203
9802,203
9803,203
9804,203
9805,203
9806,203
9807,203
9808,203
9809,203
9810,203
9811,203
9812,203
9813,203
9814,203
9815,203
9816,203
9817,203
9818,203
9819,203
9820,203
9821,203
9822,203
9823,203
9824,203
9825,203
9826,203
9827,203
9828,203
9829,203
9830,203
9831,203
9832,203
9833,203
9834,203
9835,203
9836,203
9837,203
9838,203
9839,203
9840,203
9841,203
9842,203
9843,203
9844,203
9845,203
9846,203
9847,203
9848,203
9849,203
9850,203
9851,203
9852,203
9853,203
9854,203
9855,203
9856,203
9857,203
9858,203
9859,203
9860,203
9861,203
9862,203
9863,203
9864,203
9865,203
9866,203
9867,203
9868,203
9869,203
9870,203
9871,203
9872,203
9873,203
9874,203
9875,203
9876,203
9877,203
9878,203
9879,203
9880,203
9881,203
9882,203
9883,203
9884,203
9885,203
9886,203
9887,203
9888,203
9889,203
9890,203
9891,203
9892,203
9893,203
9894,203
9895,203
9896,203
9897,203
9898,203
9899,203
9900,203
9901,203
9902,203
9903,203
9904,203
9905,203
9906,203
9907,203
9908,203
9909,203
9910,203
9911,203
9912,203
9913,203
9914,203
9915,203
9916,203
9917,203
9918,203
9919,203
9920,203
9921,203
9922,203
9923,203
9924,203
9925,203
9926,203
9927,203
9928,203
9929,203
9930,203
9931,203
9932,203
9933,203
9934,203
9935,203
9936,203
9937,203
9938,203
9939,203
9940,203
9941,203
9942,203
9943,203
9944,203
9945,203
9946,203
9947,203
9948,203
9949,203
9950,203
9951,203
9952,203
9953,203
9954,203
9955,203
9956,203
9957,203
9958,203
9959,203
9960,203
9961,203
9962,203
9963,203
9964,203
9965,203
9966,203
9967,203
9968,203
9969,203
9970,203
9971,203
9972,203
9973,203
9974,203
9975,203
9976,203
9977,203
9978,203
9979,203
9980,203
9981,203
9982,203
9983,203
9984,203
9985,203
9986,203
9987,203
9988,203
9989,203
9990,203
9991,203
9992,203
9993,203
9994,203
9995,203
9996,203
9997,203
9998,203
9999,203
