,pso
0,300
1,300
2,300
3,300
4,300
5,300
6,300
7,300
8,300
9,300
10,300
11,300
12,300
13,300
14,300
15,300
16,300
17,300
18,300
19,300
20,300
21,300
22,300
23,300
24,300
25,300
26,300
27,300
28,300
29,300
30,300
31,300
32,300
33,300
34,300
35,300
36,300
37,300
38,300
39,300
40,300
41,300
42,300
43,300
44,300
45,300
46,300
47,300
48,300
49,300
50,300
51,300
52,300
53,300
54,300
55,300
56,300
57,300
58,300
59,300
60,300
61,300
62,300
63,300
64,300
65,300
66,300
67,300
68,300
69,300
70,300
71,300
72,300
73,300
74,300
75,300
76,300
77,300
78,300
79,300
80,300
81,300
82,300
83,300
84,300
85,300
86,300
87,300
88,300
89,300
90,300
91,300
92,300
93,300
94,300
95,300
96,300
97,300
98,300
99,300
100,300
101,300
102,300
103,300
104,300
105,300
106,300
107,300
108,300
109,300
110,300
111,300
112,300
113,300
114,300
115,300
116,300
117,300
118,300
119,300
120,300
121,300
122,300
123,300
124,300
125,300
126,300
127,300
128,300
129,300
130,300
131,300
132,300
133,300
134,300
135,300
136,300
137,300
138,300
139,300
140,300
141,300
142,300
143,300
144,300
145,300
146,300
147,300
148,300
149,300
150,300
151,300
152,300
153,300
154,300
155,300
156,300
157,300
158,300
159,300
160,300
161,300
162,300
163,300
164,300
165,300
166,300
167,300
168,300
169,300
170,300
171,300
172,300
173,300
174,300
175,300
176,300
177,300
178,300
179,300
180,300
181,300
182,300
183,300
184,300
185,300
186,300
187,300
188,300
189,300
190,300
191,300
192,300
193,300
194,300
195,300
196,300
197,300
198,300
199,300
200,300
201,300
202,300
203,300
204,300
205,300
206,300
207,300
208,300
209,300
210,300
211,300
212,300
213,300
214,300
215,300
216,300
217,300
218,300
219,300
220,300
221,300
222,300
223,300
224,300
225,300
226,300
227,300
228,300
229,300
230,300
231,300
232,300
233,300
234,300
235,300
236,300
237,300
238,300
239,300
240,300
241,300
242,300
243,300
244,300
245,300
246,300
247,300
248,300
249,300
250,300
251,300
252,300
253,300
254,300
255,300
256,300
257,300
258,300
259,300
260,300
261,300
262,300
263,300
264,300
265,300
266,300
267,300
268,300
269,300
270,300
271,300
272,300
273,300
274,300
275,300
276,300
277,300
278,300
279,300
280,300
281,300
282,300
283,300
284,300
285,300
286,300
287,300
288,300
289,300
290,300
291,300
292,300
293,300
294,300
295,300
296,300
297,300
298,300
299,300
300,300
301,300
302,300
303,300
304,300
305,300
306,300
307,300
308,300
309,300
310,300
311,300
312,300
313,300
314,300
315,300
316,300
317,300
318,300
319,300
320,300
321,300
322,300
323,300
324,300
325,300
326,300
327,300
328,300
329,300
330,300
331,300
332,300
333,300
334,300
335,300
336,300
337,300
338,300
339,300
340,300
341,300
342,300
343,300
344,300
345,300
346,300
347,300
348,300
349,300
350,300
351,300
352,300
353,300
354,300
355,300
356,300
357,300
358,300
359,300
360,300
361,300
362,300
363,300
364,300
365,300
366,300
367,300
368,300
369,300
370,300
371,300
372,300
373,300
374,300
375,300
376,300
377,300
378,300
379,300
380,300
381,300
382,300
383,300
384,300
385,300
386,300
387,300
388,300
389,300
390,300
391,300
392,300
393,300
394,300
395,300
396,300
397,300
398,300
399,300
400,300
401,300
402,300
403,300
404,300
405,300
406,300
407,300
408,300
409,300
410,300
411,300
412,300
413,300
414,300
415,300
416,300
417,300
418,300
419,300
420,300
421,300
422,300
423,300
424,300
425,300
426,300
427,300
428,300
429,300
430,300
431,300
432,300
433,300
434,300
435,300
436,300
437,300
438,300
439,300
440,300
441,300
442,300
443,300
444,300
445,300
446,300
447,300
448,300
449,300
450,300
451,300
452,300
453,300
454,300
455,300
456,300
457,300
458,300
459,300
460,300
461,300
462,300
463,300
464,300
465,300
466,300
467,300
468,300
469,300
470,300
471,300
472,300
473,300
474,300
475,300
476,300
477,300
478,300
479,300
480,300
481,300
482,300
483,300
484,300
485,300
486,300
487,300
488,300
489,300
490,300
491,300
492,300
493,300
494,300
495,300
496,300
497,300
498,300
499,300
500,300
501,300
502,300
503,300
504,300
505,300
506,300
507,300
508,300
509,300
510,300
511,300
512,300
513,300
514,300
515,300
516,300
517,300
518,300
519,300
520,300
521,300
522,300
523,300
524,300
525,300
526,300
527,300
528,300
529,300
530,300
531,300
532,300
533,300
534,300
535,300
536,300
537,300
538,300
539,300
540,300
541,300
542,300
543,300
544,300
545,300
546,300
547,300
548,300
549,300
550,300
551,300
552,300
553,300
554,300
555,300
556,300
557,300
558,300
559,300
560,300
561,300
562,300
563,300
564,300
565,300
566,300
567,300
568,300
569,300
570,300
571,300
572,300
573,300
574,300
575,300
576,300
577,300
578,300
579,300
580,300
581,300
582,300
583,300
584,300
585,300
586,300
587,300
588,300
589,300
590,300
591,300
592,300
593,300
594,300
595,300
596,300
597,300
598,300
599,300
600,300
601,300
602,300
603,300
604,300
605,300
606,300
607,300
608,300
609,300
610,300
611,300
612,300
613,300
614,300
615,300
616,300
617,300
618,300
619,300
620,300
621,300
622,300
623,300
624,300
625,300
626,300
627,300
628,300
629,300
630,300
631,300
632,300
633,300
634,300
635,300
636,300
637,300
638,300
639,300
640,300
641,300
642,300
643,300
644,300
645,300
646,300
647,300
648,300
649,300
650,300
651,300
652,300
653,300
654,300
655,300
656,300
657,300
658,300
659,300
660,300
661,300
662,300
663,300
664,300
665,300
666,300
667,300
668,300
669,300
670,300
671,300
672,300
673,300
674,300
675,300
676,300
677,300
678,300
679,300
680,300
681,300
682,300
683,300
684,300
685,300
686,300
687,300
688,300
689,300
690,300
691,300
692,300
693,300
694,300
695,300
696,300
697,300
698,300
699,300
700,300
701,300
702,300
703,300
704,300
705,300
706,300
707,300
708,300
709,300
710,300
711,300
712,300
713,300
714,300
715,300
716,300
717,300
718,300
719,300
720,300
721,300
722,300
723,300
724,300
725,300
726,300
727,300
728,300
729,300
730,300
731,300
732,300
733,300
734,300
735,300
736,300
737,300
738,300
739,300
740,300
741,300
742,300
743,300
744,300
745,300
746,300
747,300
748,300
749,300
750,300
751,300
752,300
753,300
754,300
755,300
756,300
757,300
758,300
759,300
760,300
761,300
762,300
763,300
764,300
765,300
766,300
767,300
768,300
769,300
770,300
771,300
772,300
773,300
774,300
775,300
776,300
777,300
778,300
779,300
780,300
781,300
782,300
783,300
784,300
785,300
786,300
787,300
788,300
789,300
790,300
791,300
792,300
793,300
794,300
795,300
796,300
797,300
798,300
799,300
800,300
801,300
802,300
803,300
804,300
805,300
806,300
807,300
808,300
809,300
810,300
811,300
812,300
813,300
814,300
815,300
816,300
817,300
818,300
819,300
820,300
821,300
822,300
823,300
824,300
825,300
826,300
827,300
828,300
829,300
830,300
831,300
832,300
833,300
834,300
835,300
836,300
837,300
838,300
839,300
840,300
841,300
842,300
843,300
844,300
845,300
846,300
847,300
848,300
849,300
850,300
851,300
852,300
853,300
854,300
855,300
856,300
857,300
858,300
859,300
860,300
861,300
862,300
863,300
864,300
865,300
866,300
867,300
868,300
869,300
870,300
871,300
872,300
873,300
874,300
875,300
876,300
877,300
878,300
879,300
880,300
881,300
882,300
883,300
884,300
885,300
886,300
887,300
888,300
889,300
890,300
891,300
892,300
893,300
894,300
895,300
896,300
897,300
898,300
899,300
900,300
901,300
902,300
903,300
904,300
905,300
906,300
907,300
908,300
909,300
910,300
911,300
912,300
913,300
914,300
915,300
916,300
917,300
918,300
919,300
920,300
921,300
922,300
923,300
924,300
925,300
926,300
927,300
928,300
929,300
930,300
931,300
932,300
933,300
934,300
935,300
936,300
937,300
938,300
939,300
940,300
941,300
942,300
943,300
944,300
945,300
946,300
947,300
948,300
949,300
950,300
951,300
952,300
953,300
954,300
955,300
956,300
957,300
958,300
959,300
960,300
961,300
962,300
963,300
964,300
965,300
966,300
967,300
968,300
969,300
970,300
971,300
972,300
973,300
974,300
975,300
976,300
977,300
978,300
979,300
980,300
981,300
982,300
983,300
984,300
985,300
986,300
987,300
988,300
989,300
990,300
991,300
992,300
993,300
994,300
995,300
996,300
997,300
998,300
999,300
1000,300
1001,300
1002,300
1003,300
1004,300
1005,300
1006,300
1007,300
1008,300
1009,300
1010,300
1011,300
1012,300
1013,300
1014,300
1015,300
1016,300
1017,300
1018,300
1019,300
1020,300
1021,300
1022,300
1023,300
1024,300
1025,300
1026,300
1027,300
1028,300
1029,300
1030,300
1031,300
1032,300
1033,300
1034,300
1035,300
1036,300
1037,300
1038,300
1039,300
1040,300
1041,300
1042,300
1043,300
1044,300
1045,300
1046,300
1047,300
1048,300
1049,300
1050,300
1051,300
1052,300
1053,300
1054,300
1055,300
1056,300
1057,300
1058,300
1059,300
1060,300
1061,300
1062,300
1063,300
1064,300
1065,300
1066,300
1067,300
1068,300
1069,300
1070,300
1071,300
1072,300
1073,300
1074,300
1075,300
1076,300
1077,300
1078,300
1079,300
1080,300
1081,300
1082,300
1083,300
1084,300
1085,300
1086,300
1087,300
1088,300
1089,300
1090,300
1091,300
1092,300
1093,300
1094,300
1095,300
1096,300
1097,300
1098,300
1099,300
1100,300
1101,300
1102,300
1103,300
1104,300
1105,300
1106,300
1107,300
1108,300
1109,300
1110,300
1111,300
1112,300
1113,300
1114,300
1115,300
1116,300
1117,300
1118,300
1119,300
1120,300
1121,300
1122,300
1123,300
1124,300
1125,300
1126,300
1127,300
1128,300
1129,300
1130,300
1131,300
1132,300
1133,300
1134,300
1135,300
1136,300
1137,300
1138,300
1139,300
1140,300
1141,300
1142,300
1143,300
1144,300
1145,300
1146,300
1147,300
1148,300
1149,300
1150,300
1151,300
1152,300
1153,300
1154,300
1155,300
1156,300
1157,300
1158,300
1159,300
1160,300
1161,300
1162,300
1163,300
1164,300
1165,300
1166,300
1167,300
1168,300
1169,300
1170,300
1171,300
1172,300
1173,300
1174,300
1175,300
1176,300
1177,300
1178,300
1179,300
1180,300
1181,300
1182,300
1183,300
1184,300
1185,300
1186,300
1187,300
1188,300
1189,300
1190,300
1191,300
1192,300
1193,300
1194,300
1195,300
1196,300
1197,300
1198,300
1199,300
1200,300
1201,300
1202,300
1203,300
1204,300
1205,300
1206,300
1207,300
1208,300
1209,300
1210,300
1211,300
1212,300
1213,300
1214,300
1215,300
1216,300
1217,300
1218,300
1219,300
1220,300
1221,300
1222,300
1223,300
1224,300
1225,300
1226,300
1227,300
1228,300
1229,300
1230,300
1231,300
1232,300
1233,300
1234,300
1235,300
1236,300
1237,300
1238,300
1239,300
1240,300
1241,300
1242,300
1243,300
1244,300
1245,300
1246,300
1247,300
1248,300
1249,300
1250,300
1251,300
1252,300
1253,300
1254,300
1255,300
1256,300
1257,300
1258,300
1259,300
1260,300
1261,300
1262,300
1263,300
1264,300
1265,300
1266,300
1267,300
1268,300
1269,300
1270,300
1271,300
1272,300
1273,300
1274,300
1275,300
1276,300
1277,300
1278,300
1279,300
1280,300
1281,300
1282,300
1283,300
1284,300
1285,300
1286,300
1287,300
1288,300
1289,300
1290,300
1291,300
1292,300
1293,300
1294,300
1295,300
1296,300
1297,300
1298,300
1299,300
1300,300
1301,300
1302,300
1303,300
1304,300
1305,300
1306,300
1307,300
1308,300
1309,300
1310,300
1311,300
1312,300
1313,300
1314,300
1315,300
1316,300
1317,300
1318,300
1319,300
1320,300
1321,300
1322,300
1323,300
1324,300
1325,300
1326,300
1327,300
1328,300
1329,300
1330,300
1331,300
1332,300
1333,300
1334,300
1335,300
1336,300
1337,300
1338,300
1339,300
1340,300
1341,300
1342,300
1343,300
1344,300
1345,300
1346,300
1347,300
1348,300
1349,300
1350,300
1351,300
1352,300
1353,300
1354,300
1355,300
1356,300
1357,300
1358,300
1359,300
1360,300
1361,300
1362,300
1363,300
1364,300
1365,300
1366,300
1367,300
1368,300
1369,300
1370,300
1371,300
1372,300
1373,300
1374,300
1375,300
1376,300
1377,300
1378,300
1379,300
1380,300
1381,300
1382,300
1383,300
1384,300
1385,300
1386,300
1387,300
1388,300
1389,300
1390,300
1391,300
1392,300
1393,300
1394,300
1395,300
1396,300
1397,300
1398,300
1399,300
1400,300
1401,300
1402,300
1403,300
1404,300
1405,300
1406,300
1407,300
1408,300
1409,300
1410,300
1411,300
1412,300
1413,300
1414,300
1415,300
1416,300
1417,300
1418,300
1419,300
1420,300
1421,300
1422,300
1423,300
1424,300
1425,300
1426,300
1427,300
1428,300
1429,300
1430,300
1431,300
1432,300
1433,300
1434,300
1435,300
1436,300
1437,300
1438,300
1439,300
1440,300
1441,300
1442,300
1443,300
1444,300
1445,300
1446,300
1447,300
1448,300
1449,300
1450,300
1451,300
1452,300
1453,300
1454,300
1455,300
1456,300
1457,300
1458,300
1459,300
1460,300
1461,300
1462,300
1463,300
1464,300
1465,300
1466,300
1467,300
1468,300
1469,300
1470,300
1471,300
1472,300
1473,300
1474,300
1475,300
1476,300
1477,300
1478,300
1479,300
1480,300
1481,300
1482,300
1483,300
1484,300
1485,300
1486,300
1487,300
1488,300
1489,300
1490,300
1491,300
1492,300
1493,300
1494,300
1495,300
1496,300
1497,300
1498,300
1499,300
1500,300
1501,300
1502,300
1503,300
1504,300
1505,300
1506,300
1507,300
1508,300
1509,300
1510,300
1511,300
1512,300
1513,300
1514,300
1515,300
1516,300
1517,300
1518,300
1519,300
1520,300
1521,300
1522,300
1523,300
1524,300
1525,300
1526,300
1527,300
1528,300
1529,300
1530,300
1531,300
1532,300
1533,300
1534,300
1535,300
1536,300
1537,300
1538,300
1539,300
1540,300
1541,300
1542,300
1543,300
1544,300
1545,300
1546,300
1547,300
1548,300
1549,300
1550,300
1551,300
1552,300
1553,300
1554,300
1555,300
1556,300
1557,300
1558,300
1559,300
1560,300
1561,300
1562,300
1563,300
1564,300
1565,300
1566,300
1567,300
1568,300
1569,300
1570,300
1571,300
1572,300
1573,300
1574,300
1575,300
1576,300
1577,300
1578,300
1579,300
1580,300
1581,300
1582,300
1583,300
1584,300
1585,300
1586,300
1587,300
1588,300
1589,300
1590,300
1591,300
1592,300
1593,300
1594,300
1595,300
1596,300
1597,300
1598,300
1599,300
1600,300
1601,300
1602,300
1603,300
1604,300
1605,300
1606,300
1607,300
1608,300
1609,300
1610,300
1611,300
1612,300
1613,300
1614,300
1615,300
1616,300
1617,300
1618,300
1619,300
1620,300
1621,300
1622,300
1623,300
1624,300
1625,300
1626,300
1627,300
1628,300
1629,300
1630,300
1631,300
1632,300
1633,300
1634,300
1635,300
1636,300
1637,300
1638,300
1639,300
1640,300
1641,300
1642,300
1643,300
1644,300
1645,300
1646,300
1647,300
1648,300
1649,300
1650,300
1651,300
1652,300
1653,300
1654,300
1655,300
1656,300
1657,300
1658,300
1659,300
1660,300
1661,300
1662,300
1663,300
1664,300
1665,300
1666,300
1667,300
1668,300
1669,300
1670,300
1671,300
1672,300
1673,300
1674,300
1675,300
1676,300
1677,300
1678,300
1679,300
1680,300
1681,300
1682,300
1683,300
1684,300
1685,300
1686,300
1687,300
1688,300
1689,300
1690,300
1691,300
1692,300
1693,300
1694,300
1695,300
1696,300
1697,300
1698,300
1699,300
1700,300
1701,300
1702,300
1703,300
1704,300
1705,300
1706,300
1707,300
1708,300
1709,300
1710,300
1711,300
1712,300
1713,300
1714,300
1715,300
1716,300
1717,300
1718,300
1719,300
1720,300
1721,300
1722,300
1723,300
1724,300
1725,300
1726,300
1727,300
1728,300
1729,300
1730,300
1731,300
1732,300
1733,300
1734,300
1735,300
1736,300
1737,300
1738,300
1739,300
1740,300
1741,300
1742,300
1743,300
1744,300
1745,300
1746,300
1747,300
1748,300
1749,300
1750,300
1751,300
1752,300
1753,300
1754,300
1755,300
1756,300
1757,300
1758,300
1759,300
1760,300
1761,300
1762,300
1763,300
1764,300
1765,300
1766,300
1767,300
1768,300
1769,300
1770,300
1771,300
1772,300
1773,300
1774,300
1775,300
1776,300
1777,300
1778,300
1779,300
1780,300
1781,300
1782,300
1783,300
1784,300
1785,300
1786,300
1787,300
1788,300
1789,300
1790,300
1791,300
1792,300
1793,300
1794,300
1795,300
1796,300
1797,300
1798,300
1799,300
1800,300
1801,300
1802,300
1803,300
1804,300
1805,300
1806,300
1807,300
1808,300
1809,300
1810,300
1811,300
1812,300
1813,300
1814,300
1815,300
1816,299
1817,299
1818,299
1819,299
1820,299
1821,299
1822,299
1823,299
1824,299
1825,299
1826,299
1827,299
1828,299
1829,299
1830,299
1831,299
1832,299
1833,299
1834,299
1835,299
1836,299
1837,299
1838,299
1839,299
1840,299
1841,299
1842,299
1843,299
1844,299
1845,299
1846,299
1847,299
1848,299
1849,299
1850,299
1851,299
1852,299
1853,299
1854,299
1855,299
1856,299
1857,299
1858,299
1859,299
1860,299
1861,299
1862,299
1863,299
1864,299
1865,299
1866,299
1867,299
1868,299
1869,299
1870,299
1871,299
1872,299
1873,299
1874,299
1875,299
1876,299
1877,299
1878,299
1879,299
1880,299
1881,299
1882,299
1883,299
1884,299
1885,299
1886,299
1887,299
1888,299
1889,299
1890,299
1891,299
1892,299
1893,299
1894,299
1895,299
1896,299
1897,299
1898,299
1899,299
1900,299
1901,299
1902,299
1903,299
1904,299
1905,299
1906,299
1907,299
1908,299
1909,299
1910,299
1911,299
1912,299
1913,299
1914,299
1915,299
1916,299
1917,299
1918,299
1919,299
1920,299
1921,299
1922,299
1923,299
1924,299
1925,299
1926,299
1927,299
1928,299
1929,299
1930,299
1931,299
1932,299
1933,299
1934,299
1935,299
1936,299
1937,299
1938,299
1939,299
1940,299
1941,299
1942,299
1943,299
1944,299
1945,299
1946,299
1947,299
1948,299
1949,299
1950,299
1951,299
1952,299
1953,299
1954,299
1955,299
1956,299
1957,299
1958,299
1959,299
1960,299
1961,299
1962,299
1963,299
1964,299
1965,299
1966,299
1967,299
1968,299
1969,299
1970,299
1971,299
1972,299
1973,299
1974,299
1975,299
1976,299
1977,299
1978,299
1979,299
1980,299
1981,299
1982,299
1983,299
1984,299
1985,299
1986,299
1987,299
1988,299
1989,299
1990,299
1991,299
1992,299
1993,299
1994,299
1995,299
1996,299
1997,299
1998,299
1999,299
2000,299
2001,299
2002,299
2003,299
2004,299
2005,299
2006,299
2007,299
2008,299
2009,299
2010,299
2011,299
2012,299
2013,299
2014,299
2015,299
2016,299
2017,299
2018,299
2019,298
2020,298
2021,298
2022,298
2023,298
2024,298
2025,298
2026,298
2027,298
2028,298
2029,298
2030,298
2031,298
2032,298
2033,298
2034,298
2035,298
2036,298
2037,298
2038,298
2039,298
2040,298
2041,298
2042,298
2043,298
2044,298
2045,298
2046,298
2047,298
2048,298
2049,298
2050,298
2051,298
2052,298
2053,298
2054,298
2055,298
2056,298
2057,298
2058,298
2059,298
2060,298
2061,298
2062,298
2063,298
2064,298
2065,298
2066,298
2067,298
2068,298
2069,298
2070,298
2071,298
2072,298
2073,298
2074,298
2075,298
2076,298
2077,298
2078,298
2079,298
2080,298
2081,298
2082,298
2083,298
2084,298
2085,298
2086,298
2087,298
2088,298
2089,298
2090,298
2091,298
2092,298
2093,298
2094,298
2095,298
2096,298
2097,298
2098,298
2099,298
2100,298
2101,298
2102,298
2103,298
2104,298
2105,298
2106,298
2107,298
2108,298
2109,298
2110,298
2111,298
2112,298
2113,298
2114,298
2115,298
2116,298
2117,298
2118,298
2119,298
2120,298
2121,298
2122,298
2123,298
2124,298
2125,298
2126,298
2127,298
2128,298
2129,298
2130,298
2131,298
2132,298
2133,298
2134,298
2135,298
2136,298
2137,298
2138,298
2139,298
2140,298
2141,298
2142,298
2143,298
2144,298
2145,298
2146,298
2147,298
2148,298
2149,298
2150,298
2151,298
2152,298
2153,298
2154,298
2155,298
2156,298
2157,298
2158,298
2159,298
2160,298
2161,298
2162,298
2163,298
2164,298
2165,298
2166,298
2167,298
2168,298
2169,298
2170,298
2171,298
2172,298
2173,298
2174,298
2175,298
2176,298
2177,298
2178,298
2179,298
2180,298
2181,298
2182,298
2183,298
2184,298
2185,298
2186,298
2187,298
2188,298
2189,298
2190,298
2191,298
2192,298
2193,298
2194,298
2195,298
2196,298
2197,298
2198,298
2199,298
2200,298
2201,298
2202,298
2203,298
2204,298
2205,298
2206,298
2207,298
2208,298
2209,298
2210,298
2211,298
2212,298
2213,298
2214,298
2215,298
2216,298
2217,298
2218,298
2219,298
2220,298
2221,298
2222,298
2223,298
2224,298
2225,298
2226,298
2227,298
2228,298
2229,298
2230,298
2231,298
2232,298
2233,298
2234,298
2235,298
2236,298
2237,298
2238,298
2239,298
2240,298
2241,298
2242,298
2243,298
2244,298
2245,298
2246,297
2247,297
2248,297
2249,297
2250,297
2251,297
2252,297
2253,297
2254,297
2255,297
2256,297
2257,297
2258,297
2259,297
2260,297
2261,297
2262,297
2263,297
2264,297
2265,297
2266,297
2267,297
2268,297
2269,297
2270,297
2271,297
2272,297
2273,297
2274,297
2275,297
2276,297
2277,297
2278,297
2279,297
2280,297
2281,297
2282,297
2283,297
2284,297
2285,296
2286,296
2287,296
2288,296
2289,296
2290,296
2291,296
2292,296
2293,296
2294,295
2295,295
2296,295
2297,295
2298,295
2299,295
2300,295
2301,295
2302,295
2303,295
2304,295
2305,295
2306,295
2307,295
2308,295
2309,295
2310,295
2311,295
2312,295
2313,295
2314,295
2315,295
2316,295
2317,295
2318,295
2319,295
2320,295
2321,295
2322,295
2323,295
2324,295
2325,295
2326,295
2327,295
2328,295
2329,295
2330,295
2331,295
2332,295
2333,295
2334,295
2335,295
2336,295
2337,295
2338,295
2339,295
2340,295
2341,295
2342,295
2343,295
2344,295
2345,295
2346,295
2347,295
2348,295
2349,295
2350,295
2351,295
2352,295
2353,295
2354,295
2355,295
2356,295
2357,295
2358,295
2359,295
2360,295
2361,295
2362,295
2363,295
2364,295
2365,295
2366,295
2367,295
2368,294
2369,294
2370,294
2371,294
2372,294
2373,294
2374,294
2375,294
2376,294
2377,294
2378,294
2379,294
2380,294
2381,294
2382,294
2383,294
2384,294
2385,293
2386,293
2387,292
2388,292
2389,292
2390,292
2391,292
2392,292
2393,292
2394,292
2395,291
2396,290
2397,289
2398,289
2399,288
2400,288
2401,287
2402,286
2403,285
2404,285
2405,283
2406,282
2407,281
2408,280
2409,280
2410,280
2411,279
2412,278
2413,277
2414,277
2415,276
2416,275
2417,274
2418,273
2419,272
2420,271
2421,270
2422,269
2423,268
2424,267
2425,266
2426,265
2427,264
2428,263
2429,262
2430,261
2431,260
2432,259
2433,258
2434,257
2435,256
2436,255
2437,253
2438,252
2439,251
2440,250
2441,249
2442,248
2443,247
2444,245
2445,243
2446,242
2447,241
2448,240
2449,239
2450,238
2451,238
2452,238
2453,238
2454,238
2455,238
2456,238
2457,238
2458,238
2459,238
2460,238
2461,238
2462,238
2463,238
2464,238
2465,238
2466,238
2467,238
2468,238
2469,238
2470,238
2471,238
2472,238
2473,238
2474,238
2475,238
2476,238
2477,238
2478,238
2479,238
2480,238
2481,238
2482,238
2483,238
2484,238
2485,238
2486,238
2487,238
2488,238
2489,238
2490,238
2491,238
2492,238
2493,238
2494,238
2495,238
2496,238
2497,238
2498,238
2499,238
2500,238
2501,238
2502,238
2503,238
2504,238
2505,238
2506,238
2507,238
2508,238
2509,238
2510,238
2511,238
2512,238
2513,238
2514,238
2515,238
2516,238
2517,238
2518,238
2519,238
2520,238
2521,238
2522,238
2523,238
2524,238
2525,238
2526,238
2527,238
2528,238
2529,238
2530,238
2531,238
2532,238
2533,238
2534,238
2535,238
2536,238
2537,238
2538,238
2539,238
2540,238
2541,238
2542,238
2543,238
2544,238
2545,238
2546,238
2547,238
2548,238
2549,238
2550,238
2551,238
2552,238
2553,238
2554,238
2555,238
2556,238
2557,238
2558,238
2559,238
2560,238
2561,238
2562,238
2563,238
2564,238
2565,238
2566,238
2567,238
2568,238
2569,238
2570,238
2571,238
2572,238
2573,238
2574,238
2575,238
2576,238
2577,238
2578,238
2579,238
2580,238
2581,238
2582,238
2583,238
2584,238
2585,238
2586,238
2587,238
2588,238
2589,238
2590,238
2591,238
2592,238
2593,238
2594,238
2595,238
2596,238
2597,238
2598,238
2599,238
2600,238
2601,238
2602,238
2603,238
2604,238
2605,238
2606,238
2607,238
2608,238
2609,238
2610,238
2611,238
2612,238
2613,238
2614,238
2615,238
2616,238
2617,238
2618,238
2619,238
2620,238
2621,238
2622,238
2623,238
2624,238
2625,238
2626,238
2627,238
2628,238
2629,238
2630,238
2631,238
2632,238
2633,238
2634,238
2635,238
2636,238
2637,238
2638,238
2639,238
2640,238
2641,238
2642,238
2643,238
2644,238
2645,238
2646,238
2647,238
2648,238
2649,238
2650,238
2651,238
2652,238
2653,238
2654,238
2655,238
2656,238
2657,238
2658,238
2659,238
2660,238
2661,238
2662,238
2663,238
2664,238
2665,238
2666,238
2667,238
2668,238
2669,238
2670,238
2671,238
2672,238
2673,238
2674,238
2675,238
2676,238
2677,238
2678,238
2679,238
2680,238
2681,238
2682,238
2683,238
2684,238
2685,238
2686,238
2687,238
2688,238
2689,238
2690,238
2691,238
2692,238
2693,238
2694,238
2695,238
2696,238
2697,238
2698,238
2699,238
2700,238
2701,238
2702,238
2703,238
2704,238
2705,238
2706,238
2707,238
2708,238
2709,238
2710,238
2711,238
2712,238
2713,238
2714,238
2715,238
2716,238
2717,238
2718,238
2719,238
2720,238
2721,238
2722,238
2723,238
2724,238
2725,238
2726,238
2727,238
2728,237
2729,237
2730,237
2731,237
2732,237
2733,237
2734,237
2735,237
2736,237
2737,237
2738,237
2739,237
2740,237
2741,237
2742,237
2743,237
2744,237
2745,237
2746,237
2747,237
2748,237
2749,237
2750,237
2751,237
2752,237
2753,237
2754,236
2755,236
2756,236
2757,236
2758,236
2759,236
2760,236
2761,236
2762,236
2763,236
2764,236
2765,236
2766,236
2767,236
2768,236
2769,236
2770,236
2771,236
2772,236
2773,236
2774,236
2775,236
2776,236
2777,236
2778,236
2779,236
2780,236
2781,236
2782,236
2783,236
2784,236
2785,236
2786,236
2787,236
2788,236
2789,236
2790,236
2791,236
2792,236
2793,236
2794,236
2795,236
2796,236
2797,236
2798,236
2799,236
2800,236
2801,236
2802,236
2803,236
2804,236
2805,236
2806,236
2807,236
2808,236
2809,236
2810,236
2811,236
2812,236
2813,236
2814,236
2815,236
2816,236
2817,236
2818,236
2819,236
2820,236
2821,236
2822,236
2823,236
2824,236
2825,236
2826,236
2827,236
2828,236
2829,236
2830,236
2831,236
2832,236
2833,236
2834,236
2835,236
2836,236
2837,236
2838,236
2839,236
2840,236
2841,236
2842,236
2843,236
2844,236
2845,236
2846,236
2847,236
2848,236
2849,236
2850,236
2851,236
2852,236
2853,236
2854,236
2855,236
2856,236
2857,236
2858,236
2859,236
2860,235
2861,235
2862,235
2863,235
2864,235
2865,235
2866,235
2867,235
2868,235
2869,235
2870,235
2871,235
2872,235
2873,235
2874,235
2875,235
2876,235
2877,235
2878,235
2879,235
2880,235
2881,235
2882,235
2883,235
2884,235
2885,235
2886,235
2887,235
2888,235
2889,235
2890,235
2891,235
2892,235
2893,235
2894,235
2895,235
2896,235
2897,235
2898,235
2899,235
2900,235
2901,234
2902,234
2903,234
2904,234
2905,234
2906,234
2907,234
2908,234
2909,234
2910,234
2911,234
2912,234
2913,234
2914,234
2915,234
2916,234
2917,234
2918,234
2919,234
2920,234
2921,234
2922,234
2923,234
2924,234
2925,234
2926,234
2927,234
2928,234
2929,234
2930,234
2931,234
2932,234
2933,234
2934,234
2935,234
2936,234
2937,234
2938,234
2939,234
2940,234
2941,234
2942,234
2943,234
2944,234
2945,234
2946,234
2947,234
2948,234
2949,234
2950,234
2951,234
2952,234
2953,234
2954,234
2955,234
2956,234
2957,234
2958,234
2959,234
2960,234
2961,234
2962,234
2963,234
2964,234
2965,234
2966,234
2967,234
2968,234
2969,234
2970,234
2971,234
2972,234
2973,234
2974,234
2975,234
2976,234
2977,234
2978,234
2979,234
2980,234
2981,234
2982,234
2983,234
2984,234
2985,234
2986,234
2987,234
2988,234
2989,234
2990,234
2991,234
2992,234
2993,233
2994,233
2995,233
2996,233
2997,233
2998,233
2999,233
3000,233
3001,233
3002,233
3003,233
3004,233
3005,233
3006,233
3007,233
3008,233
3009,233
3010,233
3011,233
3012,233
3013,233
3014,233
3015,233
3016,233
3017,233
3018,233
3019,233
3020,233
3021,233
3022,233
3023,233
3024,233
3025,233
3026,233
3027,233
3028,233
3029,233
3030,233
3031,233
3032,233
3033,233
3034,233
3035,233
3036,233
3037,233
3038,233
3039,233
3040,233
3041,233
3042,233
3043,233
3044,233
3045,233
3046,233
3047,233
3048,233
3049,233
3050,233
3051,233
3052,233
3053,233
3054,233
3055,233
3056,233
3057,233
3058,233
3059,233
3060,233
3061,233
3062,233
3063,233
3064,233
3065,233
3066,233
3067,233
3068,233
3069,233
3070,233
3071,233
3072,233
3073,233
3074,233
3075,233
3076,233
3077,233
3078,233
3079,233
3080,233
3081,233
3082,233
3083,233
3084,233
3085,233
3086,233
3087,233
3088,233
3089,233
3090,233
3091,233
3092,233
3093,233
3094,233
3095,233
3096,233
3097,233
3098,233
3099,233
3100,233
3101,233
3102,232
3103,232
3104,232
3105,232
3106,232
3107,232
3108,232
3109,232
3110,232
3111,232
3112,232
3113,232
3114,232
3115,232
3116,232
3117,232
3118,232
3119,232
3120,232
3121,232
3122,232
3123,232
3124,232
3125,232
3126,232
3127,232
3128,232
3129,232
3130,232
3131,232
3132,232
3133,232
3134,232
3135,232
3136,232
3137,232
3138,232
3139,232
3140,232
3141,232
3142,232
3143,232
3144,232
3145,232
3146,232
3147,232
3148,232
3149,232
3150,232
3151,232
3152,232
3153,232
3154,232
3155,232
3156,232
3157,232
3158,232
3159,232
3160,232
3161,232
3162,232
3163,232
3164,232
3165,232
3166,232
3167,232
3168,232
3169,232
3170,232
3171,231
3172,231
3173,231
3174,231
3175,231
3176,231
3177,231
3178,231
3179,231
3180,231
3181,231
3182,231
3183,231
3184,231
3185,231
3186,231
3187,231
3188,231
3189,231
3190,231
3191,231
3192,231
3193,231
3194,231
3195,231
3196,231
3197,231
3198,231
3199,231
3200,231
3201,231
3202,231
3203,231
3204,231
3205,231
3206,231
3207,231
3208,231
3209,231
3210,231
3211,231
3212,231
3213,231
3214,231
3215,231
3216,231
3217,231
3218,231
3219,231
3220,231
3221,231
3222,231
3223,231
3224,231
3225,231
3226,231
3227,231
3228,231
3229,231
3230,231
3231,231
3232,231
3233,231
3234,231
3235,231
3236,231
3237,231
3238,231
3239,231
3240,231
3241,231
3242,231
3243,231
3244,231
3245,231
3246,231
3247,231
3248,231
3249,231
3250,231
3251,231
3252,231
3253,231
3254,231
3255,231
3256,231
3257,231
3258,231
3259,231
3260,231
3261,231
3262,231
3263,231
3264,231
3265,231
3266,231
3267,231
3268,231
3269,231
3270,231
3271,231
3272,231
3273,231
3274,231
3275,231
3276,231
3277,231
3278,231
3279,231
3280,231
3281,231
3282,231
3283,231
3284,231
3285,231
3286,231
3287,231
3288,231
3289,231
3290,231
3291,231
3292,231
3293,231
3294,231
3295,231
3296,231
3297,231
3298,231
3299,231
3300,231
3301,231
3302,231
3303,231
3304,231
3305,231
3306,231
3307,231
3308,231
3309,231
3310,231
3311,231
3312,231
3313,231
3314,231
3315,231
3316,231
3317,230
3318,230
3319,230
3320,230
3321,230
3322,230
3323,230
3324,230
3325,230
3326,230
3327,230
3328,230
3329,230
3330,230
3331,230
3332,230
3333,230
3334,230
3335,230
3336,230
3337,230
3338,230
3339,230
3340,230
3341,230
3342,230
3343,230
3344,230
3345,230
3346,230
3347,230
3348,230
3349,230
3350,228
3351,228
3352,228
3353,228
3354,228
3355,228
3356,228
3357,228
3358,228
3359,228
3360,228
3361,228
3362,228
3363,228
3364,228
3365,228
3366,228
3367,228
3368,228
3369,228
3370,228
3371,228
3372,228
3373,228
3374,228
3375,228
3376,228
3377,228
3378,228
3379,228
3380,228
3381,228
3382,228
3383,228
3384,228
3385,228
3386,228
3387,228
3388,228
3389,228
3390,228
3391,228
3392,228
3393,228
3394,228
3395,228
3396,228
3397,228
3398,228
3399,228
3400,228
3401,228
3402,228
3403,228
3404,228
3405,228
3406,228
3407,228
3408,228
3409,228
3410,228
3411,228
3412,228
3413,228
3414,228
3415,228
3416,228
3417,228
3418,228
3419,228
3420,228
3421,228
3422,228
3423,228
3424,228
3425,228
3426,228
3427,228
3428,228
3429,228
3430,228
3431,228
3432,228
3433,228
3434,228
3435,228
3436,228
3437,228
3438,228
3439,228
3440,228
3441,228
3442,228
3443,228
3444,228
3445,228
3446,228
3447,228
3448,228
3449,228
3450,228
3451,228
3452,228
3453,228
3454,228
3455,228
3456,228
3457,228
3458,228
3459,228
3460,228
3461,228
3462,228
3463,227
3464,227
3465,227
3466,227
3467,227
3468,227
3469,227
3470,227
3471,227
3472,227
3473,227
3474,227
3475,227
3476,227
3477,227
3478,227
3479,227
3480,227
3481,227
3482,227
3483,227
3484,227
3485,227
3486,227
3487,227
3488,227
3489,227
3490,227
3491,227
3492,227
3493,227
3494,227
3495,227
3496,227
3497,227
3498,227
3499,227
3500,227
3501,227
3502,227
3503,227
3504,227
3505,227
3506,227
3507,227
3508,227
3509,227
3510,227
3511,227
3512,227
3513,227
3514,227
3515,227
3516,227
3517,227
3518,227
3519,227
3520,227
3521,227
3522,227
3523,227
3524,227
3525,227
3526,227
3527,227
3528,227
3529,227
3530,227
3531,227
3532,227
3533,227
3534,227
3535,227
3536,227
3537,227
3538,227
3539,227
3540,227
3541,227
3542,227
3543,227
3544,227
3545,227
3546,227
3547,227
3548,227
3549,227
3550,227
3551,227
3552,227
3553,227
3554,227
3555,227
3556,227
3557,227
3558,227
3559,227
3560,227
3561,227
3562,227
3563,227
3564,227
3565,227
3566,227
3567,227
3568,227
3569,227
3570,227
3571,227
3572,227
3573,227
3574,227
3575,227
3576,227
3577,227
3578,227
3579,227
3580,227
3581,226
3582,226
3583,226
3584,226
3585,226
3586,226
3587,226
3588,226
3589,226
3590,226
3591,226
3592,226
3593,226
3594,226
3595,226
3596,226
3597,226
3598,226
3599,226
3600,226
3601,226
3602,226
3603,226
3604,226
3605,226
3606,226
3607,226
3608,226
3609,226
3610,226
3611,226
3612,226
3613,225
3614,225
3615,225
3616,225
3617,225
3618,225
3619,225
3620,225
3621,225
3622,225
3623,225
3624,225
3625,225
3626,225
3627,225
3628,225
3629,225
3630,225
3631,225
3632,225
3633,225
3634,225
3635,225
3636,224
3637,224
3638,224
3639,224
3640,224
3641,224
3642,224
3643,224
3644,224
3645,224
3646,224
3647,224
3648,224
3649,224
3650,224
3651,224
3652,224
3653,224
3654,224
3655,224
3656,224
3657,224
3658,224
3659,224
3660,224
3661,224
3662,224
3663,224
3664,224
3665,224
3666,224
3667,224
3668,224
3669,224
3670,224
3671,224
3672,223
3673,223
3674,223
3675,223
3676,223
3677,223
3678,223
3679,223
3680,223
3681,223
3682,223
3683,223
3684,223
3685,222
3686,221
3687,220
3688,220
3689,220
3690,219
3691,219
3692,219
3693,219
3694,219
3695,219
3696,218
3697,218
3698,218
3699,218
3700,218
3701,218
3702,218
3703,218
3704,217
3705,217
3706,217
3707,217
3708,217
3709,216
3710,215
3711,215
3712,215
3713,215
3714,215
3715,215
3716,214
3717,214
3718,213
3719,212
3720,212
3721,212
3722,212
3723,212
3724,211
3725,210
3726,210
3727,210
3728,210
3729,210
3730,210
3731,210
3732,209
3733,208
3734,207
3735,206
3736,205
3737,204
3738,203
3739,202
3740,202
3741,202
3742,201
3743,200
3744,199
3745,197
3746,196
3747,196
3748,195
3749,195
3750,194
3751,194
3752,193
3753,192
3754,191
3755,190
3756,190
3757,189
3758,187
3759,186
3760,184
3761,182
3762,180
3763,178
3764,177
3765,175
3766,174
3767,173
3768,172
3769,171
3770,170
3771,169
3772,168
3773,167
3774,166
3775,166
3776,166
3777,166
3778,166
3779,166
3780,166
3781,166
3782,166
3783,166
3784,166
3785,166
3786,166
3787,166
3788,166
3789,166
3790,166
3791,166
3792,166
3793,166
3794,166
3795,166
3796,166
3797,166
3798,166
3799,166
3800,166
3801,166
3802,166
3803,166
3804,166
3805,166
3806,166
3807,166
3808,166
3809,166
3810,166
3811,166
3812,166
3813,166
3814,166
3815,166
3816,166
3817,166
3818,166
3819,166
3820,166
3821,166
3822,166
3823,166
3824,166
3825,166
3826,166
3827,166
3828,166
3829,166
3830,166
3831,166
3832,166
3833,166
3834,166
3835,166
3836,166
3837,166
3838,166
3839,166
3840,166
3841,166
3842,166
3843,166
3844,166
3845,166
3846,166
3847,166
3848,166
3849,166
3850,166
3851,166
3852,166
3853,166
3854,166
3855,166
3856,166
3857,166
3858,166
3859,166
3860,166
3861,166
3862,166
3863,166
3864,166
3865,166
3866,166
3867,166
3868,166
3869,166
3870,166
3871,166
3872,166
3873,166
3874,166
3875,166
3876,166
3877,166
3878,166
3879,166
3880,166
3881,166
3882,166
3883,166
3884,166
3885,166
3886,166
3887,166
3888,166
3889,166
3890,166
3891,166
3892,166
3893,166
3894,166
3895,166
3896,166
3897,166
3898,166
3899,166
3900,166
3901,166
3902,166
3903,166
3904,166
3905,166
3906,166
3907,166
3908,166
3909,166
3910,166
3911,166
3912,166
3913,166
3914,166
3915,166
3916,166
3917,166
3918,166
3919,166
3920,166
3921,166
3922,166
3923,166
3924,166
3925,166
3926,166
3927,166
3928,166
3929,166
3930,166
3931,166
3932,166
3933,166
3934,166
3935,166
3936,166
3937,166
3938,166
3939,166
3940,166
3941,166
3942,166
3943,166
3944,166
3945,166
3946,166
3947,166
3948,166
3949,166
3950,166
3951,166
3952,166
3953,166
3954,166
3955,166
3956,166
3957,166
3958,166
3959,166
3960,166
3961,166
3962,166
3963,166
3964,166
3965,166
3966,166
3967,166
3968,166
3969,166
3970,166
3971,166
3972,166
3973,166
3974,166
3975,166
3976,166
3977,166
3978,166
3979,166
3980,166
3981,166
3982,166
3983,166
3984,166
3985,166
3986,166
3987,166
3988,166
3989,166
3990,166
3991,166
3992,166
3993,166
3994,166
3995,166
3996,166
3997,166
3998,166
3999,166
4000,166
4001,166
4002,166
4003,166
4004,166
4005,166
4006,166
4007,166
4008,166
4009,166
4010,166
4011,166
4012,166
4013,166
4014,166
4015,166
4016,166
4017,166
4018,166
4019,166
4020,166
4021,166
4022,166
4023,166
4024,166
4025,166
4026,166
4027,166
4028,166
4029,166
4030,166
4031,166
4032,166
4033,166
4034,166
4035,166
4036,166
4037,166
4038,166
4039,166
4040,166
4041,166
4042,166
4043,166
4044,166
4045,166
4046,166
4047,166
4048,166
4049,166
4050,166
4051,166
4052,166
4053,166
4054,166
4055,166
4056,166
4057,166
4058,166
4059,166
4060,166
4061,166
4062,166
4063,166
4064,166
4065,166
4066,166
4067,166
4068,166
4069,166
4070,166
4071,166
4072,166
4073,166
4074,166
4075,166
4076,166
4077,166
4078,166
4079,166
4080,166
4081,166
4082,166
4083,166
4084,166
4085,166
4086,166
4087,166
4088,166
4089,166
4090,166
4091,166
4092,166
4093,166
4094,166
4095,166
4096,166
4097,166
4098,165
4099,165
4100,165
4101,165
4102,165
4103,165
4104,165
4105,165
4106,165
4107,165
4108,165
4109,165
4110,165
4111,165
4112,165
4113,165
4114,165
4115,165
4116,165
4117,165
4118,165
4119,165
4120,165
4121,165
4122,165
4123,165
4124,165
4125,165
4126,165
4127,165
4128,165
4129,165
4130,165
4131,165
4132,165
4133,165
4134,165
4135,165
4136,165
4137,165
4138,165
4139,165
4140,165
4141,165
4142,165
4143,165
4144,165
4145,165
4146,165
4147,165
4148,165
4149,165
4150,165
4151,165
4152,165
4153,165
4154,165
4155,165
4156,165
4157,165
4158,165
4159,165
4160,165
4161,165
4162,165
4163,165
4164,165
4165,165
4166,165
4167,165
4168,165
4169,165
4170,165
4171,164
4172,164
4173,164
4174,164
4175,164
4176,164
4177,164
4178,164
4179,164
4180,164
4181,164
4182,164
4183,164
4184,164
4185,164
4186,164
4187,164
4188,164
4189,164
4190,164
4191,164
4192,164
4193,164
4194,164
4195,164
4196,164
4197,164
4198,164
4199,164
4200,164
4201,164
4202,164
4203,164
4204,164
4205,164
4206,164
4207,164
4208,164
4209,164
4210,164
4211,164
4212,164
4213,164
4214,164
4215,164
4216,164
4217,164
4218,164
4219,164
4220,164
4221,164
4222,164
4223,164
4224,164
4225,164
4226,164
4227,164
4228,164
4229,164
4230,164
4231,164
4232,164
4233,164
4234,164
4235,164
4236,164
4237,164
4238,164
4239,164
4240,164
4241,164
4242,164
4243,164
4244,164
4245,164
4246,164
4247,164
4248,164
4249,164
4250,164
4251,164
4252,164
4253,164
4254,164
4255,164
4256,164
4257,164
4258,164
4259,164
4260,164
4261,164
4262,164
4263,164
4264,164
4265,164
4266,164
4267,164
4268,164
4269,164
4270,164
4271,164
4272,164
4273,164
4274,164
4275,164
4276,164
4277,164
4278,164
4279,164
4280,164
4281,164
4282,164
4283,164
4284,164
4285,164
4286,164
4287,164
4288,164
4289,164
4290,164
4291,164
4292,164
4293,164
4294,164
4295,164
4296,164
4297,164
4298,164
4299,164
4300,164
4301,164
4302,164
4303,164
4304,164
4305,164
4306,164
4307,164
4308,164
4309,164
4310,164
4311,164
4312,164
4313,164
4314,164
4315,164
4316,164
4317,164
4318,164
4319,164
4320,163
4321,163
4322,163
4323,163
4324,163
4325,163
4326,163
4327,163
4328,163
4329,163
4330,163
4331,163
4332,162
4333,162
4334,162
4335,162
4336,162
4337,162
4338,162
4339,162
4340,162
4341,162
4342,162
4343,162
4344,162
4345,162
4346,162
4347,162
4348,162
4349,162
4350,162
4351,162
4352,162
4353,162
4354,162
4355,162
4356,162
4357,162
4358,162
4359,162
4360,162
4361,162
4362,162
4363,162
4364,162
4365,162
4366,162
4367,162
4368,162
4369,162
4370,162
4371,162
4372,162
4373,162
4374,162
4375,162
4376,162
4377,162
4378,162
4379,162
4380,162
4381,162
4382,162
4383,162
4384,162
4385,162
4386,162
4387,162
4388,162
4389,162
4390,162
4391,162
4392,162
4393,162
4394,162
4395,162
4396,162
4397,162
4398,162
4399,162
4400,162
4401,162
4402,162
4403,162
4404,162
4405,162
4406,162
4407,162
4408,162
4409,162
4410,162
4411,162
4412,162
4413,162
4414,162
4415,162
4416,162
4417,161
4418,161
4419,161
4420,161
4421,161
4422,161
4423,161
4424,161
4425,161
4426,161
4427,161
4428,161
4429,161
4430,161
4431,161
4432,161
4433,161
4434,161
4435,161
4436,161
4437,161
4438,161
4439,161
4440,161
4441,161
4442,161
4443,161
4444,161
4445,161
4446,161
4447,161
4448,161
4449,161
4450,161
4451,161
4452,161
4453,161
4454,161
4455,161
4456,161
4457,161
4458,161
4459,161
4460,161
4461,161
4462,161
4463,161
4464,161
4465,161
4466,161
4467,161
4468,161
4469,161
4470,161
4471,161
4472,161
4473,161
4474,161
4475,161
4476,161
4477,161
4478,161
4479,161
4480,161
4481,161
4482,161
4483,161
4484,161
4485,161
4486,161
4487,161
4488,161
4489,161
4490,161
4491,161
4492,161
4493,161
4494,161
4495,161
4496,161
4497,161
4498,161
4499,161
4500,161
4501,161
4502,161
4503,161
4504,161
4505,161
4506,161
4507,161
4508,161
4509,161
4510,161
4511,161
4512,161
4513,161
4514,161
4515,161
4516,161
4517,161
4518,161
4519,161
4520,161
4521,161
4522,161
4523,161
4524,161
4525,161
4526,161
4527,161
4528,161
4529,161
4530,161
4531,161
4532,161
4533,161
4534,161
4535,161
4536,161
4537,161
4538,161
4539,161
4540,161
4541,161
4542,161
4543,161
4544,161
4545,161
4546,161
4547,161
4548,161
4549,161
4550,161
4551,161
4552,161
4553,161
4554,161
4555,161
4556,161
4557,161
4558,161
4559,161
4560,161
4561,161
4562,161
4563,161
4564,161
4565,161
4566,161
4567,161
4568,161
4569,161
4570,161
4571,161
4572,161
4573,161
4574,161
4575,161
4576,161
4577,161
4578,161
4579,161
4580,161
4581,161
4582,161
4583,161
4584,161
4585,161
4586,161
4587,161
4588,161
4589,161
4590,161
4591,161
4592,161
4593,161
4594,161
4595,161
4596,161
4597,161
4598,161
4599,161
4600,161
4601,161
4602,161
4603,161
4604,161
4605,161
4606,161
4607,161
4608,161
4609,161
4610,161
4611,161
4612,160
4613,160
4614,160
4615,160
4616,160
4617,160
4618,160
4619,160
4620,160
4621,160
4622,160
4623,160
4624,160
4625,160
4626,160
4627,160
4628,160
4629,160
4630,160
4631,160
4632,160
4633,160
4634,160
4635,160
4636,160
4637,160
4638,160
4639,160
4640,160
4641,160
4642,160
4643,160
4644,160
4645,160
4646,160
4647,160
4648,160
4649,160
4650,160
4651,160
4652,160
4653,160
4654,160
4655,160
4656,160
4657,160
4658,160
4659,160
4660,160
4661,160
4662,159
4663,159
4664,159
4665,159
4666,159
4667,159
4668,159
4669,159
4670,159
4671,159
4672,159
4673,159
4674,159
4675,159
4676,159
4677,159
4678,159
4679,159
4680,159
4681,159
4682,159
4683,159
4684,159
4685,159
4686,159
4687,159
4688,159
4689,159
4690,159
4691,159
4692,159
4693,159
4694,159
4695,159
4696,159
4697,159
4698,159
4699,159
4700,159
4701,159
4702,159
4703,159
4704,159
4705,159
4706,159
4707,159
4708,159
4709,159
4710,159
4711,159
4712,159
4713,159
4714,159
4715,159
4716,159
4717,159
4718,159
4719,159
4720,159
4721,159
4722,159
4723,159
4724,159
4725,159
4726,159
4727,159
4728,159
4729,159
4730,159
4731,159
4732,159
4733,159
4734,159
4735,159
4736,159
4737,159
4738,159
4739,159
4740,159
4741,159
4742,159
4743,159
4744,159
4745,159
4746,159
4747,159
4748,159
4749,159
4750,159
4751,159
4752,159
4753,159
4754,159
4755,159
4756,159
4757,159
4758,159
4759,158
4760,158
4761,158
4762,158
4763,158
4764,158
4765,158
4766,158
4767,158
4768,158
4769,158
4770,158
4771,158
4772,158
4773,158
4774,158
4775,158
4776,158
4777,158
4778,158
4779,158
4780,158
4781,158
4782,158
4783,158
4784,158
4785,158
4786,158
4787,158
4788,158
4789,158
4790,158
4791,158
4792,158
4793,158
4794,158
4795,158
4796,158
4797,158
4798,158
4799,158
4800,158
4801,158
4802,158
4803,158
4804,158
4805,158
4806,158
4807,158
4808,158
4809,158
4810,158
4811,157
4812,157
4813,157
4814,157
4815,157
4816,157
4817,157
4818,157
4819,157
4820,157
4821,157
4822,157
4823,157
4824,157
4825,157
4826,157
4827,157
4828,157
4829,157
4830,157
4831,157
4832,157
4833,157
4834,157
4835,157
4836,157
4837,157
4838,157
4839,157
4840,157
4841,157
4842,157
4843,157
4844,157
4845,157
4846,157
4847,157
4848,157
4849,157
4850,157
4851,157
4852,157
4853,157
4854,157
4855,157
4856,157
4857,157
4858,157
4859,157
4860,157
4861,157
4862,157
4863,157
4864,157
4865,157
4866,157
4867,157
4868,157
4869,157
4870,157
4871,157
4872,157
4873,157
4874,157
4875,157
4876,157
4877,157
4878,157
4879,157
4880,157
4881,157
4882,157
4883,157
4884,157
4885,157
4886,157
4887,157
4888,157
4889,157
4890,157
4891,157
4892,157
4893,157
4894,157
4895,157
4896,157
4897,157
4898,157
4899,157
4900,157
4901,157
4902,157
4903,157
4904,157
4905,157
4906,157
4907,157
4908,157
4909,157
4910,157
4911,157
4912,157
4913,157
4914,157
4915,157
4916,157
4917,157
4918,157
4919,157
4920,157
4921,157
4922,157
4923,157
4924,157
4925,157
4926,157
4927,157
4928,157
4929,157
4930,157
4931,157
4932,157
4933,157
4934,157
4935,157
4936,157
4937,157
4938,157
4939,157
4940,157
4941,157
4942,157
4943,157
4944,157
4945,157
4946,157
4947,157
4948,157
4949,157
4950,157
4951,157
4952,157
4953,157
4954,157
4955,157
4956,157
4957,157
4958,157
4959,157
4960,157
4961,157
4962,157
4963,157
4964,157
4965,157
4966,157
4967,157
4968,157
4969,157
4970,157
4971,157
4972,157
4973,157
4974,157
4975,157
4976,157
4977,157
4978,157
4979,157
4980,157
4981,157
4982,157
4983,157
4984,157
4985,157
4986,157
4987,157
4988,157
4989,157
4990,157
4991,157
4992,157
4993,157
4994,157
4995,157
4996,157
4997,157
4998,157
4999,157
5000,157
5001,157
5002,157
5003,157
5004,157
5005,157
5006,157
5007,157
5008,157
5009,157
5010,157
5011,157
5012,157
5013,157
5014,157
5015,157
5016,157
5017,157
5018,157
5019,157
5020,157
5021,157
5022,157
5023,157
5024,157
5025,157
5026,157
5027,157
5028,157
5029,157
5030,157
5031,157
5032,157
5033,157
5034,157
5035,157
5036,157
5037,157
5038,157
5039,157
5040,157
5041,157
5042,157
5043,157
5044,157
5045,157
5046,157
5047,157
5048,157
5049,157
5050,157
5051,157
5052,157
5053,157
5054,157
5055,157
5056,157
5057,157
5058,157
5059,157
5060,157
5061,157
5062,157
5063,157
5064,157
5065,157
5066,157
5067,157
5068,157
5069,157
5070,157
5071,157
5072,157
5073,157
5074,157
5075,157
5076,157
5077,157
5078,157
5079,157
5080,157
5081,157
5082,157
5083,157
5084,157
5085,157
5086,157
5087,157
5088,157
5089,157
5090,157
5091,157
5092,157
5093,157
5094,157
5095,157
5096,157
5097,157
5098,157
5099,157
5100,157
5101,157
5102,157
5103,157
5104,157
5105,157
5106,157
5107,157
5108,157
5109,157
5110,157
5111,157
5112,157
5113,157
5114,157
5115,157
5116,157
5117,157
5118,157
5119,157
5120,157
5121,157
5122,157
5123,157
5124,157
5125,157
5126,157
5127,157
5128,157
5129,157
5130,157
5131,157
5132,157
5133,157
5134,157
5135,157
5136,157
5137,157
5138,157
5139,157
5140,157
5141,157
5142,157
5143,157
5144,157
5145,157
5146,157
5147,157
5148,157
5149,157
5150,157
5151,157
5152,157
5153,157
5154,157
5155,157
5156,157
5157,157
5158,157
5159,157
5160,157
5161,157
5162,157
5163,157
5164,157
5165,157
5166,157
5167,157
5168,157
5169,157
5170,157
5171,157
5172,157
5173,157
5174,157
5175,157
5176,157
5177,157
5178,157
5179,157
5180,157
5181,157
5182,157
5183,157
5184,157
5185,157
5186,157
5187,157
5188,157
5189,157
5190,157
5191,157
5192,157
5193,157
5194,157
5195,157
5196,157
5197,157
5198,157
5199,157
5200,157
5201,157
5202,157
5203,157
5204,157
5205,157
5206,157
5207,157
5208,157
5209,157
5210,157
5211,157
5212,157
5213,157
5214,157
5215,157
5216,157
5217,157
5218,157
5219,157
5220,157
5221,157
5222,157
5223,157
5224,157
5225,157
5226,157
5227,157
5228,157
5229,157
5230,157
5231,157
5232,157
5233,157
5234,157
5235,157
5236,157
5237,157
5238,157
5239,157
5240,157
5241,157
5242,157
5243,157
5244,157
5245,157
5246,157
5247,157
5248,157
5249,157
5250,157
5251,157
5252,157
5253,157
5254,157
5255,157
5256,157
5257,157
5258,157
5259,157
5260,157
5261,157
5262,157
5263,157
5264,157
5265,157
5266,157
5267,157
5268,157
5269,157
5270,157
5271,157
5272,157
5273,157
5274,157
5275,157
5276,157
5277,157
5278,157
5279,157
5280,157
5281,157
5282,157
5283,157
5284,157
5285,157
5286,157
5287,157
5288,157
5289,157
5290,157
5291,157
5292,157
5293,157
5294,157
5295,157
5296,157
5297,157
5298,157
5299,157
5300,157
5301,157
5302,157
5303,157
5304,157
5305,157
5306,157
5307,157
5308,157
5309,157
5310,157
5311,157
5312,157
5313,157
5314,157
5315,157
5316,157
5317,157
5318,157
5319,157
5320,157
5321,157
5322,157
5323,157
5324,157
5325,157
5326,157
5327,157
5328,157
5329,157
5330,157
5331,157
5332,157
5333,157
5334,157
5335,157
5336,157
5337,157
5338,157
5339,157
5340,157
5341,157
5342,157
5343,157
5344,157
5345,157
5346,157
5347,157
5348,157
5349,157
5350,157
5351,157
5352,157
5353,157
5354,157
5355,157
5356,157
5357,157
5358,157
5359,157
5360,157
5361,157
5362,157
5363,157
5364,157
5365,157
5366,157
5367,157
5368,157
5369,157
5370,157
5371,157
5372,157
5373,157
5374,157
5375,157
5376,157
5377,157
5378,157
5379,157
5380,157
5381,157
5382,157
5383,157
5384,157
5385,157
5386,157
5387,157
5388,157
5389,157
5390,157
5391,157
5392,157
5393,157
5394,157
5395,157
5396,157
5397,157
5398,157
5399,157
5400,157
5401,157
5402,157
5403,157
5404,157
5405,157
5406,157
5407,157
5408,157
5409,157
5410,157
5411,157
5412,157
5413,157
5414,157
5415,157
5416,157
5417,157
5418,157
5419,157
5420,157
5421,157
5422,157
5423,157
5424,157
5425,157
5426,157
5427,157
5428,157
5429,157
5430,157
5431,157
5432,157
5433,157
5434,156
5435,156
5436,156
5437,156
5438,156
5439,156
5440,156
5441,156
5442,156
5443,156
5444,156
5445,156
5446,156
5447,156
5448,156
5449,156
5450,156
5451,156
5452,156
5453,156
5454,156
5455,156
5456,156
5457,156
5458,156
5459,156
5460,156
5461,156
5462,156
5463,156
5464,156
5465,156
5466,156
5467,156
5468,156
5469,156
5470,156
5471,156
5472,156
5473,156
5474,156
5475,156
5476,156
5477,156
5478,156
5479,156
5480,156
5481,156
5482,156
5483,156
5484,156
5485,156
5486,156
5487,156
5488,156
5489,156
5490,156
5491,156
5492,156
5493,156
5494,156
5495,156
5496,156
5497,156
5498,156
5499,156
5500,156
5501,156
5502,156
5503,156
5504,156
5505,156
5506,156
5507,156
5508,156
5509,156
5510,156
5511,156
5512,156
5513,156
5514,156
5515,156
5516,156
5517,156
5518,156
5519,156
5520,156
5521,156
5522,156
5523,156
5524,156
5525,156
5526,156
5527,156
5528,156
5529,156
5530,156
5531,156
5532,156
5533,156
5534,156
5535,156
5536,156
5537,156
5538,156
5539,156
5540,156
5541,156
5542,156
5543,156
5544,156
5545,156
5546,156
5547,156
5548,156
5549,156
5550,156
5551,156
5552,156
5553,156
5554,156
5555,156
5556,156
5557,156
5558,156
5559,156
5560,156
5561,156
5562,156
5563,156
5564,156
5565,156
5566,156
5567,156
5568,156
5569,156
5570,156
5571,156
5572,156
5573,156
5574,156
5575,156
5576,156
5577,156
5578,156
5579,156
5580,156
5581,156
5582,156
5583,156
5584,156
5585,156
5586,156
5587,156
5588,156
5589,156
5590,156
5591,156
5592,156
5593,156
5594,156
5595,156
5596,156
5597,156
5598,156
5599,156
5600,156
5601,156
5602,156
5603,156
5604,156
5605,156
5606,156
5607,156
5608,156
5609,156
5610,156
5611,156
5612,156
5613,156
5614,156
5615,156
5616,156
5617,156
5618,156
5619,156
5620,156
5621,156
5622,156
5623,156
5624,156
5625,156
5626,156
5627,156
5628,156
5629,156
5630,156
5631,156
5632,156
5633,156
5634,156
5635,156
5636,156
5637,156
5638,156
5639,156
5640,156
5641,156
5642,156
5643,156
5644,156
5645,156
5646,156
5647,156
5648,156
5649,156
5650,156
5651,156
5652,156
5653,156
5654,156
5655,156
5656,156
5657,156
5658,156
5659,156
5660,156
5661,156
5662,156
5663,156
5664,156
5665,156
5666,156
5667,156
5668,156
5669,156
5670,156
5671,156
5672,156
5673,156
5674,156
5675,156
5676,156
5677,156
5678,156
5679,156
5680,156
5681,156
5682,156
5683,156
5684,156
5685,156
5686,156
5687,156
5688,156
5689,156
5690,156
5691,156
5692,156
5693,156
5694,156
5695,156
5696,156
5697,156
5698,156
5699,156
5700,156
5701,156
5702,156
5703,156
5704,156
5705,156
5706,156
5707,156
5708,156
5709,156
5710,156
5711,156
5712,156
5713,156
5714,156
5715,156
5716,156
5717,156
5718,156
5719,156
5720,156
5721,156
5722,156
5723,156
5724,156
5725,156
5726,156
5727,156
5728,156
5729,156
5730,156
5731,156
5732,156
5733,156
5734,156
5735,156
5736,156
5737,156
5738,156
5739,156
5740,156
5741,156
5742,156
5743,156
5744,156
5745,156
5746,156
5747,156
5748,156
5749,156
5750,156
5751,156
5752,156
5753,156
5754,156
5755,156
5756,156
5757,156
5758,156
5759,156
5760,156
5761,156
5762,156
5763,156
5764,156
5765,156
5766,156
5767,156
5768,156
5769,156
5770,156
5771,156
5772,156
5773,156
5774,156
5775,156
5776,156
5777,156
5778,156
5779,156
5780,156
5781,156
5782,156
5783,156
5784,156
5785,156
5786,156
5787,156
5788,156
5789,156
5790,156
5791,156
5792,156
5793,156
5794,156
5795,156
5796,156
5797,156
5798,156
5799,156
5800,156
5801,156
5802,156
5803,156
5804,156
5805,156
5806,156
5807,156
5808,156
5809,156
5810,156
5811,156
5812,156
5813,156
5814,156
5815,156
5816,156
5817,156
5818,156
5819,156
5820,156
5821,156
5822,156
5823,156
5824,156
5825,156
5826,156
5827,156
5828,156
5829,156
5830,156
5831,156
5832,156
5833,156
5834,156
5835,156
5836,156
5837,156
5838,156
5839,156
5840,156
5841,156
5842,156
5843,156
5844,156
5845,156
5846,156
5847,156
5848,156
5849,156
5850,156
5851,156
5852,156
5853,156
5854,156
5855,156
5856,156
5857,156
5858,156
5859,156
5860,156
5861,156
5862,156
5863,156
5864,156
5865,156
5866,156
5867,156
5868,156
5869,156
5870,156
5871,156
5872,156
5873,156
5874,156
5875,156
5876,156
5877,156
5878,156
5879,156
5880,156
5881,156
5882,156
5883,156
5884,156
5885,156
5886,156
5887,156
5888,156
5889,156
5890,156
5891,156
5892,156
5893,156
5894,156
5895,156
5896,156
5897,156
5898,156
5899,156
5900,156
5901,156
5902,156
5903,156
5904,156
5905,156
5906,156
5907,156
5908,156
5909,156
5910,156
5911,156
5912,156
5913,156
5914,156
5915,156
5916,156
5917,156
5918,156
5919,156
5920,156
5921,156
5922,156
5923,156
5924,156
5925,156
5926,156
5927,156
5928,156
5929,156
5930,156
5931,156
5932,156
5933,156
5934,156
5935,156
5936,156
5937,156
5938,156
5939,156
5940,156
5941,156
5942,156
5943,156
5944,156
5945,156
5946,156
5947,156
5948,156
5949,156
5950,156
5951,156
5952,156
5953,156
5954,156
5955,156
5956,156
5957,156
5958,156
5959,156
5960,156
5961,156
5962,156
5963,156
5964,156
5965,156
5966,156
5967,156
5968,156
5969,156
5970,156
5971,156
5972,156
5973,156
5974,156
5975,156
5976,156
5977,156
5978,156
5979,156
5980,156
5981,156
5982,156
5983,156
5984,156
5985,156
5986,156
5987,156
5988,156
5989,156
5990,156
5991,156
5992,156
5993,156
5994,156
5995,156
5996,156
5997,156
5998,156
5999,156
6000,156
6001,156
6002,156
6003,156
6004,156
6005,156
6006,156
6007,156
6008,156
6009,156
6010,156
6011,156
6012,156
6013,156
6014,156
6015,156
6016,156
6017,156
6018,156
6019,156
6020,156
6021,156
6022,156
6023,156
6024,156
6025,156
6026,156
6027,156
6028,156
6029,156
6030,156
6031,156
6032,156
6033,156
6034,156
6035,156
6036,156
6037,156
6038,156
6039,156
6040,156
6041,156
6042,156
6043,156
6044,156
6045,156
6046,156
6047,156
6048,156
6049,156
6050,156
6051,156
6052,156
6053,156
6054,156
6055,156
6056,156
6057,156
6058,156
6059,156
6060,156
6061,156
6062,156
6063,156
6064,156
6065,156
6066,156
6067,156
6068,156
6069,156
6070,156
6071,156
6072,156
6073,156
6074,156
6075,156
6076,156
6077,156
6078,156
6079,156
6080,156
6081,156
6082,156
6083,156
6084,156
6085,155
6086,155
6087,155
6088,155
6089,155
6090,155
6091,155
6092,155
6093,155
6094,155
6095,155
6096,155
6097,155
6098,155
6099,155
6100,155
6101,155
6102,155
6103,155
6104,155
6105,155
6106,155
6107,155
6108,155
6109,155
6110,155
6111,155
6112,155
6113,155
6114,155
6115,155
6116,155
6117,155
6118,155
6119,155
6120,155
6121,155
6122,155
6123,155
6124,155
6125,155
6126,155
6127,155
6128,155
6129,155
6130,155
6131,155
6132,155
6133,155
6134,155
6135,155
6136,155
6137,155
6138,155
6139,155
6140,155
6141,155
6142,155
6143,155
6144,155
6145,155
6146,155
6147,155
6148,155
6149,155
6150,155
6151,155
6152,155
6153,155
6154,155
6155,155
6156,155
6157,155
6158,155
6159,155
6160,155
6161,155
6162,155
6163,155
6164,155
6165,155
6166,155
6167,155
6168,155
6169,155
6170,155
6171,155
6172,155
6173,155
6174,155
6175,155
6176,155
6177,155
6178,155
6179,155
6180,155
6181,155
6182,155
6183,155
6184,155
6185,155
6186,155
6187,155
6188,155
6189,155
6190,155
6191,155
6192,155
6193,155
6194,155
6195,155
6196,155
6197,155
6198,155
6199,155
6200,155
6201,155
6202,155
6203,155
6204,155
6205,155
6206,155
6207,155
6208,155
6209,155
6210,155
6211,155
6212,155
6213,155
6214,155
6215,155
6216,155
6217,155
6218,155
6219,155
6220,155
6221,155
6222,155
6223,155
6224,155
6225,155
6226,155
6227,155
6228,155
6229,155
6230,155
6231,155
6232,155
6233,155
6234,155
6235,155
6236,155
6237,155
6238,155
6239,155
6240,155
6241,155
6242,155
6243,155
6244,155
6245,155
6246,155
6247,155
6248,155
6249,155
6250,155
6251,155
6252,155
6253,155
6254,155
6255,155
6256,155
6257,155
6258,155
6259,155
6260,155
6261,155
6262,155
6263,155
6264,155
6265,155
6266,155
6267,155
6268,155
6269,155
6270,155
6271,155
6272,155
6273,154
6274,154
6275,154
6276,154
6277,154
6278,154
6279,154
6280,154
6281,154
6282,154
6283,154
6284,154
6285,154
6286,154
6287,154
6288,154
6289,154
6290,154
6291,154
6292,154
6293,154
6294,154
6295,154
6296,154
6297,154
6298,154
6299,154
6300,154
6301,154
6302,154
6303,154
6304,154
6305,154
6306,154
6307,154
6308,154
6309,154
6310,154
6311,154
6312,154
6313,154
6314,154
6315,154
6316,154
6317,154
6318,154
6319,154
6320,154
6321,154
6322,154
6323,154
6324,154
6325,154
6326,154
6327,154
6328,154
6329,154
6330,154
6331,154
6332,154
6333,154
6334,154
6335,154
6336,154
6337,154
6338,154
6339,154
6340,154
6341,154
6342,154
6343,154
6344,154
6345,154
6346,154
6347,154
6348,154
6349,154
6350,154
6351,154
6352,154
6353,154
6354,154
6355,154
6356,154
6357,154
6358,154
6359,154
6360,154
6361,154
6362,153
6363,153
6364,153
6365,153
6366,153
6367,153
6368,153
6369,153
6370,153
6371,153
6372,153
6373,153
6374,153
6375,153
6376,153
6377,153
6378,153
6379,153
6380,153
6381,153
6382,153
6383,153
6384,153
6385,153
6386,153
6387,153
6388,153
6389,153
6390,153
6391,153
6392,153
6393,153
6394,153
6395,153
6396,153
6397,153
6398,153
6399,153
6400,153
6401,153
6402,153
6403,153
6404,153
6405,153
6406,153
6407,153
6408,153
6409,153
6410,153
6411,153
6412,153
6413,153
6414,153
6415,153
6416,153
6417,153
6418,153
6419,153
6420,153
6421,153
6422,153
6423,153
6424,153
6425,153
6426,153
6427,153
6428,153
6429,153
6430,153
6431,153
6432,153
6433,153
6434,153
6435,153
6436,153
6437,153
6438,153
6439,153
6440,153
6441,153
6442,153
6443,153
6444,153
6445,153
6446,153
6447,153
6448,153
6449,153
6450,153
6451,153
6452,153
6453,153
6454,153
6455,153
6456,152
6457,152
6458,152
6459,152
6460,152
6461,152
6462,152
6463,152
6464,152
6465,152
6466,152
6467,152
6468,152
6469,152
6470,152
6471,152
6472,152
6473,152
6474,152
6475,152
6476,152
6477,152
6478,152
6479,152
6480,152
6481,152
6482,152
6483,152
6484,152
6485,152
6486,152
6487,152
6488,152
6489,152
6490,152
6491,152
6492,152
6493,152
6494,152
6495,152
6496,152
6497,152
6498,152
6499,152
6500,152
6501,152
6502,152
6503,152
6504,152
6505,152
6506,152
6507,152
6508,152
6509,152
6510,152
6511,152
6512,152
6513,152
6514,152
6515,152
6516,152
6517,152
6518,152
6519,152
6520,152
6521,152
6522,152
6523,152
6524,152
6525,152
6526,152
6527,152
6528,152
6529,152
6530,152
6531,152
6532,152
6533,152
6534,152
6535,152
6536,152
6537,152
6538,152
6539,152
6540,152
6541,152
6542,152
6543,152
6544,152
6545,152
6546,152
6547,152
6548,152
6549,152
6550,152
6551,152
6552,152
6553,152
6554,152
6555,152
6556,152
6557,152
6558,152
6559,152
6560,152
6561,152
6562,152
6563,152
6564,152
6565,152
6566,152
6567,152
6568,152
6569,152
6570,152
6571,152
6572,152
6573,152
6574,152
6575,152
6576,152
6577,152
6578,152
6579,152
6580,152
6581,152
6582,152
6583,152
6584,152
6585,152
6586,152
6587,152
6588,152
6589,152
6590,151
6591,151
6592,151
6593,151
6594,151
6595,151
6596,151
6597,151
6598,151
6599,151
6600,151
6601,151
6602,151
6603,151
6604,151
6605,151
6606,151
6607,151
6608,151
6609,151
6610,151
6611,151
6612,151
6613,151
6614,151
6615,151
6616,151
6617,151
6618,151
6619,151
6620,151
6621,151
6622,151
6623,151
6624,151
6625,151
6626,151
6627,151
6628,151
6629,151
6630,151
6631,151
6632,151
6633,151
6634,151
6635,151
6636,151
6637,151
6638,151
6639,151
6640,151
6641,151
6642,151
6643,151
6644,151
6645,151
6646,151
6647,151
6648,151
6649,151
6650,151
6651,151
6652,151
6653,151
6654,151
6655,151
6656,151
6657,151
6658,151
6659,151
6660,151
6661,151
6662,151
6663,151
6664,151
6665,151
6666,151
6667,151
6668,151
6669,151
6670,151
6671,151
6672,151
6673,151
6674,151
6675,151
6676,151
6677,151
6678,151
6679,151
6680,151
6681,151
6682,151
6683,151
6684,151
6685,151
6686,151
6687,151
6688,151
6689,151
6690,151
6691,151
6692,151
6693,151
6694,151
6695,151
6696,151
6697,151
6698,151
6699,151
6700,151
6701,151
6702,151
6703,151
6704,151
6705,151
6706,151
6707,151
6708,151
6709,151
6710,151
6711,151
6712,151
6713,151
6714,151
6715,151
6716,151
6717,151
6718,151
6719,151
6720,151
6721,151
6722,151
6723,151
6724,151
6725,151
6726,151
6727,151
6728,151
6729,151
6730,151
6731,151
6732,151
6733,151
6734,151
6735,151
6736,151
6737,151
6738,151
6739,151
6740,151
6741,151
6742,151
6743,151
6744,151
6745,151
6746,151
6747,151
6748,151
6749,151
6750,151
6751,151
6752,151
6753,151
6754,151
6755,151
6756,151
6757,151
6758,151
6759,151
6760,151
6761,151
6762,151
6763,151
6764,151
6765,151
6766,151
6767,151
6768,151
6769,151
6770,151
6771,151
6772,151
6773,151
6774,151
6775,151
6776,151
6777,151
6778,151
6779,151
6780,151
6781,151
6782,151
6783,151
6784,151
6785,151
6786,151
6787,151
6788,151
6789,151
6790,151
6791,151
6792,151
6793,151
6794,151
6795,151
6796,151
6797,151
6798,151
6799,151
6800,151
6801,151
6802,151
6803,151
6804,151
6805,151
6806,151
6807,151
6808,151
6809,151
6810,151
6811,151
6812,151
6813,151
6814,151
6815,151
6816,151
6817,151
6818,151
6819,151
6820,151
6821,151
6822,151
6823,151
6824,151
6825,151
6826,151
6827,151
6828,151
6829,151
6830,151
6831,151
6832,151
6833,151
6834,151
6835,151
6836,151
6837,151
6838,151
6839,151
6840,151
6841,151
6842,151
6843,151
6844,151
6845,151
6846,151
6847,151
6848,151
6849,151
6850,151
6851,151
6852,151
6853,151
6854,151
6855,151
6856,151
6857,151
6858,151
6859,151
6860,151
6861,151
6862,151
6863,151
6864,151
6865,151
6866,151
6867,151
6868,151
6869,151
6870,151
6871,151
6872,151
6873,151
6874,151
6875,151
6876,151
6877,151
6878,151
6879,151
6880,151
6881,151
6882,151
6883,151
6884,151
6885,151
6886,151
6887,151
6888,151
6889,151
6890,151
6891,151
6892,151
6893,151
6894,151
6895,151
6896,151
6897,151
6898,151
6899,151
6900,151
6901,151
6902,151
6903,151
6904,151
6905,151
6906,151
6907,151
6908,151
6909,151
6910,151
6911,151
6912,151
6913,151
6914,151
6915,151
6916,151
6917,151
6918,151
6919,151
6920,151
6921,151
6922,151
6923,151
6924,151
6925,151
6926,151
6927,151
6928,151
6929,151
6930,151
6931,151
6932,151
6933,151
6934,151
6935,151
6936,151
6937,151
6938,151
6939,151
6940,151
6941,151
6942,151
6943,151
6944,151
6945,151
6946,151
6947,151
6948,151
6949,151
6950,151
6951,151
6952,151
6953,151
6954,151
6955,151
6956,151
6957,151
6958,151
6959,151
6960,151
6961,151
6962,151
6963,151
6964,151
6965,151
6966,151
6967,151
6968,151
6969,151
6970,151
6971,151
6972,151
6973,151
6974,151
6975,151
6976,151
6977,151
6978,151
6979,151
6980,151
6981,151
6982,151
6983,151
6984,151
6985,151
6986,151
6987,151
6988,151
6989,151
6990,151
6991,151
6992,151
6993,151
6994,151
6995,151
6996,151
6997,151
6998,151
6999,151
7000,151
7001,151
7002,151
7003,151
7004,151
7005,151
7006,151
7007,151
7008,151
7009,151
7010,151
7011,151
7012,151
7013,151
7014,151
7015,151
7016,151
7017,151
7018,151
7019,151
7020,151
7021,151
7022,151
7023,151
7024,151
7025,151
7026,151
7027,151
7028,151
7029,151
7030,151
7031,151
7032,151
7033,151
7034,151
7035,151
7036,151
7037,151
7038,151
7039,151
7040,151
7041,151
7042,151
7043,151
7044,151
7045,151
7046,151
7047,151
7048,151
7049,151
7050,151
7051,151
7052,151
7053,151
7054,151
7055,151
7056,151
7057,151
7058,151
7059,151
7060,151
7061,151
7062,151
7063,151
7064,151
7065,151
7066,151
7067,151
7068,151
7069,151
7070,151
7071,151
7072,151
7073,151
7074,151
7075,151
7076,151
7077,151
7078,151
7079,151
7080,151
7081,151
7082,151
7083,151
7084,151
7085,151
7086,151
7087,151
7088,151
7089,151
7090,151
7091,151
7092,151
7093,151
7094,151
7095,151
7096,151
7097,151
7098,151
7099,151
7100,151
7101,151
7102,151
7103,151
7104,151
7105,151
7106,151
7107,151
7108,151
7109,151
7110,151
7111,151
7112,151
7113,151
7114,151
7115,151
7116,151
7117,151
7118,151
7119,151
7120,151
7121,151
7122,151
7123,151
7124,151
7125,151
7126,151
7127,151
7128,151
7129,151
7130,151
7131,151
7132,151
7133,151
7134,151
7135,151
7136,151
7137,151
7138,151
7139,151
7140,151
7141,151
7142,151
7143,151
7144,151
7145,151
7146,151
7147,151
7148,151
7149,151
7150,151
7151,151
7152,151
7153,151
7154,151
7155,151
7156,151
7157,151
7158,151
7159,151
7160,151
7161,151
7162,151
7163,151
7164,151
7165,151
7166,151
7167,151
7168,151
7169,151
7170,151
7171,151
7172,151
7173,151
7174,151
7175,151
7176,151
7177,151
7178,151
7179,151
7180,151
7181,151
7182,151
7183,151
7184,151
7185,151
7186,151
7187,151
7188,151
7189,151
7190,151
7191,151
7192,151
7193,151
7194,151
7195,151
7196,151
7197,151
7198,151
7199,151
7200,150
7201,150
7202,150
7203,150
7204,150
7205,150
7206,150
7207,150
7208,150
7209,150
7210,150
7211,150
7212,150
7213,150
7214,150
7215,150
7216,150
7217,150
7218,150
7219,150
7220,150
7221,150
7222,150
7223,150
7224,150
7225,150
7226,150
7227,150
7228,150
7229,150
7230,150
7231,150
7232,150
7233,150
7234,150
7235,150
7236,150
7237,150
7238,150
7239,150
7240,150
7241,150
7242,150
7243,150
7244,150
7245,150
7246,150
7247,150
7248,150
7249,150
7250,150
7251,150
7252,150
7253,150
7254,150
7255,150
7256,150
7257,150
7258,150
7259,150
7260,150
7261,150
7262,150
7263,150
7264,150
7265,150
7266,150
7267,150
7268,150
7269,150
7270,150
7271,150
7272,150
7273,150
7274,150
7275,150
7276,150
7277,150
7278,150
7279,150
7280,150
7281,150
7282,150
7283,150
7284,150
7285,150
7286,150
7287,150
7288,150
7289,150
7290,150
7291,150
7292,150
7293,150
7294,150
7295,150
7296,150
7297,150
7298,150
7299,149
7300,149
7301,149
7302,149
7303,149
7304,149
7305,149
7306,149
7307,149
7308,149
7309,149
7310,149
7311,149
7312,149
7313,149
7314,149
7315,149
7316,149
7317,149
7318,149
7319,149
7320,149
7321,149
7322,149
7323,149
7324,149
7325,149
7326,149
7327,149
7328,149
7329,149
7330,149
7331,149
7332,149
7333,149
7334,149
7335,149
7336,149
7337,149
7338,149
7339,149
7340,149
7341,149
7342,149
7343,149
7344,149
7345,149
7346,149
7347,149
7348,149
7349,149
7350,149
7351,149
7352,149
7353,149
7354,149
7355,149
7356,149
7357,149
7358,149
7359,149
7360,149
7361,149
7362,149
7363,149
7364,149
7365,149
7366,149
7367,149
7368,149
7369,149
7370,149
7371,149
7372,149
7373,149
7374,149
7375,149
7376,149
7377,149
7378,149
7379,149
7380,149
7381,149
7382,149
7383,149
7384,149
7385,149
7386,149
7387,149
7388,149
7389,149
7390,149
7391,149
7392,149
7393,149
7394,149
7395,149
7396,149
7397,149
7398,149
7399,149
7400,149
7401,149
7402,149
7403,149
7404,149
7405,149
7406,149
7407,149
7408,149
7409,149
7410,148
7411,148
7412,148
7413,148
7414,148
7415,148
7416,148
7417,148
7418,148
7419,148
7420,148
7421,148
7422,148
7423,148
7424,148
7425,148
7426,148
7427,148
7428,148
7429,148
7430,148
7431,148
7432,148
7433,148
7434,148
7435,148
7436,148
7437,148
7438,148
7439,148
7440,148
7441,148
7442,148
7443,148
7444,148
7445,148
7446,148
7447,148
7448,148
7449,148
7450,148
7451,148
7452,148
7453,148
7454,148
7455,148
7456,148
7457,148
7458,148
7459,148
7460,148
7461,148
7462,148
7463,148
7464,148
7465,148
7466,148
7467,148
7468,148
7469,148
7470,148
7471,148
7472,148
7473,148
7474,148
7475,148
7476,148
7477,148
7478,148
7479,148
7480,148
7481,148
7482,148
7483,148
7484,148
7485,148
7486,148
7487,148
7488,148
7489,148
7490,148
7491,148
7492,148
7493,148
7494,148
7495,148
7496,148
7497,148
7498,148
7499,148
7500,148
7501,148
7502,148
7503,148
7504,148
7505,148
7506,148
7507,148
7508,148
7509,148
7510,148
7511,148
7512,148
7513,148
7514,148
7515,148
7516,148
7517,148
7518,148
7519,148
7520,148
7521,148
7522,148
7523,148
7524,148
7525,148
7526,148
7527,148
7528,148
7529,148
7530,148
7531,148
7532,148
7533,148
7534,148
7535,148
7536,148
7537,148
7538,148
7539,148
7540,148
7541,148
7542,148
7543,148
7544,148
7545,148
7546,148
7547,148
7548,148
7549,148
7550,148
7551,148
7552,148
7553,148
7554,148
7555,148
7556,148
7557,148
7558,148
7559,148
7560,148
7561,148
7562,148
7563,148
7564,148
7565,148
7566,148
7567,148
7568,148
7569,148
7570,148
7571,148
7572,148
7573,148
7574,148
7575,148
7576,148
7577,148
7578,148
7579,148
7580,148
7581,148
7582,148
7583,148
7584,148
7585,148
7586,148
7587,148
7588,148
7589,148
7590,148
7591,148
7592,148
7593,148
7594,148
7595,148
7596,148
7597,148
7598,148
7599,148
7600,148
7601,148
7602,148
7603,148
7604,148
7605,148
7606,148
7607,148
7608,148
7609,148
7610,148
7611,148
7612,148
7613,148
7614,148
7615,148
7616,148
7617,148
7618,148
7619,148
7620,148
7621,148
7622,148
7623,148
7624,148
7625,148
7626,148
7627,148
7628,148
7629,148
7630,148
7631,148
7632,148
7633,148
7634,148
7635,148
7636,148
7637,148
7638,148
7639,148
7640,148
7641,148
7642,148
7643,148
7644,148
7645,148
7646,148
7647,148
7648,148
7649,148
7650,148
7651,148
7652,148
7653,148
7654,148
7655,148
7656,148
7657,148
7658,148
7659,148
7660,148
7661,148
7662,148
7663,148
7664,148
7665,148
7666,148
7667,148
7668,148
7669,148
7670,148
7671,148
7672,148
7673,148
7674,148
7675,148
7676,148
7677,148
7678,148
7679,148
7680,148
7681,148
7682,148
7683,148
7684,148
7685,148
7686,148
7687,148
7688,148
7689,148
7690,148
7691,148
7692,148
7693,148
7694,148
7695,148
7696,148
7697,148
7698,148
7699,148
7700,148
7701,148
7702,148
7703,148
7704,148
7705,148
7706,148
7707,148
7708,148
7709,148
7710,148
7711,148
7712,148
7713,148
7714,148
7715,148
7716,148
7717,148
7718,148
7719,148
7720,148
7721,148
7722,148
7723,148
7724,148
7725,148
7726,148
7727,148
7728,148
7729,148
7730,148
7731,148
7732,148
7733,148
7734,148
7735,148
7736,148
7737,148
7738,148
7739,148
7740,148
7741,148
7742,148
7743,148
7744,148
7745,148
7746,148
7747,148
7748,148
7749,148
7750,148
7751,148
7752,148
7753,148
7754,147
7755,147
7756,147
7757,147
7758,147
7759,147
7760,147
7761,147
7762,147
7763,147
7764,147
7765,147
7766,147
7767,147
7768,147
7769,147
7770,147
7771,147
7772,147
7773,147
7774,147
7775,147
7776,147
7777,147
7778,147
7779,147
7780,147
7781,147
7782,147
7783,147
7784,147
7785,147
7786,147
7787,147
7788,147
7789,147
7790,147
7791,147
7792,147
7793,147
7794,147
7795,147
7796,147
7797,147
7798,147
7799,147
7800,147
7801,147
7802,147
7803,147
7804,147
7805,147
7806,147
7807,147
7808,147
7809,147
7810,147
7811,147
7812,147
7813,147
7814,147
7815,147
7816,147
7817,147
7818,147
7819,147
7820,147
7821,147
7822,147
7823,147
7824,147
7825,147
7826,147
7827,147
7828,147
7829,147
7830,147
7831,147
7832,147
7833,147
7834,147
7835,147
7836,147
7837,147
7838,147
7839,147
7840,147
7841,147
7842,147
7843,147
7844,147
7845,147
7846,147
7847,147
7848,147
7849,147
7850,147
7851,147
7852,147
7853,147
7854,147
7855,147
7856,147
7857,147
7858,147
7859,147
7860,147
7861,147
7862,147
7863,147
7864,147
7865,147
7866,147
7867,147
7868,147
7869,147
7870,147
7871,147
7872,147
7873,147
7874,147
7875,147
7876,147
7877,147
7878,147
7879,147
7880,147
7881,147
7882,147
7883,147
7884,147
7885,147
7886,147
7887,147
7888,147
7889,147
7890,147
7891,147
7892,147
7893,147
7894,147
7895,147
7896,147
7897,147
7898,147
7899,147
7900,147
7901,147
7902,147
7903,147
7904,147
7905,147
7906,147
7907,147
7908,147
7909,147
7910,146
7911,146
7912,146
7913,146
7914,146
7915,146
7916,146
7917,146
7918,146
7919,146
7920,146
7921,146
7922,146
7923,146
7924,146
7925,146
7926,146
7927,146
7928,146
7929,146
7930,146
7931,146
7932,146
7933,146
7934,145
7935,145
7936,145
7937,145
7938,145
7939,145
7940,145
7941,145
7942,145
7943,145
7944,145
7945,145
7946,145
7947,145
7948,145
7949,145
7950,145
7951,145
7952,145
7953,145
7954,145
7955,145
7956,145
7957,145
7958,145
7959,145
7960,145
7961,145
7962,145
7963,145
7964,145
7965,145
7966,145
7967,145
7968,145
7969,145
7970,145
7971,145
7972,145
7973,145
7974,145
7975,145
7976,145
7977,145
7978,145
7979,145
7980,145
7981,145
7982,145
7983,145
7984,145
7985,145
7986,145
7987,145
7988,145
7989,145
7990,145
7991,145
7992,145
7993,145
7994,145
7995,145
7996,145
7997,145
7998,145
7999,145
8000,145
8001,145
8002,145
8003,145
8004,145
8005,145
8006,145
8007,145
8008,145
8009,145
8010,145
8011,145
8012,145
8013,145
8014,145
8015,145
8016,145
8017,145
8018,145
8019,145
8020,145
8021,145
8022,145
8023,145
8024,145
8025,145
8026,145
8027,145
8028,145
8029,145
8030,145
8031,145
8032,145
8033,145
8034,145
8035,145
8036,145
8037,145
8038,145
8039,145
8040,145
8041,145
8042,145
8043,145
8044,145
8045,145
8046,145
8047,145
8048,145
8049,145
8050,145
8051,145
8052,145
8053,145
8054,145
8055,145
8056,145
8057,145
8058,145
8059,145
8060,145
8061,145
8062,145
8063,145
8064,145
8065,145
8066,145
8067,145
8068,145
8069,145
8070,145
8071,145
8072,145
8073,145
8074,145
8075,145
8076,145
8077,145
8078,145
8079,145
8080,145
8081,145
8082,145
8083,145
8084,145
8085,145
8086,145
8087,145
8088,145
8089,145
8090,145
8091,145
8092,145
8093,145
8094,145
8095,145
8096,145
8097,145
8098,145
8099,145
8100,145
8101,145
8102,145
8103,145
8104,145
8105,145
8106,145
8107,145
8108,145
8109,145
8110,145
8111,145
8112,145
8113,145
8114,145
8115,145
8116,145
8117,145
8118,145
8119,145
8120,145
8121,145
8122,145
8123,145
8124,145
8125,145
8126,145
8127,145
8128,145
8129,145
8130,145
8131,145
8132,145
8133,145
8134,145
8135,145
8136,145
8137,145
8138,145
8139,145
8140,145
8141,145
8142,145
8143,145
8144,145
8145,145
8146,145
8147,145
8148,145
8149,145
8150,145
8151,145
8152,145
8153,145
8154,145
8155,145
8156,145
8157,145
8158,145
8159,145
8160,145
8161,145
8162,145
8163,145
8164,145
8165,145
8166,145
8167,145
8168,145
8169,145
8170,145
8171,145
8172,145
8173,145
8174,145
8175,145
8176,145
8177,145
8178,145
8179,145
8180,145
8181,145
8182,145
8183,145
8184,145
8185,145
8186,145
8187,145
8188,145
8189,145
8190,145
8191,145
8192,145
8193,145
8194,145
8195,145
8196,145
8197,145
8198,145
8199,145
8200,145
8201,145
8202,145
8203,145
8204,145
8205,145
8206,145
8207,145
8208,145
8209,145
8210,145
8211,145
8212,145
8213,145
8214,145
8215,145
8216,145
8217,145
8218,145
8219,145
8220,145
8221,145
8222,145
8223,145
8224,145
8225,145
8226,145
8227,145
8228,145
8229,145
8230,145
8231,145
8232,145
8233,145
8234,145
8235,145
8236,145
8237,145
8238,145
8239,145
8240,145
8241,145
8242,145
8243,145
8244,145
8245,145
8246,145
8247,145
8248,145
8249,145
8250,145
8251,145
8252,145
8253,145
8254,145
8255,145
8256,145
8257,145
8258,145
8259,145
8260,145
8261,145
8262,145
8263,145
8264,145
8265,145
8266,145
8267,145
8268,145
8269,145
8270,145
8271,145
8272,145
8273,145
8274,145
8275,145
8276,145
8277,145
8278,145
8279,145
8280,145
8281,145
8282,145
8283,145
8284,145
8285,145
8286,145
8287,145
8288,145
8289,145
8290,145
8291,145
8292,145
8293,145
8294,145
8295,145
8296,145
8297,145
8298,145
8299,145
8300,145
8301,144
8302,144
8303,144
8304,144
8305,144
8306,144
8307,144
8308,144
8309,144
8310,144
8311,144
8312,144
8313,144
8314,144
8315,143
8316,143
8317,143
8318,143
8319,143
8320,142
8321,141
8322,139
8323,138
8324,138
8325,138
8326,138
8327,138
8328,137
8329,137
8330,137
8331,136
8332,136
8333,136
8334,135
8335,134
8336,134
8337,133
8338,132
8339,131
8340,130
8341,129
8342,128
8343,127
8344,127
8345,126
8346,124
8347,123
8348,122
8349,121
8350,120
8351,118
8352,116
8353,115
8354,114
8355,113
8356,112
8357,111
8358,110
8359,109
8360,108
8361,107
8362,106
8363,105
8364,104
8365,103
8366,102
8367,102
8368,102
8369,102
8370,102
8371,102
8372,102
8373,102
8374,102
8375,102
8376,102
8377,102
8378,102
8379,102
8380,102
8381,102
8382,102
8383,102
8384,102
8385,102
8386,102
8387,102
8388,102
8389,102
8390,102
8391,102
8392,102
8393,102
8394,102
8395,102
8396,102
8397,102
8398,102
8399,102
8400,102
8401,102
8402,102
8403,102
8404,102
8405,102
8406,102
8407,102
8408,102
8409,102
8410,102
8411,102
8412,102
8413,102
8414,102
8415,102
8416,102
8417,102
8418,102
8419,102
8420,102
8421,102
8422,102
8423,102
8424,102
8425,102
8426,102
8427,102
8428,102
8429,102
8430,102
8431,102
8432,102
8433,102
8434,102
8435,102
8436,102
8437,102
8438,102
8439,102
8440,102
8441,102
8442,102
8443,102
8444,102
8445,102
8446,102
8447,102
8448,102
8449,102
8450,102
8451,102
8452,102
8453,102
8454,102
8455,102
8456,102
8457,102
8458,102
8459,102
8460,102
8461,102
8462,102
8463,102
8464,102
8465,102
8466,102
8467,102
8468,102
8469,102
8470,102
8471,102
8472,102
8473,102
8474,102
8475,102
8476,102
8477,102
8478,102
8479,102
8480,102
8481,102
8482,102
8483,102
8484,102
8485,102
8486,102
8487,102
8488,102
8489,102
8490,102
8491,102
8492,102
8493,102
8494,102
8495,102
8496,102
8497,102
8498,102
8499,102
8500,102
8501,102
8502,102
8503,102
8504,102
8505,102
8506,102
8507,102
8508,102
8509,102
8510,102
8511,102
8512,102
8513,102
8514,102
8515,102
8516,102
8517,102
8518,102
8519,102
8520,102
8521,102
8522,102
8523,102
8524,102
8525,102
8526,102
8527,102
8528,102
8529,102
8530,102
8531,102
8532,102
8533,102
8534,102
8535,102
8536,102
8537,102
8538,102
8539,102
8540,102
8541,102
8542,102
8543,102
8544,102
8545,102
8546,102
8547,102
8548,102
8549,102
8550,102
8551,102
8552,102
8553,102
8554,102
8555,102
8556,102
8557,102
8558,102
8559,102
8560,102
8561,102
8562,102
8563,102
8564,102
8565,102
8566,102
8567,102
8568,102
8569,102
8570,102
8571,102
8572,102
8573,102
8574,102
8575,102
8576,102
8577,102
8578,102
8579,102
8580,102
8581,102
8582,102
8583,102
8584,102
8585,102
8586,102
8587,102
8588,102
8589,102
8590,102
8591,102
8592,102
8593,102
8594,102
8595,102
8596,102
8597,102
8598,102
8599,102
8600,102
8601,102
8602,102
8603,102
8604,102
8605,102
8606,102
8607,102
8608,102
8609,102
8610,102
8611,102
8612,102
8613,102
8614,102
8615,101
8616,101
8617,101
8618,101
8619,101
8620,101
8621,101
8622,101
8623,101
8624,101
8625,101
8626,101
8627,101
8628,101
8629,101
8630,101
8631,101
8632,101
8633,101
8634,101
8635,101
8636,101
8637,101
8638,101
8639,101
8640,101
8641,101
8642,101
8643,101
8644,101
8645,101
8646,101
8647,101
8648,101
8649,101
8650,101
8651,101
8652,101
8653,101
8654,101
8655,101
8656,101
8657,101
8658,101
8659,101
8660,101
8661,101
8662,101
8663,101
8664,101
8665,101
8666,101
8667,101
8668,101
8669,101
8670,101
8671,101
8672,101
8673,101
8674,101
8675,101
8676,101
8677,101
8678,101
8679,101
8680,101
8681,101
8682,101
8683,101
8684,101
8685,101
8686,101
8687,101
8688,101
8689,101
8690,101
8691,101
8692,101
8693,101
8694,101
8695,101
8696,101
8697,101
8698,101
8699,101
8700,101
8701,101
8702,101
8703,101
8704,101
8705,101
8706,101
8707,101
8708,101
8709,101
8710,101
8711,101
8712,101
8713,101
8714,101
8715,101
8716,101
8717,101
8718,101
8719,101
8720,101
8721,101
8722,101
8723,101
8724,101
8725,101
8726,101
8727,101
8728,101
8729,101
8730,101
8731,101
8732,101
8733,101
8734,101
8735,101
8736,101
8737,101
8738,101
8739,101
8740,101
8741,101
8742,101
8743,101
8744,101
8745,101
8746,101
8747,101
8748,101
8749,101
8750,101
8751,101
8752,101
8753,101
8754,101
8755,101
8756,101
8757,101
8758,101
8759,101
8760,101
8761,101
8762,101
8763,101
8764,101
8765,101
8766,101
8767,101
8768,101
8769,101
8770,101
8771,101
8772,101
8773,101
8774,101
8775,101
8776,101
8777,101
8778,101
8779,101
8780,101
8781,101
8782,101
8783,101
8784,101
8785,101
8786,101
8787,101
8788,101
8789,101
8790,101
8791,101
8792,101
8793,101
8794,101
8795,101
8796,101
8797,101
8798,101
8799,101
8800,101
8801,101
8802,101
8803,101
8804,101
8805,101
8806,101
8807,101
8808,101
8809,101
8810,101
8811,101
8812,101
8813,101
8814,101
8815,101
8816,101
8817,101
8818,101
8819,101
8820,101
8821,101
8822,101
8823,101
8824,101
8825,101
8826,101
8827,101
8828,101
8829,101
8830,101
8831,101
8832,101
8833,101
8834,101
8835,101
8836,101
8837,101
8838,101
8839,101
8840,101
8841,101
8842,101
8843,101
8844,101
8845,101
8846,101
8847,101
8848,101
8849,101
8850,101
8851,101
8852,101
8853,101
8854,101
8855,101
8856,101
8857,101
8858,101
8859,101
8860,101
8861,101
8862,101
8863,101
8864,101
8865,101
8866,101
8867,101
8868,101
8869,101
8870,101
8871,101
8872,101
8873,101
8874,101
8875,101
8876,101
8877,101
8878,101
8879,101
8880,101
8881,101
8882,101
8883,101
8884,101
8885,101
8886,101
8887,101
8888,101
8889,101
8890,101
8891,101
8892,101
8893,101
8894,101
8895,101
8896,101
8897,101
8898,101
8899,101
8900,101
8901,101
8902,101
8903,101
8904,101
8905,101
8906,101
8907,101
8908,101
8909,101
8910,101
8911,101
8912,101
8913,101
8914,101
8915,101
8916,101
8917,101
8918,101
8919,101
8920,101
8921,101
8922,101
8923,101
8924,101
8925,101
8926,101
8927,101
8928,101
8929,101
8930,101
8931,101
8932,101
8933,101
8934,101
8935,101
8936,101
8937,101
8938,101
8939,101
8940,101
8941,101
8942,101
8943,101
8944,101
8945,101
8946,101
8947,101
8948,101
8949,101
8950,101
8951,101
8952,101
8953,101
8954,101
8955,101
8956,101
8957,101
8958,101
8959,101
8960,101
8961,101
8962,101
8963,101
8964,101
8965,101
8966,101
8967,101
8968,101
8969,101
8970,101
8971,101
8972,101
8973,101
8974,101
8975,101
8976,101
8977,101
8978,101
8979,101
8980,101
8981,101
8982,101
8983,101
8984,101
8985,101
8986,101
8987,101
8988,101
8989,101
8990,101
8991,101
8992,101
8993,101
8994,101
8995,101
8996,101
8997,101
8998,101
8999,101
9000,101
9001,101
9002,101
9003,101
9004,101
9005,101
9006,101
9007,101
9008,101
9009,101
9010,101
9011,101
9012,101
9013,101
9014,101
9015,101
9016,101
9017,101
9018,101
9019,101
9020,101
9021,101
9022,101
9023,101
9024,101
9025,101
9026,101
9027,101
9028,101
9029,101
9030,101
9031,101
9032,101
9033,101
9034,101
9035,101
9036,101
9037,101
9038,101
9039,101
9040,101
9041,101
9042,101
9043,101
9044,101
9045,101
9046,101
9047,101
9048,101
9049,101
9050,101
9051,101
9052,101
9053,101
9054,101
9055,101
9056,101
9057,101
9058,101
9059,101
9060,101
9061,101
9062,101
9063,101
9064,101
9065,101
9066,101
9067,101
9068,101
9069,101
9070,101
9071,101
9072,101
9073,101
9074,101
9075,101
9076,101
9077,101
9078,101
9079,101
9080,101
9081,101
9082,101
9083,101
9084,101
9085,101
9086,101
9087,100
9088,100
9089,100
9090,100
9091,100
9092,100
9093,100
9094,100
9095,100
9096,100
9097,100
9098,100
9099,100
9100,100
9101,100
9102,100
9103,100
9104,100
9105,100
9106,100
9107,100
9108,100
9109,100
9110,100
9111,100
9112,100
9113,100
9114,100
9115,100
9116,100
9117,100
9118,100
9119,100
9120,100
9121,100
9122,100
9123,100
9124,100
9125,100
9126,100
9127,100
9128,100
9129,100
9130,100
9131,100
9132,100
9133,100
9134,100
9135,100
9136,100
9137,100
9138,100
9139,100
9140,100
9141,100
9142,100
9143,100
9144,100
9145,100
9146,100
9147,100
9148,100
9149,100
9150,100
9151,100
9152,100
9153,100
9154,100
9155,100
9156,100
9157,100
9158,100
9159,100
9160,100
9161,100
9162,100
9163,100
9164,100
9165,100
9166,100
9167,100
9168,100
9169,100
9170,100
9171,100
9172,100
9173,100
9174,100
9175,100
9176,100
9177,100
9178,100
9179,100
9180,100
9181,100
9182,100
9183,100
9184,100
9185,100
9186,100
9187,100
9188,100
9189,100
9190,100
9191,100
9192,100
9193,100
9194,100
9195,100
9196,100
9197,100
9198,100
9199,100
9200,100
9201,100
9202,100
9203,100
9204,100
9205,100
9206,100
9207,100
9208,100
9209,100
9210,100
9211,100
9212,99
9213,99
9214,99
9215,99
9216,99
9217,99
9218,99
9219,99
9220,99
9221,99
9222,99
9223,99
9224,99
9225,99
9226,99
9227,99
9228,99
9229,99
9230,99
9231,99
9232,99
9233,99
9234,99
9235,99
9236,99
9237,99
9238,99
9239,99
9240,99
9241,99
9242,99
9243,99
9244,99
9245,99
9246,99
9247,99
9248,99
9249,99
9250,99
9251,99
9252,99
9253,99
9254,99
9255,99
9256,99
9257,99
9258,99
9259,99
9260,99
9261,99
9262,99
9263,99
9264,99
9265,99
9266,99
9267,99
9268,99
9269,99
9270,99
9271,99
9272,99
9273,99
9274,99
9275,99
9276,99
9277,99
9278,99
9279,99
9280,99
9281,99
9282,99
9283,99
9284,99
9285,99
9286,99
9287,99
9288,99
9289,99
9290,99
9291,99
9292,99
9293,99
9294,99
9295,99
9296,99
9297,99
9298,99
9299,99
9300,99
9301,99
9302,99
9303,99
9304,99
9305,99
9306,99
9307,99
9308,99
9309,99
9310,99
9311,99
9312,99
9313,99
9314,99
9315,99
9316,99
9317,99
9318,99
9319,99
9320,99
9321,99
9322,99
9323,99
9324,99
9325,99
9326,99
9327,99
9328,99
9329,99
9330,99
9331,99
9332,99
9333,99
9334,99
9335,99
9336,99
9337,99
9338,99
9339,99
9340,99
9341,99
9342,99
9343,99
9344,99
9345,99
9346,99
9347,99
9348,99
9349,99
9350,99
9351,98
9352,98
9353,98
9354,98
9355,98
9356,98
9357,98
9358,98
9359,98
9360,98
9361,98
9362,98
9363,98
9364,98
9365,98
9366,98
9367,98
9368,98
9369,98
9370,98
9371,98
9372,98
9373,98
9374,98
9375,98
9376,98
9377,98
9378,98
9379,98
9380,98
9381,98
9382,98
9383,98
9384,98
9385,98
9386,98
9387,98
9388,98
9389,98
9390,98
9391,98
9392,98
9393,98
9394,98
9395,98
9396,98
9397,98
9398,98
9399,98
9400,98
9401,98
9402,98
9403,98
9404,98
9405,98
9406,98
9407,98
9408,98
9409,98
9410,98
9411,98
9412,98
9413,98
9414,98
9415,98
9416,98
9417,98
9418,98
9419,98
9420,98
9421,98
9422,98
9423,98
9424,98
9425,98
9426,98
9427,98
9428,98
9429,98
9430,98
9431,98
9432,98
9433,98
9434,98
9435,98
9436,98
9437,98
9438,98
9439,98
9440,98
9441,98
9442,98
9443,98
9444,98
9445,98
9446,98
9447,98
9448,98
9449,98
9450,98
9451,98
9452,98
9453,98
9454,98
9455,98
9456,98
9457,98
9458,98
9459,98
9460,98
9461,98
9462,98
9463,98
9464,98
9465,98
9466,98
9467,98
9468,98
9469,98
9470,98
9471,98
9472,98
9473,98
9474,98
9475,98
9476,98
9477,98
9478,98
9479,98
9480,98
9481,98
9482,98
9483,98
9484,98
9485,98
9486,98
9487,98
9488,98
9489,98
9490,98
9491,98
9492,98
9493,98
9494,98
9495,98
9496,98
9497,98
9498,98
9499,98
9500,98
9501,98
9502,98
9503,98
9504,98
9505,98
9506,98
9507,98
9508,98
9509,98
9510,98
9511,98
9512,98
9513,98
9514,98
9515,98
9516,98
9517,98
9518,98
9519,98
9520,98
9521,98
9522,98
9523,98
9524,98
9525,98
9526,98
9527,98
9528,98
9529,98
9530,98
9531,98
9532,98
9533,98
9534,98
9535,98
9536,98
9537,98
9538,98
9539,98
9540,98
9541,98
9542,98
9543,98
9544,98
9545,98
9546,98
9547,98
9548,98
9549,98
9550,98
9551,98
9552,98
9553,98
9554,98
9555,98
9556,98
9557,98
9558,98
9559,98
9560,98
9561,98
9562,98
9563,98
9564,98
9565,98
9566,98
9567,98
9568,98
9569,98
9570,98
9571,98
9572,98
9573,98
9574,98
9575,98
9576,98
9577,98
9578,98
9579,98
9580,98
9581,98
9582,98
9583,98
9584,98
9585,98
9586,98
9587,98
9588,98
9589,98
9590,98
9591,98
9592,98
9593,98
9594,98
9595,98
9596,98
9597,98
9598,98
9599,98
9600,98
9601,98
9602,98
9603,98
9604,98
9605,98
9606,98
9607,98
9608,98
9609,98
9610,98
9611,98
9612,98
9613,98
9614,98
9615,98
9616,98
9617,98
9618,98
9619,98
9620,98
9621,98
9622,98
9623,98
9624,98
9625,97
9626,97
9627,97
9628,97
9629,97
9630,97
9631,97
9632,97
9633,97
9634,97
9635,97
9636,97
9637,97
9638,97
9639,97
9640,97
9641,97
9642,97
9643,97
9644,97
9645,97
9646,97
9647,97
9648,97
9649,97
9650,97
9651,97
9652,97
9653,97
9654,97
9655,97
9656,97
9657,97
9658,97
9659,97
9660,97
9661,97
9662,97
9663,97
9664,97
9665,97
9666,97
9667,97
9668,97
9669,97
9670,97
9671,97
9672,97
9673,97
9674,97
9675,97
9676,97
9677,97
9678,97
9679,97
9680,97
9681,97
9682,97
9683,97
9684,97
9685,97
9686,97
9687,97
9688,97
9689,97
9690,97
9691,97
9692,97
9693,97
9694,97
9695,97
9696,97
9697,97
9698,97
9699,97
9700,97
9701,97
9702,97
9703,97
9704,97
9705,97
9706,97
9707,97
9708,97
9709,97
9710,97
9711,97
9712,97
9713,97
9714,97
9715,97
9716,97
9717,97
9718,97
9719,97
9720,97
9721,97
9722,97
9723,97
9724,97
9725,97
9726,97
9727,97
9728,97
9729,97
9730,97
9731,97
9732,97
9733,97
9734,97
9735,97
9736,97
9737,97
9738,97
9739,97
9740,97
9741,97
9742,97
9743,97
9744,97
9745,97
9746,97
9747,97
9748,97
9749,97
9750,97
9751,97
9752,97
9753,97
9754,97
9755,97
9756,97
9757,97
9758,97
9759,97
9760,97
9761,97
9762,97
9763,97
9764,97
9765,97
9766,97
9767,97
9768,97
9769,97
9770,97
9771,97
9772,97
9773,97
9774,97
9775,97
9776,97
9777,97
9778,97
9779,97
9780,97
9781,97
9782,97
9783,97
9784,97
9785,97
9786,97
9787,97
9788,97
9789,97
9790,97
9791,97
9792,97
9793,97
9794,97
9795,97
9796,97
9797,97
9798,97
9799,97
9800,97
9801,97
9802,97
9803,97
9804,97
9805,97
9806,97
9807,97
9808,97
9809,97
9810,97
9811,97
9812,97
9813,97
9814,97
9815,97
9816,97
9817,97
9818,97
9819,97
9820,97
9821,97
9822,97
9823,97
9824,97
9825,97
9826,97
9827,97
9828,97
9829,97
9830,97
9831,97
9832,97
9833,97
9834,97
9835,97
9836,97
9837,97
9838,97
9839,97
9840,97
9841,97
9842,97
9843,97
9844,97
9845,97
9846,97
9847,97
9848,97
9849,97
9850,97
9851,97
9852,97
9853,97
9854,97
9855,97
9856,97
9857,97
9858,97
9859,97
9860,97
9861,97
9862,97
9863,97
9864,97
9865,97
9866,97
9867,97
9868,97
9869,97
9870,97
9871,97
9872,97
9873,97
9874,97
9875,97
9876,97
9877,97
9878,97
9879,97
9880,97
9881,97
9882,97
9883,97
9884,97
9885,97
9886,97
9887,97
9888,97
9889,97
9890,97
9891,97
9892,97
9893,97
9894,97
9895,97
9896,97
9897,97
9898,97
9899,97
9900,97
9901,97
9902,97
9903,97
9904,97
9905,97
9906,97
9907,97
9908,97
9909,97
9910,97
9911,97
9912,97
9913,97
9914,97
9915,97
9916,97
9917,97
9918,97
9919,97
9920,97
9921,97
9922,97
9923,97
9924,97
9925,97
9926,97
9927,97
9928,97
9929,97
9930,97
9931,97
9932,97
9933,97
9934,97
9935,97
9936,97
9937,97
9938,97
9939,97
9940,97
9941,97
9942,97
9943,97
9944,97
9945,97
9946,97
9947,97
9948,97
9949,97
9950,97
9951,97
9952,97
9953,97
9954,97
9955,97
9956,97
9957,97
9958,97
9959,97
9960,97
9961,97
9962,97
9963,97
9964,97
9965,97
9966,97
9967,97
9968,97
9969,97
9970,97
9971,97
9972,97
9973,97
9974,97
9975,97
9976,97
9977,97
9978,97
9979,97
9980,97
9981,97
9982,97
9983,97
9984,97
9985,97
9986,97
9987,97
9988,97
9989,97
9990,97
9991,97
9992,97
9993,97
9994,97
9995,97
9996,97
9997,97
9998,97
9999,97
