,pso
0,301
1,301
2,301
3,301
4,301
5,301
6,301
7,301
8,301
9,301
10,301
11,301
12,301
13,301
14,301
15,301
16,301
17,301
18,301
19,301
20,301
21,301
22,301
23,301
24,301
25,301
26,301
27,301
28,301
29,301
30,301
31,301
32,301
33,301
34,301
35,301
36,301
37,301
38,301
39,301
40,301
41,301
42,301
43,301
44,301
45,301
46,301
47,301
48,301
49,301
50,301
51,301
52,301
53,301
54,301
55,301
56,301
57,301
58,301
59,301
60,301
61,301
62,301
63,301
64,301
65,301
66,301
67,301
68,301
69,301
70,301
71,301
72,301
73,301
74,301
75,301
76,301
77,301
78,301
79,301
80,301
81,301
82,301
83,301
84,301
85,301
86,301
87,301
88,301
89,301
90,301
91,301
92,301
93,301
94,301
95,301
96,301
97,301
98,301
99,301
100,301
101,301
102,301
103,301
104,301
105,301
106,301
107,301
108,301
109,301
110,301
111,301
112,301
113,301
114,301
115,301
116,301
117,301
118,301
119,301
120,301
121,301
122,301
123,301
124,301
125,301
126,301
127,301
128,301
129,301
130,301
131,301
132,301
133,301
134,301
135,301
136,301
137,301
138,301
139,301
140,301
141,301
142,301
143,301
144,301
145,301
146,301
147,301
148,301
149,301
150,301
151,301
152,301
153,301
154,301
155,301
156,301
157,301
158,301
159,301
160,301
161,301
162,301
163,301
164,301
165,301
166,301
167,301
168,301
169,301
170,301
171,301
172,301
173,301
174,301
175,301
176,301
177,301
178,301
179,301
180,301
181,301
182,301
183,301
184,301
185,301
186,301
187,301
188,301
189,301
190,301
191,301
192,301
193,301
194,301
195,301
196,301
197,301
198,301
199,301
200,301
201,301
202,301
203,301
204,301
205,301
206,301
207,301
208,301
209,301
210,301
211,301
212,301
213,301
214,301
215,301
216,301
217,301
218,301
219,301
220,301
221,301
222,301
223,301
224,301
225,301
226,301
227,301
228,301
229,301
230,301
231,301
232,301
233,301
234,301
235,301
236,301
237,301
238,301
239,301
240,301
241,301
242,301
243,301
244,301
245,301
246,301
247,301
248,301
249,301
250,301
251,301
252,301
253,301
254,301
255,301
256,301
257,301
258,301
259,301
260,301
261,301
262,301
263,301
264,301
265,301
266,301
267,301
268,301
269,301
270,301
271,301
272,301
273,301
274,301
275,301
276,301
277,301
278,301
279,301
280,301
281,301
282,301
283,301
284,301
285,301
286,301
287,301
288,301
289,301
290,301
291,301
292,301
293,301
294,301
295,301
296,301
297,301
298,301
299,301
300,301
301,301
302,301
303,301
304,301
305,301
306,301
307,301
308,301
309,301
310,301
311,301
312,301
313,301
314,301
315,301
316,301
317,301
318,301
319,301
320,301
321,301
322,301
323,301
324,301
325,301
326,301
327,301
328,301
329,301
330,301
331,301
332,301
333,301
334,301
335,301
336,301
337,301
338,301
339,301
340,301
341,301
342,301
343,301
344,301
345,301
346,301
347,301
348,301
349,301
350,301
351,301
352,301
353,301
354,301
355,301
356,301
357,301
358,301
359,301
360,301
361,301
362,301
363,301
364,301
365,301
366,301
367,301
368,301
369,301
370,301
371,301
372,301
373,301
374,301
375,301
376,301
377,301
378,301
379,301
380,301
381,301
382,301
383,301
384,301
385,301
386,301
387,301
388,301
389,301
390,301
391,301
392,301
393,301
394,301
395,301
396,301
397,301
398,301
399,301
400,301
401,301
402,301
403,301
404,301
405,301
406,301
407,301
408,301
409,301
410,301
411,301
412,301
413,301
414,301
415,301
416,301
417,301
418,301
419,301
420,301
421,301
422,301
423,301
424,301
425,301
426,301
427,301
428,301
429,301
430,301
431,301
432,301
433,301
434,301
435,301
436,301
437,301
438,301
439,301
440,301
441,301
442,301
443,301
444,301
445,301
446,301
447,301
448,301
449,301
450,301
451,301
452,301
453,301
454,301
455,301
456,301
457,301
458,301
459,301
460,301
461,301
462,301
463,301
464,301
465,301
466,301
467,301
468,301
469,301
470,301
471,301
472,301
473,301
474,301
475,301
476,301
477,301
478,301
479,301
480,301
481,301
482,301
483,301
484,301
485,301
486,301
487,301
488,301
489,301
490,301
491,301
492,301
493,301
494,301
495,301
496,301
497,301
498,301
499,301
500,301
501,301
502,301
503,301
504,301
505,301
506,301
507,301
508,301
509,301
510,301
511,301
512,301
513,301
514,301
515,301
516,301
517,301
518,301
519,301
520,301
521,301
522,301
523,301
524,301
525,301
526,301
527,301
528,301
529,301
530,301
531,301
532,301
533,301
534,301
535,301
536,301
537,301
538,301
539,301
540,301
541,301
542,301
543,301
544,301
545,301
546,301
547,301
548,301
549,301
550,301
551,301
552,301
553,301
554,301
555,301
556,301
557,301
558,301
559,301
560,301
561,301
562,301
563,301
564,301
565,301
566,301
567,301
568,301
569,301
570,301
571,301
572,301
573,301
574,301
575,301
576,301
577,301
578,301
579,301
580,301
581,301
582,301
583,301
584,301
585,301
586,301
587,301
588,301
589,301
590,301
591,301
592,301
593,301
594,301
595,301
596,301
597,301
598,301
599,301
600,301
601,301
602,301
603,301
604,301
605,301
606,301
607,301
608,301
609,301
610,301
611,301
612,301
613,301
614,301
615,301
616,301
617,301
618,301
619,301
620,301
621,301
622,301
623,301
624,301
625,301
626,301
627,301
628,301
629,301
630,301
631,301
632,301
633,301
634,301
635,301
636,301
637,301
638,301
639,301
640,301
641,301
642,301
643,301
644,301
645,301
646,301
647,301
648,301
649,301
650,301
651,301
652,301
653,301
654,301
655,301
656,301
657,301
658,301
659,301
660,301
661,301
662,301
663,301
664,301
665,301
666,301
667,301
668,301
669,301
670,301
671,301
672,301
673,301
674,301
675,301
676,301
677,301
678,301
679,301
680,301
681,301
682,301
683,301
684,301
685,301
686,301
687,301
688,301
689,301
690,301
691,301
692,301
693,301
694,301
695,301
696,301
697,301
698,301
699,301
700,301
701,301
702,301
703,301
704,301
705,301
706,301
707,301
708,301
709,301
710,301
711,301
712,301
713,301
714,301
715,301
716,301
717,301
718,301
719,301
720,301
721,301
722,301
723,301
724,301
725,301
726,301
727,301
728,301
729,301
730,301
731,301
732,301
733,301
734,301
735,301
736,301
737,301
738,301
739,301
740,301
741,301
742,301
743,301
744,301
745,301
746,301
747,301
748,301
749,301
750,301
751,301
752,301
753,301
754,301
755,301
756,301
757,301
758,301
759,301
760,301
761,301
762,301
763,301
764,301
765,301
766,301
767,301
768,301
769,301
770,301
771,301
772,301
773,301
774,301
775,301
776,301
777,301
778,301
779,301
780,301
781,301
782,301
783,301
784,301
785,301
786,301
787,301
788,301
789,301
790,301
791,301
792,301
793,301
794,301
795,301
796,301
797,301
798,301
799,301
800,301
801,301
802,301
803,301
804,301
805,301
806,301
807,301
808,301
809,301
810,301
811,301
812,301
813,301
814,301
815,301
816,301
817,301
818,301
819,301
820,301
821,301
822,301
823,301
824,301
825,301
826,301
827,301
828,301
829,301
830,301
831,301
832,301
833,301
834,301
835,301
836,301
837,301
838,301
839,301
840,301
841,301
842,301
843,301
844,301
845,301
846,301
847,301
848,301
849,301
850,301
851,301
852,301
853,301
854,301
855,301
856,301
857,301
858,301
859,301
860,301
861,301
862,301
863,301
864,301
865,301
866,301
867,301
868,301
869,301
870,301
871,301
872,301
873,301
874,301
875,301
876,301
877,301
878,301
879,301
880,301
881,301
882,301
883,301
884,301
885,301
886,301
887,301
888,301
889,301
890,301
891,301
892,301
893,301
894,301
895,301
896,301
897,301
898,301
899,301
900,301
901,301
902,301
903,301
904,301
905,301
906,301
907,301
908,301
909,301
910,301
911,301
912,301
913,301
914,301
915,301
916,301
917,301
918,301
919,301
920,301
921,301
922,301
923,301
924,301
925,301
926,301
927,301
928,301
929,301
930,301
931,301
932,301
933,301
934,301
935,301
936,301
937,301
938,301
939,301
940,301
941,301
942,301
943,301
944,301
945,301
946,301
947,301
948,301
949,301
950,301
951,301
952,301
953,301
954,301
955,301
956,301
957,301
958,301
959,301
960,301
961,301
962,301
963,301
964,301
965,301
966,301
967,301
968,301
969,301
970,301
971,301
972,301
973,301
974,301
975,301
976,301
977,301
978,301
979,301
980,301
981,301
982,301
983,301
984,301
985,301
986,301
987,301
988,301
989,301
990,301
991,301
992,301
993,301
994,301
995,301
996,301
997,301
998,301
999,301
1000,301
1001,301
1002,301
1003,301
1004,301
1005,301
1006,301
1007,301
1008,301
1009,301
1010,301
1011,301
1012,301
1013,301
1014,301
1015,301
1016,301
1017,301
1018,301
1019,301
1020,301
1021,301
1022,301
1023,301
1024,301
1025,301
1026,301
1027,301
1028,301
1029,301
1030,301
1031,301
1032,301
1033,301
1034,301
1035,301
1036,301
1037,301
1038,301
1039,301
1040,301
1041,301
1042,301
1043,301
1044,301
1045,301
1046,301
1047,301
1048,301
1049,301
1050,301
1051,301
1052,301
1053,301
1054,301
1055,301
1056,301
1057,301
1058,301
1059,301
1060,301
1061,301
1062,301
1063,301
1064,301
1065,301
1066,301
1067,301
1068,301
1069,301
1070,301
1071,301
1072,301
1073,301
1074,301
1075,301
1076,301
1077,301
1078,301
1079,301
1080,301
1081,301
1082,301
1083,301
1084,301
1085,301
1086,301
1087,301
1088,301
1089,301
1090,301
1091,301
1092,301
1093,301
1094,301
1095,301
1096,301
1097,301
1098,301
1099,301
1100,301
1101,301
1102,301
1103,301
1104,301
1105,301
1106,301
1107,301
1108,301
1109,301
1110,301
1111,301
1112,301
1113,301
1114,301
1115,301
1116,301
1117,301
1118,301
1119,301
1120,301
1121,301
1122,301
1123,301
1124,301
1125,301
1126,301
1127,301
1128,301
1129,301
1130,301
1131,301
1132,301
1133,301
1134,301
1135,301
1136,301
1137,301
1138,301
1139,301
1140,301
1141,301
1142,301
1143,301
1144,301
1145,301
1146,301
1147,301
1148,301
1149,301
1150,301
1151,301
1152,301
1153,301
1154,301
1155,301
1156,301
1157,301
1158,301
1159,301
1160,301
1161,301
1162,301
1163,301
1164,301
1165,301
1166,301
1167,301
1168,301
1169,301
1170,301
1171,301
1172,301
1173,301
1174,301
1175,301
1176,301
1177,301
1178,301
1179,301
1180,301
1181,301
1182,301
1183,301
1184,301
1185,301
1186,301
1187,301
1188,301
1189,301
1190,301
1191,301
1192,301
1193,301
1194,301
1195,301
1196,301
1197,301
1198,301
1199,301
1200,301
1201,301
1202,301
1203,301
1204,301
1205,301
1206,301
1207,301
1208,301
1209,301
1210,301
1211,301
1212,301
1213,301
1214,301
1215,301
1216,301
1217,301
1218,301
1219,301
1220,301
1221,301
1222,301
1223,301
1224,301
1225,301
1226,301
1227,301
1228,301
1229,301
1230,301
1231,301
1232,301
1233,301
1234,301
1235,301
1236,301
1237,301
1238,301
1239,301
1240,301
1241,301
1242,301
1243,301
1244,301
1245,301
1246,301
1247,301
1248,301
1249,301
1250,301
1251,301
1252,301
1253,301
1254,301
1255,301
1256,301
1257,301
1258,301
1259,301
1260,301
1261,301
1262,301
1263,301
1264,301
1265,301
1266,301
1267,301
1268,301
1269,301
1270,301
1271,301
1272,301
1273,301
1274,301
1275,301
1276,301
1277,301
1278,301
1279,301
1280,301
1281,301
1282,301
1283,301
1284,301
1285,301
1286,301
1287,301
1288,301
1289,301
1290,301
1291,301
1292,301
1293,301
1294,300
1295,300
1296,300
1297,300
1298,300
1299,299
1300,299
1301,299
1302,298
1303,298
1304,298
1305,298
1306,298
1307,298
1308,297
1309,297
1310,296
1311,295
1312,293
1313,292
1314,291
1315,290
1316,290
1317,289
1318,288
1319,287
1320,286
1321,281
1322,280
1323,279
1324,278
1325,275
1326,273
1327,272
1328,271
1329,270
1330,269
1331,267
1332,264
1333,261
1334,258
1335,257
1336,256
1337,256
1338,256
1339,256
1340,256
1341,256
1342,256
1343,256
1344,256
1345,256
1346,256
1347,256
1348,256
1349,256
1350,256
1351,256
1352,256
1353,256
1354,256
1355,256
1356,256
1357,256
1358,256
1359,256
1360,256
1361,256
1362,256
1363,256
1364,256
1365,256
1366,256
1367,256
1368,256
1369,256
1370,256
1371,256
1372,256
1373,256
1374,256
1375,256
1376,256
1377,256
1378,256
1379,256
1380,256
1381,256
1382,256
1383,256
1384,256
1385,256
1386,256
1387,256
1388,256
1389,256
1390,256
1391,256
1392,256
1393,256
1394,256
1395,256
1396,256
1397,256
1398,256
1399,256
1400,256
1401,256
1402,256
1403,256
1404,256
1405,256
1406,256
1407,256
1408,256
1409,256
1410,256
1411,256
1412,256
1413,256
1414,256
1415,256
1416,256
1417,256
1418,256
1419,256
1420,256
1421,256
1422,256
1423,256
1424,256
1425,256
1426,256
1427,256
1428,256
1429,256
1430,256
1431,256
1432,256
1433,256
1434,256
1435,256
1436,256
1437,256
1438,256
1439,256
1440,256
1441,256
1442,256
1443,256
1444,256
1445,256
1446,256
1447,256
1448,256
1449,256
1450,256
1451,256
1452,256
1453,256
1454,256
1455,256
1456,256
1457,256
1458,256
1459,256
1460,256
1461,256
1462,256
1463,256
1464,256
1465,256
1466,256
1467,256
1468,256
1469,256
1470,256
1471,256
1472,256
1473,256
1474,256
1475,256
1476,256
1477,256
1478,256
1479,256
1480,256
1481,256
1482,256
1483,256
1484,256
1485,256
1486,256
1487,256
1488,256
1489,256
1490,256
1491,256
1492,256
1493,256
1494,256
1495,256
1496,256
1497,256
1498,256
1499,256
1500,256
1501,256
1502,256
1503,256
1504,256
1505,256
1506,256
1507,256
1508,256
1509,256
1510,256
1511,256
1512,256
1513,256
1514,256
1515,256
1516,256
1517,256
1518,256
1519,256
1520,256
1521,256
1522,256
1523,256
1524,256
1525,255
1526,255
1527,255
1528,255
1529,255
1530,255
1531,255
1532,255
1533,255
1534,255
1535,255
1536,255
1537,255
1538,255
1539,255
1540,255
1541,255
1542,255
1543,255
1544,254
1545,254
1546,254
1547,253
1548,252
1549,252
1550,252
1551,252
1552,252
1553,251
1554,250
1555,249
1556,249
1557,249
1558,249
1559,247
1560,247
1561,246
1562,246
1563,245
1564,245
1565,244
1566,244
1567,243
1568,241
1569,239
1570,238
1571,237
1572,234
1573,233
1574,231
1575,227
1576,225
1577,224
1578,221
1579,219
1580,217
1581,216
1582,213
1583,210
1584,209
1585,207
1586,202
1587,196
1588,194
1589,194
1590,193
1591,192
1592,192
1593,192
1594,192
1595,192
1596,191
1597,190
1598,190
1599,190
1600,190
1601,189
1602,189
1603,189
1604,188
1605,187
1606,185
1607,183
1608,182
1609,182
1610,182
1611,181
1612,180
1613,180
1614,179
1615,177
1616,176
1617,174
1618,173
1619,170
1620,167
1621,163
1622,160
1623,157
1624,155
1625,154
1626,152
1627,150
1628,148
1629,146
1630,143
1631,142
1632,140
1633,138
1634,138
1635,138
1636,138
1637,138
1638,138
1639,138
1640,138
1641,138
1642,138
1643,138
1644,138
1645,138
1646,138
1647,138
1648,138
1649,138
1650,138
1651,138
1652,138
1653,138
1654,138
1655,138
1656,138
1657,138
1658,138
1659,138
1660,138
1661,138
1662,138
1663,138
1664,138
1665,138
1666,138
1667,138
1668,138
1669,138
1670,138
1671,138
1672,138
1673,138
1674,138
1675,138
1676,138
1677,138
1678,138
1679,138
1680,138
1681,138
1682,138
1683,138
1684,138
1685,138
1686,138
1687,138
1688,138
1689,138
1690,138
1691,138
1692,138
1693,138
1694,138
1695,138
1696,138
1697,138
1698,138
1699,138
1700,138
1701,138
1702,138
1703,138
1704,138
1705,138
1706,138
1707,138
1708,138
1709,138
1710,138
1711,138
1712,138
1713,138
1714,137
1715,137
1716,137
1717,137
1718,137
1719,137
1720,137
1721,137
1722,137
1723,137
1724,137
1725,137
1726,137
1727,137
1728,137
1729,137
1730,137
1731,137
1732,137
1733,137
1734,137
1735,137
1736,137
1737,137
1738,137
1739,137
1740,137
1741,137
1742,137
1743,137
1744,137
1745,137
1746,137
1747,137
1748,137
1749,137
1750,137
1751,137
1752,137
1753,137
1754,137
1755,137
1756,137
1757,137
1758,137
1759,137
1760,137
1761,137
1762,137
1763,137
1764,137
1765,137
1766,137
1767,137
1768,137
1769,137
1770,137
1771,137
1772,137
1773,137
1774,137
1775,137
1776,137
1777,137
1778,137
1779,137
1780,137
1781,137
1782,137
1783,137
1784,137
1785,137
1786,137
1787,137
1788,137
1789,137
1790,137
1791,137
1792,137
1793,137
1794,137
1795,137
1796,137
1797,137
1798,137
1799,137
1800,136
1801,136
1802,136
1803,136
1804,136
1805,136
1806,136
1807,136
1808,136
1809,136
1810,136
1811,136
1812,136
1813,136
1814,136
1815,136
1816,136
1817,136
1818,136
1819,136
1820,136
1821,136
1822,136
1823,136
1824,136
1825,136
1826,136
1827,136
1828,136
1829,136
1830,136
1831,136
1832,136
1833,136
1834,136
1835,136
1836,136
1837,136
1838,136
1839,136
1840,136
1841,136
1842,136
1843,136
1844,136
1845,136
1846,136
1847,136
1848,136
1849,136
1850,136
1851,136
1852,136
1853,136
1854,136
1855,136
1856,136
1857,136
1858,136
1859,136
1860,136
1861,136
1862,136
1863,136
1864,136
1865,136
1866,136
1867,136
1868,136
1869,136
1870,136
1871,136
1872,136
1873,136
1874,136
1875,136
1876,136
1877,136
1878,136
1879,136
1880,136
1881,136
1882,136
1883,136
1884,136
1885,136
1886,136
1887,136
1888,136
1889,136
1890,136
1891,136
1892,136
1893,136
1894,136
1895,136
1896,136
1897,136
1898,136
1899,136
1900,136
1901,136
1902,136
1903,136
1904,136
1905,136
1906,136
1907,136
1908,136
1909,136
1910,136
1911,136
1912,136
1913,136
1914,136
1915,136
1916,136
1917,136
1918,136
1919,136
1920,136
1921,136
1922,136
1923,136
1924,136
1925,136
1926,136
1927,136
1928,136
1929,136
1930,136
1931,136
1932,136
1933,136
1934,136
1935,136
1936,136
1937,136
1938,136
1939,136
1940,136
1941,136
1942,136
1943,136
1944,136
1945,136
1946,136
1947,136
1948,136
1949,136
1950,136
1951,136
1952,136
1953,136
1954,136
1955,136
1956,136
1957,136
1958,136
1959,136
1960,136
1961,136
1962,136
1963,136
1964,136
1965,136
1966,136
1967,136
1968,136
1969,136
1970,136
1971,136
1972,136
1973,136
1974,136
1975,136
1976,136
1977,136
1978,136
1979,136
1980,136
1981,136
1982,136
1983,136
1984,136
1985,136
1986,136
1987,136
1988,136
1989,136
1990,136
1991,136
1992,136
1993,136
1994,136
1995,136
1996,136
1997,136
1998,136
1999,136
2000,136
2001,136
2002,136
2003,136
2004,136
2005,136
2006,136
2007,136
2008,136
2009,136
2010,136
2011,136
2012,136
2013,136
2014,136
2015,136
2016,136
2017,136
2018,136
2019,136
2020,136
2021,136
2022,136
2023,136
2024,136
2025,136
2026,136
2027,136
2028,136
2029,136
2030,136
2031,136
2032,136
2033,136
2034,136
2035,136
2036,136
2037,136
2038,136
2039,136
2040,136
2041,136
2042,136
2043,136
2044,136
2045,136
2046,136
2047,136
2048,136
2049,136
2050,136
2051,136
2052,136
2053,136
2054,136
2055,136
2056,136
2057,136
2058,136
2059,136
2060,136
2061,136
2062,136
2063,136
2064,136
2065,136
2066,136
2067,136
2068,136
2069,136
2070,136
2071,136
2072,136
2073,136
2074,136
2075,136
2076,136
2077,136
2078,136
2079,136
2080,136
2081,136
2082,136
2083,136
2084,136
2085,136
2086,136
2087,136
2088,136
2089,136
2090,136
2091,136
2092,136
2093,136
2094,136
2095,136
2096,136
2097,136
2098,136
2099,136
2100,136
2101,136
2102,136
2103,136
2104,136
2105,136
2106,136
2107,136
2108,136
2109,136
2110,136
2111,136
2112,135
2113,135
2114,135
2115,135
2116,135
2117,135
2118,135
2119,135
2120,135
2121,135
2122,135
2123,135
2124,135
2125,134
2126,134
2127,134
2128,134
2129,134
2130,134
2131,134
2132,134
2133,134
2134,134
2135,134
2136,134
2137,134
2138,134
2139,134
2140,134
2141,134
2142,134
2143,134
2144,134
2145,134
2146,134
2147,134
2148,134
2149,134
2150,134
2151,134
2152,134
2153,134
2154,134
2155,134
2156,134
2157,134
2158,134
2159,134
2160,134
2161,134
2162,134
2163,134
2164,134
2165,134
2166,134
2167,134
2168,134
2169,134
2170,134
2171,134
2172,134
2173,134
2174,134
2175,134
2176,134
2177,134
2178,134
2179,134
2180,134
2181,134
2182,134
2183,134
2184,134
2185,134
2186,134
2187,134
2188,134
2189,134
2190,134
2191,134
2192,134
2193,134
2194,134
2195,134
2196,134
2197,134
2198,134
2199,134
2200,134
2201,134
2202,134
2203,134
2204,134
2205,134
2206,134
2207,134
2208,134
2209,134
2210,134
2211,134
2212,134
2213,134
2214,133
2215,133
2216,133
2217,130
2218,128
2219,124
2220,119
2221,115
2222,113
2223,108
2224,104
2225,102
2226,99
2227,94
2228,91
2229,89
2230,86
2231,82
2232,78
2233,73
2234,70
2235,70
2236,70
2237,70
2238,70
2239,70
2240,70
2241,70
2242,70
2243,70
2244,70
2245,70
2246,70
2247,70
2248,70
2249,70
2250,70
2251,70
2252,70
2253,70
2254,70
2255,70
2256,70
2257,70
2258,70
2259,70
2260,70
2261,70
2262,70
2263,70
2264,70
2265,70
2266,70
2267,70
2268,69
2269,69
2270,69
2271,69
2272,66
2273,63
2274,59
2275,56
2276,52
2277,50
2278,47
2279,45
2280,41
2281,36
2282,33
2283,30
2284,28
2285,25
2286,22
2287,21
2288,18
2289,17
2290,11
2291,10
2292,8
2293,6
2294,2
