,pso
0,301
1,301
2,301
3,301
4,301
5,301
6,301
7,301
8,301
9,301
10,301
11,301
12,301
13,301
14,301
15,301
16,301
17,301
18,301
19,301
20,301
21,301
22,301
23,301
24,301
25,301
26,301
27,301
28,301
29,301
30,301
31,301
32,301
33,301
34,301
35,301
36,301
37,301
38,301
39,301
40,301
41,301
42,301
43,301
44,301
45,301
46,301
47,301
48,301
49,301
50,301
51,301
52,301
53,301
54,301
55,301
56,301
57,301
58,301
59,301
60,301
61,301
62,301
63,301
64,301
65,301
66,301
67,301
68,301
69,301
70,301
71,301
72,301
73,301
74,301
75,301
76,301
77,301
78,301
79,301
80,301
81,301
82,301
83,301
84,301
85,301
86,301
87,301
88,301
89,301
90,301
91,301
92,301
93,301
94,301
95,301
96,301
97,301
98,301
99,301
100,301
101,301
102,301
103,301
104,301
105,301
106,301
107,301
108,301
109,301
110,301
111,301
112,301
113,301
114,301
115,301
116,301
117,301
118,301
119,301
120,301
121,301
122,301
123,301
124,301
125,301
126,301
127,301
128,301
129,301
130,301
131,301
132,301
133,301
134,301
135,301
136,301
137,301
138,301
139,301
140,301
141,301
142,301
143,301
144,301
145,301
146,301
147,301
148,301
149,301
150,301
151,301
152,301
153,301
154,301
155,301
156,301
157,301
158,301
159,301
160,301
161,301
162,301
163,301
164,301
165,301
166,301
167,301
168,301
169,301
170,301
171,301
172,301
173,301
174,301
175,301
176,301
177,301
178,301
179,301
180,301
181,301
182,301
183,301
184,301
185,301
186,301
187,301
188,301
189,301
190,301
191,301
192,301
193,301
194,301
195,301
196,301
197,301
198,301
199,301
200,301
201,301
202,301
203,301
204,301
205,301
206,301
207,301
208,301
209,301
210,301
211,301
212,301
213,301
214,301
215,301
216,301
217,301
218,301
219,301
220,301
221,301
222,301
223,301
224,301
225,301
226,301
227,301
228,301
229,301
230,301
231,301
232,301
233,301
234,301
235,301
236,301
237,301
238,301
239,301
240,301
241,301
242,301
243,301
244,301
245,301
246,301
247,301
248,301
249,301
250,301
251,301
252,301
253,301
254,301
255,301
256,301
257,301
258,301
259,301
260,301
261,301
262,301
263,301
264,301
265,301
266,301
267,301
268,301
269,301
270,301
271,301
272,301
273,301
274,301
275,301
276,301
277,301
278,301
279,301
280,301
281,301
282,301
283,301
284,301
285,301
286,301
287,301
288,301
289,301
290,301
291,301
292,301
293,301
294,301
295,301
296,301
297,301
298,301
299,301
300,301
301,301
302,301
303,301
304,301
305,301
306,301
307,301
308,301
309,301
310,301
311,301
312,301
313,301
314,301
315,301
316,301
317,301
318,301
319,301
320,301
321,301
322,301
323,301
324,301
325,301
326,301
327,301
328,301
329,301
330,301
331,301
332,301
333,301
334,301
335,301
336,301
337,301
338,301
339,301
340,301
341,301
342,301
343,301
344,301
345,301
346,301
347,301
348,301
349,301
350,301
351,301
352,301
353,301
354,301
355,301
356,301
357,301
358,301
359,301
360,301
361,301
362,301
363,301
364,301
365,301
366,301
367,301
368,301
369,301
370,301
371,301
372,301
373,301
374,301
375,301
376,301
377,301
378,301
379,301
380,301
381,301
382,301
383,301
384,301
385,301
386,301
387,301
388,301
389,301
390,301
391,301
392,301
393,301
394,301
395,301
396,301
397,301
398,301
399,301
400,301
401,301
402,301
403,301
404,301
405,301
406,301
407,301
408,301
409,301
410,301
411,301
412,301
413,301
414,301
415,301
416,301
417,301
418,301
419,301
420,301
421,301
422,301
423,301
424,301
425,301
426,301
427,301
428,301
429,301
430,301
431,301
432,301
433,301
434,301
435,301
436,301
437,301
438,301
439,301
440,301
441,301
442,301
443,301
444,301
445,301
446,301
447,301
448,301
449,301
450,301
451,301
452,301
453,301
454,301
455,301
456,301
457,301
458,301
459,301
460,301
461,301
462,301
463,301
464,301
465,301
466,301
467,301
468,301
469,301
470,301
471,301
472,301
473,301
474,301
475,301
476,301
477,301
478,301
479,301
480,301
481,301
482,301
483,301
484,301
485,301
486,301
487,301
488,301
489,301
490,301
491,301
492,301
493,301
494,301
495,301
496,301
497,301
498,301
499,301
500,301
501,301
502,301
503,301
504,301
505,301
506,301
507,301
508,301
509,301
510,301
511,301
512,301
513,301
514,301
515,301
516,301
517,301
518,301
519,301
520,301
521,301
522,301
523,301
524,301
525,301
526,301
527,301
528,301
529,301
530,301
531,301
532,301
533,301
534,301
535,301
536,301
537,301
538,301
539,301
540,301
541,301
542,301
543,301
544,301
545,301
546,301
547,301
548,301
549,301
550,301
551,301
552,301
553,301
554,301
555,301
556,301
557,301
558,301
559,301
560,301
561,301
562,301
563,301
564,301
565,301
566,301
567,301
568,301
569,301
570,301
571,301
572,301
573,301
574,301
575,301
576,301
577,301
578,301
579,301
580,301
581,301
582,301
583,301
584,301
585,301
586,301
587,301
588,301
589,301
590,301
591,301
592,301
593,301
594,301
595,301
596,301
597,301
598,301
599,301
600,301
601,301
602,301
603,301
604,301
605,301
606,301
607,301
608,301
609,301
610,301
611,301
612,301
613,301
614,301
615,301
616,301
617,301
618,301
619,301
620,301
621,301
622,301
623,301
624,301
625,301
626,301
627,301
628,301
629,301
630,301
631,301
632,301
633,301
634,301
635,301
636,301
637,301
638,301
639,301
640,301
641,301
642,301
643,301
644,301
645,301
646,301
647,301
648,301
649,301
650,301
651,301
652,301
653,301
654,301
655,301
656,301
657,301
658,301
659,301
660,301
661,301
662,301
663,301
664,301
665,301
666,301
667,301
668,301
669,301
670,301
671,301
672,301
673,301
674,301
675,301
676,301
677,301
678,301
679,301
680,301
681,301
682,301
683,301
684,301
685,301
686,301
687,301
688,301
689,301
690,301
691,301
692,301
693,301
694,301
695,301
696,301
697,301
698,301
699,301
700,301
701,301
702,301
703,301
704,301
705,301
706,301
707,301
708,301
709,300
710,300
711,300
712,300
713,300
714,300
715,300
716,300
717,300
718,300
719,300
720,300
721,300
722,300
723,300
724,300
725,300
726,300
727,300
728,300
729,300
730,300
731,300
732,300
733,300
734,300
735,300
736,300
737,300
738,300
739,300
740,300
741,300
742,300
743,300
744,300
745,300
746,300
747,300
748,300
749,300
750,300
751,300
752,300
753,300
754,300
755,300
756,300
757,300
758,300
759,300
760,300
761,300
762,300
763,300
764,300
765,300
766,300
767,300
768,300
769,300
770,300
771,300
772,300
773,300
774,300
775,300
776,300
777,300
778,300
779,300
780,300
781,300
782,300
783,300
784,300
785,300
786,300
787,300
788,300
789,300
790,299
791,299
792,299
793,299
794,299
795,299
796,299
797,299
798,299
799,299
800,299
801,299
802,299
803,299
804,299
805,299
806,299
807,299
808,299
809,299
810,299
811,299
812,299
813,299
814,299
815,299
816,299
817,299
818,299
819,299
820,299
821,298
822,298
823,298
824,298
825,298
826,298
827,298
828,298
829,298
830,298
831,298
832,298
833,298
834,298
835,298
836,298
837,298
838,298
839,298
840,298
841,298
842,298
843,298
844,298
845,298
846,298
847,298
848,298
849,298
850,298
851,298
852,298
853,298
854,298
855,298
856,298
857,298
858,298
859,298
860,298
861,298
862,298
863,298
864,298
865,298
866,298
867,298
868,298
869,298
870,298
871,298
872,298
873,298
874,298
875,298
876,298
877,298
878,298
879,298
880,298
881,298
882,298
883,298
884,298
885,298
886,298
887,298
888,298
889,298
890,298
891,298
892,298
893,298
894,298
895,298
896,298
897,298
898,298
899,298
900,298
901,298
902,298
903,298
904,298
905,298
906,298
907,298
908,298
909,298
910,298
911,298
912,298
913,298
914,298
915,298
916,298
917,298
918,298
919,298
920,298
921,298
922,298
923,298
924,298
925,298
926,298
927,298
928,298
929,298
930,298
931,298
932,298
933,298
934,298
935,298
936,298
937,298
938,298
939,298
940,298
941,298
942,298
943,298
944,298
945,298
946,298
947,298
948,298
949,298
950,298
951,298
952,298
953,298
954,298
955,298
956,298
957,298
958,298
959,298
960,298
961,298
962,298
963,298
964,298
965,298
966,298
967,298
968,298
969,298
970,298
971,298
972,298
973,298
974,298
975,298
976,298
977,298
978,298
979,298
980,298
981,298
982,298
983,298
984,298
985,298
986,298
987,298
988,298
989,298
990,298
991,298
992,298
993,298
994,298
995,298
996,298
997,298
998,298
999,298
1000,298
1001,298
1002,298
1003,298
1004,298
1005,298
1006,298
1007,298
1008,298
1009,298
1010,298
1011,298
1012,298
1013,298
1014,298
1015,298
1016,298
1017,298
1018,298
1019,298
1020,298
1021,298
1022,298
1023,298
1024,298
1025,298
1026,298
1027,298
1028,298
1029,298
1030,298
1031,298
1032,298
1033,298
1034,298
1035,298
1036,298
1037,298
1038,298
1039,298
1040,298
1041,298
1042,298
1043,298
1044,298
1045,298
1046,298
1047,298
1048,298
1049,298
1050,298
1051,298
1052,298
1053,298
1054,298
1055,298
1056,298
1057,298
1058,298
1059,297
1060,297
1061,297
1062,297
1063,297
1064,297
1065,297
1066,297
1067,297
1068,297
1069,297
1070,297
1071,297
1072,297
1073,297
1074,297
1075,297
1076,297
1077,297
1078,297
1079,297
1080,297
1081,297
1082,297
1083,297
1084,297
1085,297
1086,297
1087,297
1088,297
1089,297
1090,297
1091,297
1092,297
1093,297
1094,297
1095,297
1096,297
1097,297
1098,297
1099,296
1100,296
1101,296
1102,296
1103,296
1104,296
1105,296
1106,296
1107,296
1108,296
1109,296
1110,296
1111,296
1112,296
1113,296
1114,296
1115,296
1116,296
1117,296
1118,296
1119,296
1120,296
1121,296
1122,296
1123,296
1124,296
1125,296
1126,296
1127,296
1128,296
1129,296
1130,296
1131,296
1132,296
1133,296
1134,296
1135,296
1136,296
1137,296
1138,296
1139,296
1140,296
1141,296
1142,296
1143,296
1144,296
1145,296
1146,296
1147,296
1148,296
1149,296
1150,296
1151,296
1152,296
1153,296
1154,296
1155,296
1156,296
1157,296
1158,296
1159,296
1160,296
1161,296
1162,296
1163,296
1164,296
1165,296
1166,296
1167,296
1168,296
1169,296
1170,296
1171,296
1172,296
1173,296
1174,296
1175,296
1176,296
1177,296
1178,296
1179,296
1180,296
1181,296
1182,296
1183,296
1184,296
1185,296
1186,296
1187,296
1188,296
1189,296
1190,296
1191,296
1192,296
1193,296
1194,296
1195,296
1196,296
1197,296
1198,296
1199,296
1200,296
1201,296
1202,296
1203,295
1204,295
1205,295
1206,295
1207,295
1208,295
1209,295
1210,295
1211,295
1212,295
1213,295
1214,295
1215,295
1216,295
1217,295
1218,295
1219,295
1220,295
1221,295
1222,295
1223,295
1224,295
1225,295
1226,295
1227,295
1228,295
1229,295
1230,295
1231,295
1232,295
1233,295
1234,295
1235,295
1236,295
1237,295
1238,295
1239,295
1240,295
1241,295
1242,294
1243,294
1244,294
1245,294
1246,294
1247,293
1248,293
1249,293
1250,293
1251,293
1252,293
1253,293
1254,293
1255,293
1256,293
1257,293
1258,292
1259,292
1260,292
1261,292
1262,292
1263,292
1264,292
1265,292
1266,292
1267,292
1268,292
1269,292
1270,292
1271,292
1272,292
1273,292
1274,292
1275,292
1276,292
1277,292
1278,292
1279,292
1280,292
1281,292
1282,292
1283,292
1284,292
1285,292
1286,292
1287,292
1288,292
1289,292
1290,292
1291,292
1292,292
1293,292
1294,292
1295,292
1296,292
1297,292
1298,292
1299,292
1300,292
1301,292
1302,292
1303,292
1304,292
1305,292
1306,292
1307,292
1308,292
1309,292
1310,292
1311,292
1312,292
1313,292
1314,292
1315,292
1316,292
1317,292
1318,292
1319,292
1320,292
1321,292
1322,292
1323,292
1324,292
1325,292
1326,292
1327,292
1328,292
1329,292
1330,292
1331,292
1332,292
1333,292
1334,292
1335,292
1336,292
1337,292
1338,292
1339,292
1340,292
1341,292
1342,292
1343,292
1344,292
1345,292
1346,292
1347,292
1348,292
1349,292
1350,292
1351,292
1352,292
1353,292
1354,292
1355,292
1356,292
1357,292
1358,292
1359,292
1360,292
1361,292
1362,292
1363,292
1364,292
1365,292
1366,292
1367,292
1368,292
1369,292
1370,292
1371,292
1372,292
1373,292
1374,292
1375,292
1376,292
1377,292
1378,292
1379,292
1380,292
1381,292
1382,292
1383,292
1384,292
1385,292
1386,292
1387,292
1388,292
1389,292
1390,292
1391,292
1392,292
1393,292
1394,292
1395,292
1396,292
1397,292
1398,292
1399,292
1400,292
1401,292
1402,292
1403,292
1404,292
1405,292
1406,292
1407,292
1408,292
1409,292
1410,292
1411,292
1412,292
1413,292
1414,291
1415,291
1416,291
1417,291
1418,291
1419,291
1420,291
1421,291
1422,291
1423,291
1424,291
1425,291
1426,291
1427,291
1428,291
1429,291
1430,291
1431,290
1432,290
1433,290
1434,290
1435,290
1436,290
1437,290
1438,290
1439,290
1440,290
1441,290
1442,290
1443,290
1444,290
1445,290
1446,290
1447,290
1448,290
1449,290
1450,290
1451,290
1452,290
1453,290
1454,290
1455,290
1456,290
1457,290
1458,289
1459,289
1460,289
1461,289
1462,289
1463,289
1464,289
1465,289
1466,289
1467,289
1468,289
1469,289
1470,289
1471,289
1472,289
1473,289
1474,289
1475,289
1476,289
1477,289
1478,289
1479,289
1480,289
1481,289
1482,289
1483,289
1484,289
1485,289
1486,289
1487,289
1488,289
1489,289
1490,288
1491,288
1492,288
1493,288
1494,288
1495,288
1496,288
1497,288
1498,288
1499,288
1500,288
1501,288
1502,288
1503,288
1504,288
1505,288
1506,288
1507,288
1508,288
1509,288
1510,288
1511,288
1512,288
1513,288
1514,288
1515,288
1516,288
1517,288
1518,287
1519,287
1520,287
1521,287
1522,287
1523,287
1524,287
1525,287
1526,287
1527,287
1528,287
1529,287
1530,287
1531,287
1532,287
1533,287
1534,287
1535,287
1536,287
1537,287
1538,287
1539,287
1540,287
1541,287
1542,287
1543,287
1544,287
1545,287
1546,287
1547,287
1548,287
1549,287
1550,287
1551,287
1552,287
1553,287
1554,287
1555,287
1556,287
1557,287
1558,287
1559,287
1560,287
1561,287
1562,287
1563,287
1564,287
1565,287
1566,287
1567,287
1568,287
1569,287
1570,287
1571,287
1572,287
1573,287
1574,287
1575,287
1576,287
1577,287
1578,287
1579,287
1580,287
1581,287
1582,287
1583,287
1584,287
1585,287
1586,287
1587,287
1588,287
1589,287
1590,287
1591,287
1592,287
1593,287
1594,287
1595,287
1596,287
1597,287
1598,287
1599,287
1600,287
1601,287
1602,287
1603,287
1604,287
1605,287
1606,287
1607,287
1608,287
1609,287
1610,287
1611,287
1612,287
1613,287
1614,287
1615,287
1616,287
1617,287
1618,287
1619,287
1620,287
1621,287
1622,287
1623,287
1624,287
1625,287
1626,287
1627,287
1628,287
1629,287
1630,287
1631,287
1632,287
1633,287
1634,287
1635,287
1636,287
1637,287
1638,287
1639,287
1640,287
1641,287
1642,287
1643,287
1644,287
1645,287
1646,287
1647,287
1648,287
1649,287
1650,287
1651,287
1652,287
1653,287
1654,287
1655,287
1656,287
1657,287
1658,287
1659,287
1660,287
1661,287
1662,287
1663,287
1664,287
1665,287
1666,287
1667,287
1668,287
1669,287
1670,287
1671,287
1672,287
1673,287
1674,287
1675,287
1676,287
1677,287
1678,287
1679,287
1680,287
1681,287
1682,287
1683,287
1684,286
1685,286
1686,286
1687,286
1688,286
1689,285
1690,285
1691,285
1692,285
1693,285
1694,285
1695,285
1696,285
1697,285
1698,285
1699,285
1700,285
1701,285
1702,285
1703,285
1704,285
1705,285
1706,285
1707,285
1708,285
1709,285
1710,285
1711,285
1712,285
1713,285
1714,285
1715,285
1716,285
1717,285
1718,285
1719,285
1720,285
1721,285
1722,285
1723,285
1724,285
1725,285
1726,285
1727,285
1728,285
1729,285
1730,285
1731,285
1732,285
1733,284
1734,284
1735,284
1736,284
1737,284
1738,284
1739,284
1740,284
1741,284
1742,284
1743,284
1744,284
1745,284
1746,284
1747,284
1748,284
1749,284
1750,284
1751,284
1752,284
1753,284
1754,284
1755,284
1756,284
1757,284
1758,284
1759,284
1760,284
1761,284
1762,284
1763,284
1764,284
1765,284
1766,284
1767,284
1768,284
1769,284
1770,284
1771,284
1772,284
1773,284
1774,284
1775,284
1776,284
1777,284
1778,284
1779,284
1780,284
1781,284
1782,284
1783,284
1784,284
1785,284
1786,284
1787,284
1788,284
1789,284
1790,284
1791,284
1792,284
1793,284
1794,284
1795,284
1796,284
1797,284
1798,284
1799,284
1800,284
1801,284
1802,284
1803,284
1804,284
1805,284
1806,284
1807,284
1808,284
1809,284
1810,284
1811,284
1812,284
1813,284
1814,284
1815,284
1816,284
1817,284
1818,284
1819,284
1820,284
1821,284
1822,284
1823,283
1824,283
1825,283
1826,283
1827,283
1828,283
1829,283
1830,283
1831,283
1832,283
1833,283
1834,283
1835,283
1836,283
1837,283
1838,283
1839,283
1840,283
1841,283
1842,283
1843,283
1844,283
1845,283
1846,283
1847,283
1848,283
1849,283
1850,283
1851,283
1852,283
1853,283
1854,283
1855,283
1856,283
1857,283
1858,283
1859,283
1860,283
1861,283
1862,283
1863,283
1864,283
1865,283
1866,283
1867,283
1868,283
1869,283
1870,283
1871,283
1872,283
1873,283
1874,283
1875,283
1876,283
1877,283
1878,283
1879,283
1880,283
1881,283
1882,283
1883,283
1884,283
1885,283
1886,283
1887,283
1888,283
1889,283
1890,283
1891,283
1892,283
1893,283
1894,283
1895,283
1896,283
1897,283
1898,283
1899,282
1900,282
1901,282
1902,282
1903,282
1904,282
1905,282
1906,282
1907,282
1908,282
1909,282
1910,282
1911,282
1912,282
1913,282
1914,282
1915,282
1916,282
1917,282
1918,282
1919,282
1920,282
1921,282
1922,282
1923,282
1924,282
1925,282
1926,282
1927,282
1928,282
1929,282
1930,282
1931,282
1932,282
1933,282
1934,282
1935,282
1936,282
1937,282
1938,282
1939,282
1940,282
1941,282
1942,282
1943,282
1944,282
1945,282
1946,282
1947,282
1948,282
1949,282
1950,282
1951,282
1952,282
1953,282
1954,282
1955,282
1956,282
1957,282
1958,282
1959,282
1960,282
1961,282
1962,282
1963,282
1964,282
1965,282
1966,282
1967,282
1968,282
1969,282
1970,282
1971,282
1972,282
1973,281
1974,281
1975,281
1976,281
1977,281
1978,281
1979,281
1980,281
1981,281
1982,281
1983,281
1984,281
1985,281
1986,281
1987,281
1988,281
1989,281
1990,281
1991,281
1992,281
1993,281
1994,281
1995,281
1996,281
1997,280
1998,280
1999,280
2000,280
2001,280
2002,280
2003,280
2004,280
2005,280
2006,280
2007,280
2008,280
2009,280
2010,280
2011,280
2012,280
2013,280
2014,280
2015,280
2016,280
2017,280
2018,280
2019,280
2020,280
2021,280
2022,280
2023,280
2024,280
2025,280
2026,280
2027,280
2028,280
2029,280
2030,280
2031,280
2032,280
2033,280
2034,280
2035,280
2036,280
2037,280
2038,280
2039,280
2040,280
2041,280
2042,280
2043,280
2044,280
2045,280
2046,280
2047,280
2048,280
2049,280
2050,280
2051,280
2052,280
2053,280
2054,280
2055,280
2056,280
2057,280
2058,280
2059,280
2060,280
2061,280
2062,280
2063,280
2064,280
2065,280
2066,280
2067,280
2068,280
2069,280
2070,280
2071,280
2072,280
2073,280
2074,280
2075,280
2076,280
2077,280
2078,280
2079,280
2080,280
2081,280
2082,280
2083,280
2084,280
2085,280
2086,280
2087,280
2088,280
2089,280
2090,280
2091,280
2092,280
2093,280
2094,280
2095,280
2096,280
2097,280
2098,280
2099,280
2100,280
2101,280
2102,280
2103,280
2104,280
2105,280
2106,280
2107,280
2108,280
2109,280
2110,280
2111,280
2112,280
2113,280
2114,279
2115,279
2116,279
2117,279
2118,279
2119,279
2120,279
2121,279
2122,279
2123,279
2124,279
2125,279
2126,279
2127,279
2128,279
2129,279
2130,279
2131,279
2132,279
2133,279
2134,279
2135,279
2136,279
2137,279
2138,279
2139,279
2140,279
2141,279
2142,279
2143,279
2144,279
2145,279
2146,279
2147,279
2148,279
2149,279
2150,279
2151,279
2152,279
2153,279
2154,279
2155,279
2156,279
2157,279
2158,279
2159,279
2160,279
2161,279
2162,279
2163,279
2164,279
2165,279
2166,279
2167,279
2168,279
2169,279
2170,279
2171,279
2172,279
2173,279
2174,279
2175,279
2176,279
2177,279
2178,279
2179,279
2180,279
2181,279
2182,279
2183,279
2184,279
2185,279
2186,279
2187,279
2188,279
2189,279
2190,279
2191,279
2192,279
2193,279
2194,279
2195,279
2196,279
2197,279
2198,279
2199,279
2200,279
2201,279
2202,279
2203,279
2204,279
2205,279
2206,279
2207,279
2208,279
2209,279
2210,279
2211,279
2212,279
2213,279
2214,279
2215,279
2216,279
2217,279
2218,279
2219,279
2220,279
2221,279
2222,279
2223,279
2224,279
2225,279
2226,279
2227,279
2228,279
2229,279
2230,279
2231,279
2232,279
2233,279
2234,279
2235,279
2236,279
2237,279
2238,279
2239,279
2240,279
2241,279
2242,279
2243,279
2244,279
2245,279
2246,279
2247,279
2248,279
2249,279
2250,279
2251,279
2252,279
2253,279
2254,279
2255,279
2256,279
2257,279
2258,279
2259,279
2260,279
2261,279
2262,279
2263,279
2264,279
2265,279
2266,279
2267,279
2268,279
2269,279
2270,279
2271,279
2272,279
2273,279
2274,279
2275,279
2276,279
2277,279
2278,279
2279,279
2280,279
2281,279
2282,279
2283,279
2284,279
2285,279
2286,279
2287,279
2288,279
2289,279
2290,279
2291,279
2292,279
2293,279
2294,279
2295,279
2296,279
2297,279
2298,279
2299,279
2300,279
2301,279
2302,279
2303,279
2304,279
2305,279
2306,279
2307,279
2308,279
2309,279
2310,279
2311,279
2312,279
2313,279
2314,279
2315,279
2316,279
2317,279
2318,279
2319,279
2320,279
2321,279
2322,279
2323,279
2324,279
2325,279
2326,279
2327,279
2328,279
2329,279
2330,279
2331,279
2332,279
2333,279
2334,279
2335,279
2336,279
2337,279
2338,279
2339,279
2340,279
2341,279
2342,279
2343,279
2344,279
2345,279
2346,279
2347,279
2348,279
2349,279
2350,279
2351,279
2352,279
2353,279
2354,279
2355,279
2356,279
2357,279
2358,279
2359,279
2360,279
2361,279
2362,279
2363,279
2364,279
2365,279
2366,279
2367,279
2368,279
2369,279
2370,279
2371,279
2372,279
2373,279
2374,279
2375,279
2376,279
2377,279
2378,279
2379,279
2380,279
2381,279
2382,279
2383,279
2384,279
2385,279
2386,279
2387,279
2388,279
2389,279
2390,279
2391,279
2392,279
2393,279
2394,279
2395,279
2396,279
2397,279
2398,279
2399,279
2400,279
2401,279
2402,279
2403,279
2404,279
2405,279
2406,279
2407,279
2408,279
2409,279
2410,279
2411,279
2412,279
2413,279
2414,279
2415,279
2416,279
2417,279
2418,279
2419,279
2420,279
2421,279
2422,279
2423,279
2424,279
2425,279
2426,279
2427,279
2428,279
2429,279
2430,279
2431,279
2432,279
2433,279
2434,279
2435,279
2436,279
2437,279
2438,279
2439,279
2440,279
2441,279
2442,279
2443,279
2444,279
2445,279
2446,279
2447,279
2448,279
2449,279
2450,279
2451,279
2452,279
2453,279
2454,279
2455,279
2456,279
2457,279
2458,279
2459,279
2460,279
2461,279
2462,279
2463,279
2464,279
2465,279
2466,279
2467,279
2468,279
2469,278
2470,278
2471,278
2472,278
2473,278
2474,278
2475,278
2476,277
2477,277
2478,277
2479,277
2480,277
2481,277
2482,277
2483,277
2484,277
2485,277
2486,277
2487,277
2488,277
2489,277
2490,277
2491,277
2492,277
2493,277
2494,277
2495,277
2496,277
2497,277
2498,277
2499,277
2500,277
2501,277
2502,277
2503,277
2504,277
2505,277
2506,277
2507,277
2508,277
2509,277
2510,276
2511,276
2512,276
2513,276
2514,276
2515,276
2516,276
2517,276
2518,276
2519,276
2520,276
2521,276
2522,276
2523,276
2524,276
2525,276
2526,275
2527,275
2528,275
2529,275
2530,275
2531,275
2532,275
2533,275
2534,275
2535,275
2536,275
2537,275
2538,275
2539,275
2540,275
2541,275
2542,275
2543,275
2544,275
2545,275
2546,275
2547,275
2548,275
2549,275
2550,275
2551,275
2552,275
2553,275
2554,275
2555,275
2556,275
2557,275
2558,275
2559,275
2560,275
2561,275
2562,275
2563,275
2564,275
2565,275
2566,275
2567,275
2568,275
2569,275
2570,275
2571,275
2572,275
2573,275
2574,275
2575,275
2576,275
2577,275
2578,275
2579,275
2580,275
2581,275
2582,275
2583,275
2584,275
2585,275
2586,275
2587,274
2588,274
2589,274
2590,274
2591,274
2592,274
2593,274
2594,274
2595,274
2596,273
2597,273
2598,273
2599,273
2600,273
2601,273
2602,273
2603,273
2604,273
2605,273
2606,273
2607,273
2608,273
2609,273
2610,273
2611,273
2612,273
2613,273
2614,273
2615,273
2616,273
2617,273
2618,273
2619,273
2620,273
2621,273
2622,273
2623,273
2624,273
2625,273
2626,273
2627,273
2628,273
2629,273
2630,273
2631,273
2632,273
2633,273
2634,273
2635,273
2636,273
2637,273
2638,273
2639,273
2640,273
2641,273
2642,273
2643,273
2644,273
2645,272
2646,272
2647,272
2648,272
2649,272
2650,272
2651,272
2652,272
2653,272
2654,272
2655,271
2656,271
2657,271
2658,271
2659,271
2660,271
2661,271
2662,271
2663,271
2664,271
2665,270
2666,270
2667,270
2668,270
2669,270
2670,270
2671,270
2672,270
2673,270
2674,270
2675,270
2676,270
2677,270
2678,270
2679,270
2680,270
2681,270
2682,270
2683,270
2684,270
2685,270
2686,270
2687,270
2688,270
2689,270
2690,270
2691,270
2692,270
2693,270
2694,270
2695,270
2696,270
2697,270
2698,270
2699,270
2700,270
2701,270
2702,270
2703,269
2704,269
2705,269
2706,269
2707,269
2708,269
2709,268
2710,268
2711,268
2712,268
2713,268
2714,268
2715,268
2716,268
2717,268
2718,268
2719,268
2720,268
2721,268
2722,267
2723,267
2724,267
2725,267
2726,267
2727,267
2728,267
2729,267
2730,267
2731,267
2732,267
2733,267
2734,267
2735,267
2736,267
2737,267
2738,267
2739,267
2740,267
2741,267
2742,267
2743,267
2744,267
2745,267
2746,267
2747,267
2748,267
2749,267
2750,267
2751,267
2752,267
2753,267
2754,267
2755,267
2756,267
2757,267
2758,267
2759,266
2760,266
2761,266
2762,266
2763,266
2764,266
2765,266
2766,266
2767,266
2768,266
2769,266
2770,266
2771,266
2772,266
2773,265
2774,265
2775,265
2776,265
2777,265
2778,265
2779,265
2780,265
2781,265
2782,265
2783,265
2784,265
2785,265
2786,265
2787,265
2788,265
2789,265
2790,265
2791,265
2792,265
2793,265
2794,265
2795,265
2796,265
2797,265
2798,264
2799,264
2800,264
2801,264
2802,264
2803,264
2804,264
2805,264
2806,264
2807,264
2808,264
2809,264
2810,264
2811,263
2812,263
2813,263
2814,263
2815,263
2816,263
2817,263
2818,263
2819,263
2820,263
2821,263
2822,263
2823,263
2824,263
2825,263
2826,262
2827,262
2828,262
2829,262
2830,262
2831,262
2832,262
2833,262
2834,262
2835,262
2836,262
2837,262
2838,262
2839,262
2840,262
2841,262
2842,262
2843,262
2844,262
2845,262
2846,262
2847,262
2848,262
2849,261
2850,261
2851,261
2852,261
2853,261
2854,261
2855,261
2856,261
2857,261
2858,261
2859,261
2860,261
2861,261
2862,261
2863,261
2864,261
2865,261
2866,261
2867,261
2868,261
2869,261
2870,261
2871,261
2872,261
2873,261
2874,261
2875,261
2876,261
2877,260
2878,260
2879,260
2880,259
2881,259
2882,259
2883,259
2884,259
2885,259
2886,259
2887,259
2888,259
2889,259
2890,259
2891,259
2892,259
2893,259
2894,259
2895,259
2896,259
2897,259
2898,259
2899,259
2900,259
2901,259
2902,259
2903,259
2904,259
2905,259
2906,259
2907,259
2908,259
2909,259
2910,259
2911,259
2912,259
2913,259
2914,259
2915,259
2916,259
2917,259
2918,259
2919,259
2920,259
2921,259
2922,259
2923,259
2924,259
2925,259
2926,259
2927,259
2928,259
2929,259
2930,259
2931,259
2932,259
2933,259
2934,259
2935,259
2936,259
2937,259
2938,259
2939,259
2940,259
2941,259
2942,259
2943,259
2944,259
2945,259
2946,259
2947,259
2948,259
2949,259
2950,259
2951,259
2952,259
2953,259
2954,259
2955,259
2956,259
2957,259
2958,259
2959,259
2960,259
2961,259
2962,259
2963,259
2964,259
2965,259
2966,258
2967,258
2968,258
2969,258
2970,258
2971,258
2972,258
2973,258
2974,258
2975,258
2976,258
2977,258
2978,258
2979,258
2980,258
2981,258
2982,258
2983,258
2984,258
2985,258
2986,258
2987,258
2988,258
2989,258
2990,258
2991,258
2992,258
2993,258
2994,258
2995,258
2996,258
2997,258
2998,258
2999,258
3000,258
3001,258
3002,258
3003,258
3004,258
3005,258
3006,258
3007,258
3008,258
3009,258
3010,258
3011,258
3012,258
3013,258
3014,258
3015,258
3016,258
3017,258
3018,258
3019,258
3020,258
3021,258
3022,258
3023,258
3024,258
3025,258
3026,258
3027,258
3028,258
3029,258
3030,258
3031,258
3032,258
3033,258
3034,258
3035,258
3036,258
3037,258
3038,258
3039,258
3040,258
3041,258
3042,258
3043,258
3044,258
3045,258
3046,258
3047,258
3048,258
3049,258
3050,258
3051,258
3052,258
3053,258
3054,258
3055,258
3056,258
3057,258
3058,258
3059,258
3060,258
3061,258
3062,258
3063,258
3064,258
3065,258
3066,258
3067,258
3068,258
3069,258
3070,258
3071,258
3072,258
3073,258
3074,258
3075,258
3076,258
3077,258
3078,258
3079,258
3080,258
3081,258
3082,258
3083,258
3084,258
3085,258
3086,258
3087,257
3088,257
3089,257
3090,257
3091,257
3092,257
3093,257
3094,257
3095,256
3096,256
3097,256
3098,256
3099,256
3100,256
3101,256
3102,256
3103,256
3104,256
3105,256
3106,256
3107,256
3108,256
3109,256
3110,256
3111,256
3112,256
3113,256
3114,256
3115,256
3116,256
3117,256
3118,256
3119,256
3120,256
3121,256
3122,256
3123,256
3124,256
3125,256
3126,256
3127,256
3128,256
3129,256
3130,255
3131,255
3132,255
3133,255
3134,255
3135,255
3136,255
3137,255
3138,255
3139,255
3140,255
3141,255
3142,254
3143,252
3144,252
3145,252
3146,252
3147,252
3148,252
3149,252
3150,252
3151,252
3152,252
3153,252
3154,252
3155,252
3156,252
3157,252
3158,252
3159,252
3160,252
3161,252
3162,252
3163,252
3164,252
3165,252
3166,252
3167,252
3168,252
3169,252
3170,252
3171,252
3172,252
3173,252
3174,252
3175,252
3176,252
3177,252
3178,252
3179,252
3180,252
3181,252
3182,252
3183,252
3184,252
3185,252
3186,252
3187,252
3188,252
3189,252
3190,252
3191,252
3192,252
3193,252
3194,252
3195,252
3196,252
3197,252
3198,251
3199,251
3200,251
3201,251
3202,251
3203,251
3204,251
3205,251
3206,251
3207,251
3208,251
3209,251
3210,251
3211,251
3212,251
3213,251
3214,251
3215,251
3216,251
3217,251
3218,251
3219,250
3220,250
3221,250
3222,249
3223,249
3224,249
3225,249
3226,249
3227,249
3228,249
3229,249
3230,249
3231,249
3232,249
3233,249
3234,249
3235,249
3236,249
3237,249
3238,249
3239,248
3240,248
3241,248
3242,248
3243,248
3244,248
3245,247
3246,247
3247,247
3248,247
3249,247
3250,247
3251,247
3252,247
3253,247
3254,247
3255,247
3256,247
3257,247
3258,247
3259,246
3260,246
3261,246
3262,246
3263,246
3264,246
3265,246
3266,246
3267,246
3268,246
3269,246
3270,246
3271,246
3272,246
3273,246
3274,246
3275,246
3276,246
3277,246
3278,246
3279,246
3280,246
3281,246
3282,246
3283,246
3284,246
3285,246
3286,246
3287,246
3288,246
3289,246
3290,246
3291,246
3292,246
3293,246
3294,246
3295,246
3296,246
3297,246
3298,246
3299,246
3300,246
3301,246
3302,246
3303,246
3304,246
3305,246
3306,246
3307,246
3308,246
3309,246
3310,246
3311,246
3312,246
3313,246
3314,246
3315,246
3316,245
3317,245
3318,245
3319,245
3320,245
3321,245
3322,245
3323,245
3324,245
3325,245
3326,245
3327,245
3328,245
3329,245
3330,245
3331,245
3332,245
3333,245
3334,245
3335,245
3336,245
3337,245
3338,245
3339,245
3340,245
3341,245
3342,245
3343,245
3344,245
3345,245
3346,245
3347,245
3348,245
3349,245
3350,244
3351,244
3352,244
3353,244
3354,244
3355,244
3356,244
3357,244
3358,244
3359,244
3360,244
3361,244
3362,244
3363,244
3364,244
3365,244
3366,244
3367,244
3368,244
3369,244
3370,244
3371,244
3372,244
3373,244
3374,244
3375,244
3376,244
3377,244
3378,244
3379,244
3380,244
3381,244
3382,244
3383,244
3384,244
3385,243
3386,243
3387,242
3388,242
3389,242
3390,242
3391,242
3392,242
3393,242
3394,242
3395,242
3396,242
3397,242
3398,242
3399,242
3400,242
3401,242
3402,242
3403,242
3404,242
3405,242
3406,242
3407,242
3408,242
3409,242
3410,242
3411,242
3412,242
3413,242
3414,242
3415,242
3416,242
3417,242
3418,242
3419,241
3420,241
3421,241
3422,241
3423,241
3424,241
3425,241
3426,241
3427,241
3428,241
3429,241
3430,241
3431,240
3432,240
3433,240
3434,240
3435,240
3436,240
3437,240
3438,240
3439,240
3440,240
3441,240
3442,240
3443,240
3444,240
3445,240
3446,240
3447,240
3448,240
3449,239
3450,239
3451,238
3452,238
3453,238
3454,238
3455,238
3456,238
3457,238
3458,238
3459,238
3460,238
3461,237
3462,237
3463,237
3464,237
3465,237
3466,237
3467,237
3468,237
3469,237
3470,237
3471,237
3472,237
3473,237
3474,237
3475,237
3476,237
3477,237
3478,237
3479,237
3480,237
3481,237
3482,237
3483,237
3484,237
3485,237
3486,237
3487,237
3488,237
3489,237
3490,237
3491,237
3492,237
3493,237
3494,237
3495,237
3496,237
3497,237
3498,237
3499,237
3500,237
3501,237
3502,237
3503,237
3504,237
3505,237
3506,237
3507,237
3508,237
3509,237
3510,237
3511,237
3512,237
3513,237
3514,237
3515,237
3516,237
3517,237
3518,237
3519,237
3520,237
3521,237
3522,237
3523,237
3524,237
3525,237
3526,237
3527,237
3528,237
3529,237
3530,237
3531,237
3532,237
3533,237
3534,237
3535,237
3536,237
3537,237
3538,237
3539,237
3540,237
3541,237
3542,237
3543,237
3544,237
3545,237
3546,237
3547,237
3548,237
3549,237
3550,237
3551,237
3552,237
3553,237
3554,237
3555,237
3556,237
3557,236
3558,236
3559,236
3560,236
3561,236
3562,236
3563,236
3564,236
3565,236
3566,236
3567,236
3568,236
3569,236
3570,236
3571,236
3572,236
3573,236
3574,236
3575,236
3576,236
3577,236
3578,236
3579,236
3580,236
3581,236
3582,236
3583,236
3584,236
3585,236
3586,236
3587,236
3588,236
3589,236
3590,236
3591,236
3592,236
3593,236
3594,236
3595,236
3596,236
3597,236
3598,236
3599,236
3600,236
3601,236
3602,236
3603,236
3604,236
3605,236
3606,235
3607,235
3608,235
3609,235
3610,235
3611,235
3612,235
3613,235
3614,235
3615,235
3616,235
3617,235
3618,235
3619,235
3620,235
3621,235
3622,235
3623,235
3624,235
3625,235
3626,235
3627,235
3628,235
3629,235
3630,235
3631,235
3632,235
3633,235
3634,235
3635,235
3636,235
3637,235
3638,235
3639,235
3640,235
3641,235
3642,235
3643,235
3644,235
3645,235
3646,235
3647,235
3648,235
3649,235
3650,235
3651,235
3652,235
3653,235
3654,235
3655,235
3656,235
3657,235
3658,235
3659,235
3660,235
3661,235
3662,235
3663,235
3664,235
3665,235
3666,235
3667,235
3668,235
3669,235
3670,235
3671,235
3672,235
3673,235
3674,235
3675,235
3676,235
3677,235
3678,235
3679,235
3680,235
3681,235
3682,235
3683,235
3684,235
3685,235
3686,235
3687,235
3688,235
3689,235
3690,235
3691,234
3692,233
3693,233
3694,233
3695,233
3696,233
3697,233
3698,233
3699,233
3700,233
3701,233
3702,233
3703,233
3704,233
3705,233
3706,232
3707,232
3708,232
3709,232
3710,232
3711,232
3712,232
3713,232
3714,232
3715,232
3716,232
3717,232
3718,232
3719,232
3720,232
3721,232
3722,232
3723,232
3724,232
3725,232
3726,232
3727,232
3728,232
3729,232
3730,232
3731,232
3732,232
3733,232
3734,232
3735,232
3736,232
3737,232
3738,232
3739,232
3740,232
3741,232
3742,232
3743,232
3744,232
3745,231
3746,231
3747,230
3748,230
3749,230
3750,230
3751,230
3752,230
3753,230
3754,230
3755,230
3756,230
3757,230
3758,230
3759,230
3760,230
3761,230
3762,230
3763,230
3764,230
3765,230
3766,230
3767,230
3768,230
3769,230
3770,230
3771,230
3772,230
3773,230
3774,230
3775,230
3776,230
3777,230
3778,230
3779,230
3780,230
3781,230
3782,230
3783,230
3784,230
3785,230
3786,230
3787,230
3788,230
3789,230
3790,230
3791,230
3792,230
3793,230
3794,230
3795,230
3796,230
3797,230
3798,230
3799,230
3800,230
3801,230
3802,230
3803,230
3804,230
3805,230
3806,230
3807,230
3808,230
3809,230
3810,230
3811,230
3812,230
3813,230
3814,230
3815,230
3816,230
3817,230
3818,230
3819,230
3820,230
3821,230
3822,230
3823,230
3824,230
3825,230
3826,230
3827,230
3828,230
3829,230
3830,230
3831,230
3832,230
3833,230
3834,230
3835,230
3836,230
3837,230
3838,230
3839,230
3840,230
3841,230
3842,229
3843,229
3844,229
3845,229
3846,229
3847,229
3848,229
3849,229
3850,229
3851,229
3852,228
3853,228
3854,228
3855,228
3856,228
3857,228
3858,228
3859,228
3860,228
3861,228
3862,228
3863,228
3864,228
3865,227
3866,227
3867,227
3868,227
3869,227
3870,226
3871,226
3872,226
3873,226
3874,226
3875,226
3876,226
3877,226
3878,226
3879,226
3880,226
3881,226
3882,226
3883,226
3884,226
3885,226
3886,226
3887,226
3888,226
3889,226
3890,226
3891,226
3892,226
3893,226
3894,226
3895,226
3896,226
3897,226
3898,226
3899,226
3900,226
3901,226
3902,226
3903,226
3904,226
3905,226
3906,226
3907,226
3908,226
3909,226
3910,226
3911,226
3912,226
3913,226
3914,226
3915,226
3916,226
3917,226
3918,226
3919,226
3920,226
3921,226
3922,226
3923,226
3924,226
3925,226
3926,226
3927,226
3928,226
3929,226
3930,226
3931,226
3932,226
3933,226
3934,226
3935,226
3936,226
3937,226
3938,226
3939,226
3940,226
3941,226
3942,226
3943,226
3944,226
3945,226
3946,226
3947,226
3948,226
3949,226
3950,226
3951,226
3952,226
3953,226
3954,226
3955,226
3956,226
3957,226
3958,226
3959,226
3960,226
3961,226
3962,226
3963,226
3964,226
3965,226
3966,226
3967,226
3968,226
3969,226
3970,226
3971,226
3972,226
3973,226
3974,226
3975,226
3976,226
3977,226
3978,226
3979,226
3980,226
3981,226
3982,226
3983,226
3984,226
3985,226
3986,226
3987,226
3988,225
3989,225
3990,225
3991,225
3992,225
3993,225
3994,225
3995,225
3996,225
3997,225
3998,224
3999,223
4000,223
4001,223
4002,223
4003,223
4004,223
4005,223
4006,223
4007,223
4008,223
4009,223
4010,223
4011,223
4012,223
4013,223
4014,223
4015,223
4016,223
4017,223
4018,223
4019,223
4020,223
4021,223
4022,223
4023,223
4024,223
4025,223
4026,223
4027,223
4028,223
4029,223
4030,223
4031,223
4032,223
4033,223
4034,223
4035,223
4036,223
4037,223
4038,223
4039,223
4040,223
4041,223
4042,222
4043,222
4044,222
4045,222
4046,222
4047,222
4048,222
4049,222
4050,222
4051,222
4052,222
4053,222
4054,222
4055,222
4056,222
4057,222
4058,222
4059,222
4060,222
4061,222
4062,222
4063,222
4064,222
4065,222
4066,222
4067,222
4068,222
4069,221
4070,221
4071,221
4072,221
4073,221
4074,221
4075,221
4076,221
4077,221
4078,221
4079,221
4080,221
4081,221
4082,221
4083,221
4084,221
4085,221
4086,221
4087,221
4088,221
4089,221
4090,221
4091,221
4092,221
4093,221
4094,221
4095,221
4096,221
4097,221
4098,221
4099,221
4100,221
4101,221
4102,221
4103,221
4104,221
4105,221
4106,221
4107,221
4108,221
4109,221
4110,221
4111,221
4112,221
4113,220
4114,220
4115,220
4116,220
4117,220
4118,220
4119,220
4120,220
4121,220
4122,220
4123,220
4124,220
4125,220
4126,220
4127,220
4128,220
4129,220
4130,220
4131,220
4132,220
4133,220
4134,220
4135,220
4136,220
4137,220
4138,220
4139,220
4140,220
4141,220
4142,219
4143,219
4144,219
4145,219
4146,219
4147,219
4148,219
4149,219
4150,219
4151,219
4152,219
4153,219
4154,219
4155,219
4156,219
4157,218
4158,218
4159,218
4160,218
4161,218
4162,218
4163,218
4164,218
4165,218
4166,218
4167,218
4168,218
4169,218
4170,218
4171,218
4172,218
4173,218
4174,218
4175,218
4176,218
4177,218
4178,218
4179,218
4180,218
4181,218
4182,218
4183,218
4184,218
4185,218
4186,218
4187,218
4188,218
4189,218
4190,218
4191,218
4192,218
4193,218
4194,218
4195,218
4196,218
4197,218
4198,218
4199,218
4200,218
4201,218
4202,218
4203,218
4204,218
4205,218
4206,218
4207,218
4208,218
4209,218
4210,218
4211,218
4212,218
4213,218
4214,218
4215,218
4216,218
4217,218
4218,218
4219,218
4220,218
4221,218
4222,218
4223,218
4224,218
4225,218
4226,218
4227,217
4228,217
4229,217
4230,217
4231,217
4232,217
4233,217
4234,217
4235,217
4236,217
4237,217
4238,217
4239,217
4240,217
4241,217
4242,217
4243,217
4244,217
4245,217
4246,217
4247,217
4248,217
4249,217
4250,217
4251,217
4252,217
4253,217
4254,217
4255,217
4256,217
4257,217
4258,217
4259,217
4260,217
4261,217
4262,217
4263,217
4264,217
4265,217
4266,217
4267,217
4268,217
4269,217
4270,217
4271,217
4272,217
4273,217
4274,217
4275,217
4276,217
4277,217
4278,217
4279,217
4280,217
4281,217
4282,217
4283,217
4284,217
4285,217
4286,217
4287,217
4288,217
4289,217
4290,217
4291,217
4292,217
4293,217
4294,217
4295,217
4296,217
4297,217
4298,217
4299,217
4300,217
4301,217
4302,217
4303,217
4304,217
4305,217
4306,217
4307,217
4308,217
4309,217
4310,217
4311,217
4312,217
4313,217
4314,217
4315,217
4316,217
4317,217
4318,217
4319,217
4320,217
4321,217
4322,217
4323,217
4324,217
4325,217
4326,217
4327,217
4328,217
4329,217
4330,217
4331,217
4332,217
4333,217
4334,217
4335,217
4336,217
4337,217
4338,217
4339,217
4340,217
4341,217
4342,217
4343,217
4344,217
4345,217
4346,217
4347,217
4348,217
4349,217
4350,217
4351,217
4352,217
4353,217
4354,217
4355,217
4356,217
4357,217
4358,217
4359,217
4360,217
4361,217
4362,217
4363,217
4364,216
4365,216
4366,216
4367,216
4368,216
4369,216
4370,216
4371,215
4372,215
4373,215
4374,215
4375,215
4376,215
4377,215
4378,215
4379,215
4380,214
4381,214
4382,214
4383,213
4384,213
4385,213
4386,213
4387,213
4388,213
4389,213
4390,213
4391,213
4392,213
4393,213
4394,213
4395,213
4396,213
4397,213
4398,213
4399,213
4400,213
4401,213
4402,213
4403,213
4404,213
4405,213
4406,213
4407,213
4408,213
4409,213
4410,213
4411,213
4412,213
4413,213
4414,213
4415,213
4416,213
4417,213
4418,213
4419,213
4420,213
4421,213
4422,213
4423,213
4424,213
4425,213
4426,213
4427,213
4428,213
4429,213
4430,213
4431,213
4432,213
4433,213
4434,213
4435,213
4436,213
4437,213
4438,213
4439,213
4440,213
4441,213
4442,213
4443,213
4444,213
4445,213
4446,213
4447,213
4448,213
4449,212
4450,212
4451,212
4452,212
4453,212
4454,212
4455,212
4456,211
4457,211
4458,211
4459,211
4460,211
4461,211
4462,211
4463,211
4464,211
4465,211
4466,211
4467,211
4468,210
4469,210
4470,210
4471,210
4472,210
4473,210
4474,210
4475,210
4476,210
4477,210
4478,210
4479,210
4480,210
4481,210
4482,210
4483,210
4484,210
4485,210
4486,210
4487,210
4488,210
4489,210
4490,210
4491,209
4492,209
4493,209
4494,209
4495,209
4496,209
4497,209
4498,209
4499,209
4500,209
4501,209
4502,209
4503,209
4504,209
4505,209
4506,209
4507,209
4508,209
4509,209
4510,209
4511,209
4512,209
4513,209
4514,209
4515,209
4516,209
4517,209
4518,209
4519,209
4520,209
4521,209
4522,209
4523,209
4524,209
4525,209
4526,209
4527,209
4528,209
4529,209
4530,209
4531,209
4532,209
4533,209
4534,209
4535,209
4536,209
4537,209
4538,209
4539,209
4540,209
4541,209
4542,209
4543,209
4544,209
4545,209
4546,209
4547,209
4548,209
4549,209
4550,209
4551,209
4552,209
4553,209
4554,209
4555,209
4556,209
4557,209
4558,209
4559,209
4560,209
4561,209
4562,209
4563,209
4564,209
4565,209
4566,209
4567,209
4568,209
4569,209
4570,209
4571,209
4572,209
4573,209
4574,209
4575,209
4576,209
4577,209
4578,209
4579,209
4580,209
4581,209
4582,209
4583,209
4584,209
4585,209
4586,209
4587,209
4588,209
4589,209
4590,209
4591,209
4592,209
4593,209
4594,209
4595,209
4596,209
4597,209
4598,209
4599,209
4600,209
4601,209
4602,209
4603,209
4604,209
4605,209
4606,209
4607,209
4608,209
4609,209
4610,209
4611,209
4612,209
4613,209
4614,209
4615,209
4616,209
4617,209
4618,209
4619,209
4620,209
4621,209
4622,209
4623,209
4624,209
4625,209
4626,209
4627,209
4628,209
4629,209
4630,209
4631,209
4632,209
4633,209
4634,209
4635,209
4636,209
4637,209
4638,209
4639,209
4640,209
4641,209
4642,209
4643,209
4644,209
4645,209
4646,209
4647,209
4648,209
4649,209
4650,209
4651,209
4652,209
4653,209
4654,209
4655,209
4656,209
4657,209
4658,209
4659,209
4660,209
4661,209
4662,209
4663,209
4664,209
4665,209
4666,209
4667,209
4668,209
4669,209
4670,209
4671,209
4672,209
4673,209
4674,209
4675,209
4676,209
4677,209
4678,209
4679,209
4680,209
4681,209
4682,209
4683,209
4684,209
4685,209
4686,209
4687,209
4688,209
4689,209
4690,209
4691,209
4692,209
4693,209
4694,209
4695,209
4696,209
4697,209
4698,209
4699,209
4700,209
4701,209
4702,209
4703,209
4704,209
4705,209
4706,209
4707,209
4708,209
4709,209
4710,209
4711,209
4712,209
4713,209
4714,209
4715,209
4716,209
4717,209
4718,209
4719,209
4720,209
4721,209
4722,209
4723,209
4724,209
4725,209
4726,209
4727,209
4728,209
4729,209
4730,209
4731,209
4732,209
4733,209
4734,209
4735,209
4736,209
4737,209
4738,209
4739,209
4740,209
4741,209
4742,209
4743,209
4744,209
4745,209
4746,209
4747,209
4748,209
4749,209
4750,209
4751,209
4752,209
4753,209
4754,209
4755,209
4756,209
4757,209
4758,209
4759,209
4760,209
4761,209
4762,209
4763,209
4764,209
4765,209
4766,209
4767,209
4768,209
4769,209
4770,209
4771,209
4772,209
4773,209
4774,209
4775,209
4776,209
4777,209
4778,209
4779,209
4780,209
4781,209
4782,209
4783,209
4784,209
4785,209
4786,209
4787,209
4788,209
4789,209
4790,209
4791,209
4792,209
4793,209
4794,209
4795,209
4796,209
4797,209
4798,209
4799,209
4800,209
4801,209
4802,209
4803,209
4804,209
4805,209
4806,209
4807,209
4808,209
4809,209
4810,209
4811,209
4812,209
4813,209
4814,209
4815,209
4816,209
4817,209
4818,209
4819,209
4820,209
4821,209
4822,209
4823,209
4824,209
4825,209
4826,209
4827,209
4828,209
4829,209
4830,209
4831,209
4832,209
4833,209
4834,209
4835,209
4836,209
4837,209
4838,209
4839,209
4840,209
4841,209
4842,209
4843,209
4844,209
4845,209
4846,209
4847,209
4848,209
4849,209
4850,209
4851,209
4852,209
4853,209
4854,209
4855,209
4856,209
4857,209
4858,209
4859,209
4860,209
4861,209
4862,209
4863,209
4864,209
4865,209
4866,209
4867,209
4868,209
4869,209
4870,209
4871,209
4872,209
4873,209
4874,209
4875,209
4876,209
4877,209
4878,209
4879,209
4880,209
4881,209
4882,209
4883,209
4884,209
4885,209
4886,209
4887,209
4888,209
4889,209
4890,209
4891,209
4892,209
4893,209
4894,209
4895,209
4896,209
4897,209
4898,209
4899,209
4900,209
4901,209
4902,209
4903,209
4904,209
4905,209
4906,209
4907,209
4908,209
4909,209
4910,209
4911,209
4912,209
4913,209
4914,209
4915,209
4916,209
4917,209
4918,209
4919,209
4920,209
4921,209
4922,209
4923,209
4924,209
4925,209
4926,209
4927,209
4928,209
4929,209
4930,209
4931,209
4932,209
4933,209
4934,209
4935,209
4936,209
4937,209
4938,209
4939,209
4940,209
4941,209
4942,209
4943,209
4944,209
4945,209
4946,209
4947,209
4948,209
4949,209
4950,209
4951,209
4952,209
4953,209
4954,209
4955,209
4956,209
4957,209
4958,209
4959,209
4960,209
4961,209
4962,209
4963,209
4964,209
4965,209
4966,209
4967,209
4968,209
4969,209
4970,209
4971,209
4972,209
4973,209
4974,209
4975,209
4976,209
4977,209
4978,209
4979,209
4980,209
4981,209
4982,209
4983,209
4984,209
4985,209
4986,209
4987,209
4988,209
4989,209
4990,209
4991,209
4992,209
4993,209
4994,209
4995,209
4996,209
4997,209
4998,209
4999,209
5000,209
5001,209
5002,209
5003,209
5004,209
5005,209
5006,209
5007,209
5008,209
5009,209
5010,209
5011,209
5012,209
5013,209
5014,209
5015,209
5016,209
5017,209
5018,209
5019,209
5020,209
5021,209
5022,209
5023,209
5024,209
5025,209
5026,209
5027,209
5028,209
5029,209
5030,209
5031,209
5032,209
5033,209
5034,209
5035,209
5036,209
5037,209
5038,209
5039,209
5040,209
5041,209
5042,209
5043,209
5044,209
5045,209
5046,209
5047,209
5048,209
5049,209
5050,209
5051,209
5052,209
5053,209
5054,209
5055,209
5056,209
5057,209
5058,209
5059,209
5060,209
5061,209
5062,209
5063,209
5064,209
5065,209
5066,209
5067,209
5068,209
5069,209
5070,209
5071,209
5072,209
5073,209
5074,209
5075,209
5076,209
5077,209
5078,209
5079,209
5080,209
5081,209
5082,209
5083,209
5084,209
5085,209
5086,209
5087,209
5088,209
5089,209
5090,209
5091,209
5092,209
5093,209
5094,209
5095,209
5096,209
5097,209
5098,209
5099,209
5100,209
5101,209
5102,209
5103,209
5104,209
5105,209
5106,209
5107,209
5108,209
5109,209
5110,209
5111,209
5112,209
5113,209
5114,209
5115,209
5116,209
5117,209
5118,209
5119,209
5120,209
5121,209
5122,209
5123,209
5124,209
5125,209
5126,209
5127,209
5128,209
5129,209
5130,209
5131,209
5132,209
5133,209
5134,209
5135,209
5136,209
5137,209
5138,209
5139,209
5140,209
5141,209
5142,209
5143,209
5144,209
5145,209
5146,209
5147,209
5148,209
5149,209
5150,209
5151,209
5152,209
5153,209
5154,209
5155,209
5156,209
5157,209
5158,209
5159,209
5160,209
5161,209
5162,209
5163,209
5164,209
5165,209
5166,209
5167,209
5168,209
5169,209
5170,209
5171,209
5172,209
5173,209
5174,209
5175,209
5176,209
5177,209
5178,209
5179,209
5180,209
5181,209
5182,209
5183,209
5184,209
5185,209
5186,209
5187,209
5188,209
5189,209
5190,209
5191,209
5192,209
5193,209
5194,209
5195,209
5196,209
5197,209
5198,209
5199,209
5200,209
5201,209
5202,209
5203,209
5204,209
5205,209
5206,209
5207,209
5208,209
5209,209
5210,209
5211,209
5212,209
5213,209
5214,209
5215,209
5216,209
5217,209
5218,209
5219,209
5220,209
5221,209
5222,209
5223,209
5224,209
5225,209
5226,209
5227,209
5228,209
5229,209
5230,209
5231,209
5232,209
5233,209
5234,209
5235,209
5236,209
5237,209
5238,209
5239,209
5240,209
5241,209
5242,209
5243,209
5244,209
5245,209
5246,209
5247,209
5248,209
5249,209
5250,209
5251,209
5252,209
5253,209
5254,209
5255,209
5256,209
5257,209
5258,209
5259,209
5260,209
5261,209
5262,209
5263,209
5264,209
5265,209
5266,209
5267,209
5268,209
5269,209
5270,209
5271,209
5272,209
5273,209
5274,209
5275,209
5276,209
5277,209
5278,209
5279,209
5280,209
5281,209
5282,209
5283,208
5284,208
5285,208
5286,208
5287,208
5288,208
5289,208
5290,208
5291,208
5292,208
5293,208
5294,208
5295,208
5296,208
5297,208
5298,208
5299,208
5300,208
5301,208
5302,208
5303,208
5304,208
5305,208
5306,208
5307,208
5308,208
5309,208
5310,208
5311,208
5312,208
5313,208
5314,208
5315,208
5316,208
5317,208
5318,208
5319,208
5320,208
5321,208
5322,208
5323,208
5324,208
5325,208
5326,208
5327,208
5328,208
5329,208
5330,208
5331,208
5332,208
5333,208
5334,208
5335,208
5336,208
5337,208
5338,208
5339,208
5340,208
5341,208
5342,208
5343,208
5344,208
5345,208
5346,208
5347,208
5348,208
5349,208
5350,208
5351,208
5352,208
5353,208
5354,208
5355,208
5356,208
5357,208
5358,208
5359,208
5360,208
5361,208
5362,208
5363,208
5364,208
5365,208
5366,208
5367,208
5368,208
5369,208
5370,208
5371,208
5372,208
5373,208
5374,208
5375,208
5376,208
5377,208
5378,208
5379,208
5380,208
5381,208
5382,208
5383,208
5384,208
5385,208
5386,208
5387,208
5388,208
5389,208
5390,208
5391,208
5392,208
5393,208
5394,208
5395,208
5396,208
5397,208
5398,208
5399,208
5400,208
5401,208
5402,208
5403,208
5404,208
5405,208
5406,208
5407,208
5408,208
5409,208
5410,208
5411,208
5412,208
5413,208
5414,208
5415,208
5416,208
5417,208
5418,208
5419,208
5420,208
5421,208
5422,208
5423,208
5424,208
5425,208
5426,208
5427,208
5428,208
5429,208
5430,208
5431,208
5432,208
5433,208
5434,208
5435,208
5436,208
5437,208
5438,208
5439,208
5440,208
5441,208
5442,208
5443,208
5444,208
5445,208
5446,208
5447,208
5448,208
5449,208
5450,208
5451,208
5452,208
5453,208
5454,208
5455,208
5456,208
5457,208
5458,208
5459,208
5460,208
5461,208
5462,208
5463,208
5464,208
5465,208
5466,208
5467,208
5468,208
5469,208
5470,208
5471,208
5472,208
5473,208
5474,208
5475,208
5476,208
5477,208
5478,208
5479,208
5480,208
5481,208
5482,208
5483,208
5484,208
5485,208
5486,208
5487,208
5488,208
5489,208
5490,208
5491,208
5492,208
5493,208
5494,208
5495,208
5496,208
5497,208
5498,208
5499,208
5500,208
5501,207
5502,207
5503,207
5504,207
5505,207
5506,207
5507,207
5508,207
5509,207
5510,207
5511,207
5512,207
5513,207
5514,207
5515,207
5516,207
5517,207
5518,207
5519,207
5520,207
5521,207
5522,207
5523,207
5524,207
5525,207
5526,207
5527,207
5528,207
5529,207
5530,207
5531,207
5532,207
5533,207
5534,207
5535,207
5536,207
5537,207
5538,207
5539,207
5540,207
5541,207
5542,207
5543,207
5544,207
5545,207
5546,207
5547,207
5548,207
5549,207
5550,207
5551,207
5552,207
5553,207
5554,207
5555,207
5556,207
5557,207
5558,207
5559,207
5560,207
5561,207
5562,207
5563,207
5564,207
5565,207
5566,207
5567,207
5568,207
5569,207
5570,207
5571,207
5572,207
5573,207
5574,207
5575,207
5576,207
5577,207
5578,207
5579,207
5580,207
5581,207
5582,207
5583,207
5584,207
5585,207
5586,207
5587,207
5588,207
5589,207
5590,207
5591,207
5592,207
5593,207
5594,207
5595,207
5596,207
5597,207
5598,207
5599,207
5600,207
5601,207
5602,207
5603,207
5604,207
5605,207
5606,207
5607,207
5608,207
5609,207
5610,207
5611,207
5612,207
5613,207
5614,207
5615,207
5616,207
5617,207
5618,207
5619,207
5620,207
5621,207
5622,207
5623,207
5624,207
5625,207
5626,207
5627,207
5628,207
5629,207
5630,207
5631,207
5632,207
5633,207
5634,207
5635,207
5636,207
5637,207
5638,207
5639,207
5640,207
5641,207
5642,207
5643,207
5644,207
5645,207
5646,207
5647,207
5648,207
5649,207
5650,207
5651,207
5652,207
5653,207
5654,207
5655,207
5656,207
5657,207
5658,207
5659,207
5660,207
5661,207
5662,207
5663,207
5664,207
5665,207
5666,207
5667,207
5668,207
5669,207
5670,207
5671,207
5672,207
5673,207
5674,207
5675,207
5676,207
5677,207
5678,207
5679,207
5680,207
5681,207
5682,207
5683,207
5684,207
5685,207
5686,207
5687,207
5688,207
5689,207
5690,207
5691,207
5692,207
5693,207
5694,207
5695,207
5696,207
5697,207
5698,207
5699,207
5700,207
5701,207
5702,207
5703,207
5704,207
5705,207
5706,207
5707,207
5708,207
5709,207
5710,207
5711,207
5712,207
5713,207
5714,207
5715,207
5716,207
5717,207
5718,207
5719,207
5720,207
5721,207
5722,207
5723,206
5724,206
5725,206
5726,206
5727,206
5728,206
5729,206
5730,206
5731,206
5732,206
5733,206
5734,206
5735,206
5736,206
5737,206
5738,206
5739,206
5740,206
5741,206
5742,206
5743,206
5744,206
5745,206
5746,206
5747,206
5748,206
5749,206
5750,206
5751,206
5752,206
5753,206
5754,206
5755,206
5756,206
5757,206
5758,206
5759,206
5760,206
5761,206
5762,206
5763,206
5764,206
5765,206
5766,206
5767,206
5768,206
5769,206
5770,206
5771,206
5772,206
5773,206
5774,206
5775,206
5776,206
5777,206
5778,206
5779,206
5780,206
5781,206
5782,206
5783,206
5784,206
5785,206
5786,206
5787,206
5788,206
5789,206
5790,206
5791,205
5792,205
5793,205
5794,205
5795,205
5796,205
5797,205
5798,205
5799,205
5800,205
5801,205
5802,205
5803,205
5804,205
5805,205
5806,205
5807,205
5808,205
5809,205
5810,205
5811,205
5812,205
5813,205
5814,205
5815,205
5816,205
5817,205
5818,205
5819,205
5820,205
5821,205
5822,205
5823,205
5824,205
5825,205
5826,205
5827,205
5828,205
5829,205
5830,205
5831,205
5832,205
5833,205
5834,205
5835,205
5836,205
5837,205
5838,205
5839,205
5840,205
5841,205
5842,205
5843,205
5844,205
5845,205
5846,205
5847,205
5848,205
5849,205
5850,205
5851,205
5852,205
5853,205
5854,205
5855,205
5856,205
5857,205
5858,205
5859,205
5860,205
5861,205
5862,205
5863,205
5864,205
5865,205
5866,205
5867,205
5868,205
5869,205
5870,205
5871,205
5872,205
5873,205
5874,205
5875,205
5876,205
5877,205
5878,205
5879,205
5880,205
5881,205
5882,205
5883,205
5884,205
5885,205
5886,205
5887,205
5888,205
5889,205
5890,205
5891,205
5892,205
5893,205
5894,205
5895,205
5896,204
5897,204
5898,204
5899,204
5900,204
5901,204
5902,204
5903,204
5904,204
5905,204
5906,204
5907,204
5908,204
5909,204
5910,204
5911,204
5912,204
5913,204
5914,204
5915,204
5916,204
5917,204
5918,204
5919,204
5920,204
5921,204
5922,204
5923,204
5924,204
5925,204
5926,204
5927,204
5928,204
5929,204
5930,204
5931,204
5932,204
5933,204
5934,204
5935,204
5936,204
5937,204
5938,204
5939,204
5940,204
5941,204
5942,204
5943,204
5944,204
5945,204
5946,204
5947,204
5948,204
5949,204
5950,204
5951,204
5952,204
5953,204
5954,204
5955,204
5956,204
5957,204
5958,204
5959,204
5960,204
5961,204
5962,204
5963,204
5964,204
5965,204
5966,204
5967,204
5968,204
5969,204
5970,204
5971,204
5972,204
5973,204
5974,204
5975,204
5976,204
5977,204
5978,204
5979,204
5980,204
5981,204
5982,204
5983,204
5984,204
5985,204
5986,204
5987,204
5988,204
5989,204
5990,204
5991,204
5992,204
5993,204
5994,204
5995,204
5996,204
5997,204
5998,204
5999,204
6000,204
6001,204
6002,204
6003,204
6004,204
6005,204
6006,204
6007,204
6008,204
6009,204
6010,204
6011,204
6012,204
6013,204
6014,204
6015,204
6016,204
6017,204
6018,204
6019,204
6020,204
6021,204
6022,204
6023,204
6024,204
6025,204
6026,204
6027,204
6028,204
6029,204
6030,204
6031,204
6032,204
6033,204
6034,204
6035,204
6036,204
6037,204
6038,204
6039,204
6040,204
6041,204
6042,204
6043,204
6044,204
6045,204
6046,204
6047,204
6048,204
6049,204
6050,204
6051,204
6052,204
6053,204
6054,204
6055,204
6056,204
6057,204
6058,204
6059,204
6060,204
6061,204
6062,204
6063,204
6064,204
6065,204
6066,204
6067,204
6068,204
6069,204
6070,204
6071,204
6072,204
6073,204
6074,204
6075,204
6076,204
6077,204
6078,204
6079,204
6080,204
6081,204
6082,204
6083,204
6084,204
6085,204
6086,204
6087,204
6088,204
6089,204
6090,204
6091,204
6092,204
6093,204
6094,204
6095,204
6096,204
6097,204
6098,204
6099,204
6100,204
6101,204
6102,204
6103,204
6104,204
6105,204
6106,204
6107,204
6108,204
6109,204
6110,204
6111,204
6112,204
6113,204
6114,204
6115,204
6116,204
6117,204
6118,204
6119,204
6120,204
6121,204
6122,204
6123,204
6124,204
6125,204
6126,204
6127,204
6128,204
6129,204
6130,204
6131,204
6132,204
6133,204
6134,204
6135,204
6136,204
6137,204
6138,204
6139,204
6140,204
6141,204
6142,204
6143,204
6144,204
6145,204
6146,204
6147,204
6148,204
6149,204
6150,204
6151,204
6152,204
6153,204
6154,204
6155,204
6156,204
6157,204
6158,204
6159,204
6160,204
6161,204
6162,204
6163,204
6164,204
6165,204
6166,204
6167,204
6168,204
6169,204
6170,204
6171,204
6172,204
6173,204
6174,204
6175,204
6176,204
6177,204
6178,204
6179,204
6180,204
6181,204
6182,204
6183,204
6184,204
6185,204
6186,204
6187,204
6188,204
6189,204
6190,204
6191,204
6192,204
6193,204
6194,204
6195,204
6196,204
6197,204
6198,204
6199,204
6200,204
6201,204
6202,204
6203,204
6204,204
6205,204
6206,204
6207,204
6208,204
6209,204
6210,204
6211,204
6212,204
6213,204
6214,204
6215,204
6216,204
6217,204
6218,204
6219,204
6220,204
6221,204
6222,204
6223,204
6224,203
6225,203
6226,203
6227,203
6228,203
6229,203
6230,203
6231,203
6232,203
6233,203
6234,203
6235,203
6236,203
6237,203
6238,203
6239,203
6240,203
6241,203
6242,203
6243,203
6244,203
6245,203
6246,203
6247,203
6248,203
6249,203
6250,203
6251,203
6252,203
6253,203
6254,203
6255,203
6256,203
6257,203
6258,203
6259,203
6260,203
6261,203
6262,203
6263,203
6264,203
6265,203
6266,203
6267,203
6268,203
6269,203
6270,203
6271,203
6272,203
6273,203
6274,203
6275,203
6276,203
6277,203
6278,203
6279,203
6280,203
6281,203
6282,203
6283,203
6284,203
6285,203
6286,203
6287,203
6288,203
6289,203
6290,203
6291,203
6292,203
6293,203
6294,203
6295,203
6296,203
6297,203
6298,203
6299,203
6300,203
6301,203
6302,203
6303,203
6304,203
6305,203
6306,202
6307,202
6308,202
6309,202
6310,202
6311,202
6312,202
6313,202
6314,202
6315,202
6316,202
6317,202
6318,202
6319,202
6320,202
6321,202
6322,202
6323,202
6324,202
6325,202
6326,202
6327,202
6328,202
6329,202
6330,202
6331,202
6332,202
6333,202
6334,202
6335,202
6336,202
6337,202
6338,202
6339,202
6340,202
6341,202
6342,202
6343,202
6344,202
6345,202
6346,202
6347,202
6348,201
6349,201
6350,201
6351,201
6352,201
6353,201
6354,201
6355,201
6356,201
6357,201
6358,201
6359,201
6360,201
6361,201
6362,201
6363,201
6364,201
6365,201
6366,201
6367,201
6368,201
6369,201
6370,201
6371,201
6372,201
6373,201
6374,201
6375,201
6376,201
6377,201
6378,201
6379,201
6380,201
6381,201
6382,201
6383,201
6384,201
6385,201
6386,201
6387,201
6388,201
6389,201
6390,201
6391,201
6392,201
6393,201
6394,201
6395,201
6396,201
6397,201
6398,201
6399,201
6400,201
6401,201
6402,201
6403,201
6404,201
6405,201
6406,201
6407,201
6408,201
6409,201
6410,201
6411,201
6412,201
6413,201
6414,201
6415,201
6416,201
6417,201
6418,201
6419,201
6420,201
6421,201
6422,201
6423,201
6424,201
6425,201
6426,201
6427,201
6428,201
6429,201
6430,201
6431,201
6432,201
6433,201
6434,201
6435,201
6436,201
6437,201
6438,201
6439,201
6440,201
6441,201
6442,201
6443,201
6444,201
6445,201
6446,201
6447,201
6448,201
6449,201
6450,201
6451,201
6452,201
6453,201
6454,201
6455,201
6456,201
6457,201
6458,201
6459,201
6460,201
6461,201
6462,201
6463,201
6464,201
6465,201
6466,201
6467,201
6468,201
6469,201
6470,201
6471,201
6472,201
6473,201
6474,201
6475,201
6476,201
6477,201
6478,201
6479,201
6480,201
6481,201
6482,201
6483,201
6484,201
6485,201
6486,201
6487,201
6488,201
6489,201
6490,201
6491,201
6492,201
6493,201
6494,201
6495,201
6496,201
6497,201
6498,201
6499,201
6500,201
6501,201
6502,201
6503,201
6504,201
6505,201
6506,201
6507,201
6508,201
6509,201
6510,201
6511,201
6512,201
6513,201
6514,201
6515,201
6516,201
6517,201
6518,201
6519,201
6520,201
6521,201
6522,201
6523,201
6524,201
6525,201
6526,201
6527,201
6528,201
6529,201
6530,201
6531,201
6532,201
6533,201
6534,201
6535,201
6536,201
6537,201
6538,201
6539,201
6540,201
6541,201
6542,201
6543,201
6544,201
6545,201
6546,201
6547,201
6548,201
6549,201
6550,201
6551,201
6552,201
6553,201
6554,201
6555,201
6556,201
6557,201
6558,201
6559,201
6560,201
6561,201
6562,201
6563,201
6564,201
6565,201
6566,201
6567,201
6568,201
6569,201
6570,201
6571,201
6572,201
6573,201
6574,201
6575,201
6576,201
6577,201
6578,201
6579,201
6580,201
6581,201
6582,201
6583,201
6584,201
6585,201
6586,201
6587,201
6588,201
6589,201
6590,201
6591,201
6592,201
6593,201
6594,201
6595,201
6596,201
6597,201
6598,201
6599,201
6600,201
6601,201
6602,201
6603,201
6604,201
6605,201
6606,201
6607,201
6608,201
6609,201
6610,201
6611,201
6612,201
6613,201
6614,201
6615,201
6616,201
6617,201
6618,201
6619,201
6620,201
6621,201
6622,201
6623,201
6624,201
6625,201
6626,201
6627,201
6628,201
6629,201
6630,201
6631,201
6632,201
6633,201
6634,201
6635,201
6636,201
6637,201
6638,201
6639,201
6640,201
6641,201
6642,201
6643,201
6644,201
6645,201
6646,201
6647,201
6648,201
6649,201
6650,201
6651,201
6652,201
6653,201
6654,201
6655,201
6656,201
6657,201
6658,201
6659,201
6660,201
6661,201
6662,201
6663,201
6664,201
6665,201
6666,201
6667,201
6668,201
6669,201
6670,201
6671,201
6672,201
6673,201
6674,201
6675,201
6676,201
6677,201
6678,201
6679,201
6680,201
6681,201
6682,201
6683,200
6684,200
6685,200
6686,200
6687,200
6688,200
6689,200
6690,200
6691,200
6692,200
6693,200
6694,200
6695,200
6696,200
6697,200
6698,200
6699,200
6700,200
6701,200
6702,200
6703,200
6704,200
6705,200
6706,200
6707,200
6708,200
6709,200
6710,200
6711,200
6712,200
6713,200
6714,200
6715,200
6716,200
6717,200
6718,200
6719,200
6720,200
6721,200
6722,200
6723,200
6724,200
6725,200
6726,200
6727,200
6728,200
6729,200
6730,200
6731,200
6732,200
6733,200
6734,200
6735,200
6736,200
6737,200
6738,200
6739,200
6740,200
6741,200
6742,200
6743,200
6744,200
6745,200
6746,200
6747,200
6748,200
6749,200
6750,200
6751,200
6752,200
6753,200
6754,200
6755,200
6756,200
6757,200
6758,200
6759,200
6760,200
6761,200
6762,200
6763,200
6764,200
6765,200
6766,200
6767,200
6768,200
6769,200
6770,200
6771,200
6772,200
6773,200
6774,200
6775,200
6776,200
6777,200
6778,200
6779,200
6780,200
6781,200
6782,200
6783,200
6784,200
6785,200
6786,200
6787,200
6788,200
6789,200
6790,200
6791,200
6792,200
6793,199
6794,199
6795,199
6796,199
6797,199
6798,199
6799,199
6800,199
6801,199
6802,199
6803,199
6804,199
6805,199
6806,199
6807,199
6808,199
6809,199
6810,199
6811,199
6812,199
6813,199
6814,199
6815,199
6816,199
6817,199
6818,199
6819,199
6820,199
6821,199
6822,199
6823,199
6824,199
6825,199
6826,199
6827,199
6828,199
6829,199
6830,199
6831,199
6832,199
6833,199
6834,199
6835,199
6836,199
6837,199
6838,199
6839,199
6840,199
6841,199
6842,199
6843,199
6844,199
6845,199
6846,199
6847,199
6848,199
6849,199
6850,199
6851,198
6852,198
6853,198
6854,198
6855,198
6856,198
6857,198
6858,198
6859,198
6860,198
6861,198
6862,198
6863,198
6864,198
6865,198
6866,198
6867,198
6868,198
6869,198
6870,198
6871,198
6872,198
6873,198
6874,198
6875,198
6876,198
6877,198
6878,198
6879,198
6880,198
6881,198
6882,198
6883,198
6884,198
6885,198
6886,198
6887,198
6888,198
6889,198
6890,198
6891,198
6892,198
6893,198
6894,198
6895,198
6896,198
6897,198
6898,198
6899,198
6900,198
6901,198
6902,198
6903,198
6904,198
6905,198
6906,198
6907,198
6908,198
6909,198
6910,198
6911,198
6912,198
6913,198
6914,198
6915,198
6916,198
6917,198
6918,198
6919,198
6920,198
6921,198
6922,198
6923,198
6924,198
6925,198
6926,198
6927,198
6928,198
6929,198
6930,198
6931,198
6932,198
6933,198
6934,198
6935,198
6936,198
6937,198
6938,198
6939,198
6940,198
6941,198
6942,198
6943,198
6944,198
6945,198
6946,198
6947,198
6948,198
6949,198
6950,198
6951,198
6952,198
6953,198
6954,198
6955,198
6956,198
6957,198
6958,198
6959,198
6960,198
6961,198
6962,198
6963,198
6964,198
6965,198
6966,198
6967,198
6968,198
6969,198
6970,198
6971,198
6972,198
6973,198
6974,198
6975,198
6976,198
6977,198
6978,198
6979,198
6980,198
6981,198
6982,198
6983,198
6984,198
6985,198
6986,198
6987,198
6988,198
6989,198
6990,198
6991,198
6992,198
6993,198
6994,198
6995,198
6996,198
6997,198
6998,198
6999,198
7000,198
7001,198
7002,198
7003,198
7004,198
7005,198
7006,198
7007,198
7008,198
7009,198
7010,198
7011,198
7012,198
7013,198
7014,198
7015,198
7016,198
7017,198
7018,198
7019,198
7020,198
7021,198
7022,198
7023,198
7024,198
7025,198
7026,198
7027,198
7028,198
7029,198
7030,198
7031,198
7032,198
7033,198
7034,198
7035,198
7036,198
7037,197
7038,197
7039,197
7040,197
7041,197
7042,197
7043,197
7044,197
7045,197
7046,197
7047,197
7048,197
7049,197
7050,197
7051,197
7052,197
7053,197
7054,197
7055,197
7056,197
7057,197
7058,197
7059,197
7060,197
7061,197
7062,197
7063,197
7064,197
7065,197
7066,197
7067,197
7068,197
7069,197
7070,197
7071,197
7072,197
7073,197
7074,197
7075,197
7076,197
7077,197
7078,197
7079,197
7080,197
7081,197
7082,197
7083,197
7084,197
7085,197
7086,197
7087,197
7088,197
7089,197
7090,197
7091,197
7092,197
7093,197
7094,197
7095,197
7096,197
7097,197
7098,197
7099,197
7100,197
7101,197
7102,197
7103,197
7104,197
7105,197
7106,197
7107,197
7108,197
7109,197
7110,197
7111,197
7112,197
7113,197
7114,197
7115,197
7116,197
7117,197
7118,197
7119,197
7120,197
7121,197
7122,197
7123,197
7124,197
7125,197
7126,197
7127,197
7128,197
7129,197
7130,197
7131,197
7132,197
7133,197
7134,197
7135,197
7136,197
7137,197
7138,197
7139,197
7140,197
7141,197
7142,197
7143,197
7144,197
7145,197
7146,197
7147,197
7148,197
7149,197
7150,197
7151,197
7152,197
7153,197
7154,197
7155,197
7156,197
7157,197
7158,197
7159,197
7160,197
7161,197
7162,197
7163,197
7164,197
7165,197
7166,197
7167,196
7168,196
7169,196
7170,196
7171,196
7172,196
7173,196
7174,196
7175,196
7176,196
7177,196
7178,196
7179,196
7180,196
7181,196
7182,196
7183,196
7184,196
7185,196
7186,196
7187,196
7188,196
7189,196
7190,196
7191,196
7192,196
7193,196
7194,196
7195,196
7196,196
7197,196
7198,196
7199,196
7200,196
7201,196
7202,196
7203,196
7204,196
7205,196
7206,196
7207,196
7208,196
7209,196
7210,196
7211,196
7212,195
7213,195
7214,195
7215,195
7216,195
7217,195
7218,195
7219,195
7220,195
7221,195
7222,195
7223,195
7224,195
7225,195
7226,195
7227,195
7228,195
7229,195
7230,195
7231,195
7232,195
7233,195
7234,195
7235,195
7236,195
7237,195
7238,195
7239,195
7240,195
7241,195
7242,195
7243,195
7244,195
7245,195
7246,195
7247,195
7248,195
7249,195
7250,195
7251,195
7252,195
7253,195
7254,195
7255,195
7256,195
7257,195
7258,195
7259,195
7260,195
7261,195
7262,195
7263,195
7264,195
7265,195
7266,195
7267,195
7268,195
7269,195
7270,195
7271,195
7272,195
7273,195
7274,195
7275,195
7276,195
7277,195
7278,195
7279,195
7280,195
7281,195
7282,195
7283,195
7284,195
7285,195
7286,195
7287,195
7288,195
7289,195
7290,195
7291,195
7292,195
7293,195
7294,195
7295,195
7296,195
7297,195
7298,195
7299,195
7300,195
7301,195
7302,195
7303,195
7304,195
7305,195
7306,195
7307,195
7308,195
7309,195
7310,195
7311,195
7312,195
7313,195
7314,195
7315,195
7316,195
7317,195
7318,195
7319,195
7320,195
7321,195
7322,195
7323,195
7324,195
7325,195
7326,195
7327,195
7328,195
7329,195
7330,195
7331,195
7332,195
7333,195
7334,195
7335,195
7336,195
7337,195
7338,195
7339,195
7340,195
7341,195
7342,195
7343,195
7344,195
7345,195
7346,195
7347,195
7348,195
7349,195
7350,195
7351,195
7352,195
7353,195
7354,195
7355,195
7356,195
7357,195
7358,195
7359,195
7360,195
7361,195
7362,195
7363,195
7364,195
7365,195
7366,195
7367,195
7368,195
7369,195
7370,195
7371,195
7372,195
7373,195
7374,195
7375,195
7376,195
7377,195
7378,195
7379,195
7380,195
7381,195
7382,195
7383,195
7384,195
7385,195
7386,195
7387,195
7388,195
7389,195
7390,195
7391,195
7392,195
7393,195
7394,195
7395,195
7396,195
7397,195
7398,195
7399,195
7400,195
7401,195
7402,195
7403,195
7404,195
7405,195
7406,195
7407,195
7408,195
7409,195
7410,195
7411,195
7412,195
7413,195
7414,195
7415,195
7416,195
7417,195
7418,195
7419,195
7420,195
7421,195
7422,195
7423,195
7424,195
7425,195
7426,195
7427,195
7428,195
7429,195
7430,195
7431,195
7432,195
7433,195
7434,195
7435,195
7436,195
7437,195
7438,195
7439,195
7440,195
7441,195
7442,195
7443,195
7444,195
7445,195
7446,195
7447,195
7448,195
7449,195
7450,195
7451,195
7452,195
7453,195
7454,195
7455,195
7456,195
7457,195
7458,195
7459,195
7460,195
7461,195
7462,195
7463,195
7464,195
7465,195
7466,195
7467,195
7468,195
7469,195
7470,195
7471,195
7472,195
7473,195
7474,195
7475,195
7476,195
7477,195
7478,195
7479,195
7480,195
7481,195
7482,195
7483,195
7484,195
7485,195
7486,195
7487,195
7488,195
7489,195
7490,195
7491,195
7492,195
7493,195
7494,195
7495,195
7496,195
7497,195
7498,195
7499,195
7500,195
7501,195
7502,195
7503,195
7504,195
7505,195
7506,195
7507,195
7508,195
7509,195
7510,195
7511,195
7512,195
7513,195
7514,195
7515,195
7516,195
7517,195
7518,195
7519,195
7520,195
7521,195
7522,195
7523,195
7524,195
7525,195
7526,195
7527,195
7528,195
7529,195
7530,195
7531,195
7532,195
7533,195
7534,195
7535,195
7536,195
7537,195
7538,195
7539,195
7540,195
7541,195
7542,195
7543,195
7544,195
7545,195
7546,195
7547,195
7548,195
7549,195
7550,195
7551,195
7552,195
7553,195
7554,195
7555,195
7556,195
7557,195
7558,195
7559,195
7560,195
7561,195
7562,195
7563,195
7564,195
7565,195
7566,195
7567,195
7568,195
7569,195
7570,195
7571,195
7572,195
7573,195
7574,195
7575,195
7576,195
7577,195
7578,195
7579,195
7580,195
7581,195
7582,195
7583,195
7584,195
7585,195
7586,195
7587,195
7588,195
7589,195
7590,195
7591,195
7592,195
7593,195
7594,195
7595,195
7596,195
7597,195
7598,195
7599,195
7600,195
7601,195
7602,195
7603,195
7604,195
7605,195
7606,195
7607,195
7608,195
7609,195
7610,195
7611,195
7612,195
7613,195
7614,195
7615,195
7616,195
7617,195
7618,195
7619,195
7620,195
7621,195
7622,195
7623,195
7624,195
7625,195
7626,195
7627,195
7628,195
7629,195
7630,195
7631,195
7632,195
7633,195
7634,195
7635,195
7636,195
7637,195
7638,195
7639,195
7640,195
7641,195
7642,195
7643,195
7644,195
7645,195
7646,195
7647,195
7648,195
7649,195
7650,195
7651,195
7652,195
7653,195
7654,195
7655,195
7656,195
7657,195
7658,195
7659,195
7660,195
7661,195
7662,195
7663,195
7664,195
7665,195
7666,195
7667,195
7668,195
7669,195
7670,195
7671,195
7672,195
7673,195
7674,195
7675,195
7676,195
7677,195
7678,195
7679,195
7680,195
7681,195
7682,195
7683,195
7684,195
7685,195
7686,195
7687,195
7688,195
7689,195
7690,195
7691,195
7692,195
7693,195
7694,195
7695,195
7696,195
7697,195
7698,195
7699,195
7700,195
7701,195
7702,195
7703,195
7704,195
7705,195
7706,195
7707,195
7708,195
7709,195
7710,195
7711,195
7712,195
7713,195
7714,195
7715,195
7716,195
7717,195
7718,195
7719,195
7720,195
7721,195
7722,195
7723,195
7724,195
7725,195
7726,195
7727,195
7728,195
7729,195
7730,195
7731,195
7732,195
7733,195
7734,195
7735,195
7736,195
7737,195
7738,195
7739,195
7740,195
7741,195
7742,195
7743,195
7744,195
7745,195
7746,195
7747,195
7748,195
7749,195
7750,195
7751,195
7752,195
7753,195
7754,195
7755,195
7756,195
7757,195
7758,195
7759,195
7760,195
7761,195
7762,195
7763,195
7764,195
7765,195
7766,195
7767,195
7768,195
7769,195
7770,195
7771,195
7772,195
7773,195
7774,195
7775,195
7776,195
7777,195
7778,195
7779,195
7780,195
7781,195
7782,195
7783,195
7784,195
7785,195
7786,195
7787,195
7788,195
7789,195
7790,195
7791,195
7792,195
7793,195
7794,195
7795,195
7796,195
7797,195
7798,195
7799,195
7800,195
7801,195
7802,195
7803,195
7804,195
7805,195
7806,195
7807,195
7808,195
7809,195
7810,195
7811,195
7812,195
7813,195
7814,195
7815,195
7816,195
7817,195
7818,195
7819,195
7820,195
7821,195
7822,195
7823,195
7824,195
7825,195
7826,195
7827,195
7828,195
7829,195
7830,195
7831,195
7832,195
7833,195
7834,195
7835,195
7836,195
7837,195
7838,195
7839,195
7840,195
7841,195
7842,195
7843,195
7844,195
7845,195
7846,195
7847,195
7848,195
7849,195
7850,195
7851,195
7852,195
7853,195
7854,195
7855,195
7856,195
7857,195
7858,195
7859,195
7860,195
7861,195
7862,195
7863,195
7864,195
7865,195
7866,195
7867,195
7868,195
7869,195
7870,195
7871,195
7872,195
7873,195
7874,195
7875,195
7876,195
7877,195
7878,195
7879,195
7880,195
7881,195
7882,195
7883,195
7884,195
7885,195
7886,195
7887,195
7888,195
7889,195
7890,195
7891,195
7892,195
7893,195
7894,195
7895,195
7896,195
7897,195
7898,195
7899,195
7900,195
7901,195
7902,195
7903,195
7904,195
7905,195
7906,195
7907,195
7908,195
7909,195
7910,195
7911,195
7912,195
7913,195
7914,195
7915,195
7916,195
7917,195
7918,195
7919,195
7920,195
7921,195
7922,195
7923,195
7924,195
7925,195
7926,195
7927,195
7928,195
7929,195
7930,195
7931,195
7932,195
7933,195
7934,195
7935,195
7936,195
7937,195
7938,195
7939,195
7940,195
7941,195
7942,195
7943,195
7944,195
7945,195
7946,195
7947,195
7948,195
7949,195
7950,195
7951,195
7952,195
7953,195
7954,195
7955,195
7956,195
7957,195
7958,195
7959,195
7960,195
7961,195
7962,195
7963,195
7964,195
7965,195
7966,195
7967,195
7968,195
7969,195
7970,195
7971,195
7972,195
7973,195
7974,195
7975,195
7976,195
7977,195
7978,195
7979,195
7980,195
7981,195
7982,195
7983,195
7984,195
7985,195
7986,195
7987,195
7988,195
7989,195
7990,195
7991,195
7992,195
7993,195
7994,195
7995,195
7996,195
7997,195
7998,195
7999,195
8000,195
8001,195
8002,195
8003,195
8004,195
8005,195
8006,195
8007,195
8008,195
8009,195
8010,195
8011,195
8012,195
8013,195
8014,195
8015,195
8016,195
8017,195
8018,195
8019,195
8020,195
8021,195
8022,195
8023,195
8024,195
8025,195
8026,195
8027,195
8028,195
8029,195
8030,195
8031,195
8032,195
8033,195
8034,195
8035,195
8036,195
8037,195
8038,195
8039,195
8040,195
8041,195
8042,195
8043,195
8044,195
8045,195
8046,195
8047,195
8048,195
8049,195
8050,195
8051,195
8052,195
8053,195
8054,195
8055,195
8056,195
8057,195
8058,195
8059,195
8060,195
8061,195
8062,195
8063,195
8064,195
8065,195
8066,195
8067,195
8068,195
8069,195
8070,195
8071,195
8072,195
8073,195
8074,195
8075,195
8076,195
8077,195
8078,195
8079,195
8080,195
8081,195
8082,195
8083,195
8084,195
8085,195
8086,195
8087,195
8088,195
8089,195
8090,195
8091,195
8092,195
8093,195
8094,195
8095,195
8096,195
8097,195
8098,195
8099,195
8100,195
8101,195
8102,195
8103,195
8104,195
8105,195
8106,195
8107,195
8108,195
8109,195
8110,195
8111,195
8112,195
8113,195
8114,195
8115,195
8116,195
8117,195
8118,195
8119,195
8120,195
8121,195
8122,195
8123,195
8124,195
8125,195
8126,195
8127,195
8128,195
8129,195
8130,195
8131,195
8132,195
8133,195
8134,195
8135,195
8136,195
8137,195
8138,195
8139,195
8140,195
8141,195
8142,195
8143,195
8144,195
8145,195
8146,195
8147,195
8148,195
8149,195
8150,195
8151,195
8152,195
8153,195
8154,195
8155,195
8156,195
8157,195
8158,195
8159,195
8160,195
8161,195
8162,195
8163,195
8164,195
8165,195
8166,195
8167,195
8168,195
8169,195
8170,195
8171,195
8172,195
8173,195
8174,195
8175,195
8176,195
8177,195
8178,195
8179,195
8180,195
8181,195
8182,195
8183,195
8184,195
8185,195
8186,195
8187,195
8188,195
8189,195
8190,195
8191,195
8192,195
8193,195
8194,195
8195,195
8196,195
8197,195
8198,195
8199,195
8200,195
8201,195
8202,195
8203,195
8204,195
8205,195
8206,195
8207,195
8208,195
8209,195
8210,195
8211,195
8212,195
8213,195
8214,195
8215,195
8216,195
8217,195
8218,195
8219,195
8220,195
8221,195
8222,195
8223,195
8224,195
8225,195
8226,195
8227,195
8228,195
8229,195
8230,195
8231,195
8232,195
8233,195
8234,195
8235,195
8236,195
8237,195
8238,195
8239,195
8240,195
8241,195
8242,195
8243,195
8244,195
8245,195
8246,195
8247,195
8248,195
8249,195
8250,195
8251,195
8252,195
8253,195
8254,195
8255,195
8256,195
8257,195
8258,195
8259,195
8260,195
8261,195
8262,195
8263,195
8264,195
8265,195
8266,195
8267,195
8268,195
8269,195
8270,195
8271,195
8272,195
8273,195
8274,195
8275,195
8276,195
8277,195
8278,195
8279,195
8280,195
8281,195
8282,195
8283,195
8284,195
8285,195
8286,195
8287,195
8288,195
8289,195
8290,195
8291,195
8292,195
8293,195
8294,195
8295,195
8296,195
8297,195
8298,195
8299,195
8300,195
8301,195
8302,195
8303,195
8304,195
8305,195
8306,195
8307,195
8308,195
8309,195
8310,195
8311,195
8312,195
8313,195
8314,195
8315,195
8316,195
8317,195
8318,195
8319,195
8320,195
8321,195
8322,195
8323,195
8324,195
8325,195
8326,195
8327,195
8328,195
8329,195
8330,195
8331,195
8332,195
8333,195
8334,195
8335,195
8336,195
8337,195
8338,195
8339,195
8340,195
8341,195
8342,195
8343,195
8344,195
8345,195
8346,195
8347,195
8348,195
8349,195
8350,195
8351,195
8352,195
8353,195
8354,195
8355,195
8356,195
8357,195
8358,195
8359,195
8360,195
8361,195
8362,195
8363,195
8364,195
8365,195
8366,195
8367,195
8368,195
8369,195
8370,195
8371,195
8372,195
8373,195
8374,195
8375,195
8376,195
8377,195
8378,195
8379,195
8380,195
8381,195
8382,195
8383,195
8384,195
8385,195
8386,195
8387,195
8388,195
8389,195
8390,195
8391,195
8392,195
8393,195
8394,195
8395,195
8396,195
8397,195
8398,195
8399,195
8400,195
8401,195
8402,195
8403,195
8404,195
8405,195
8406,195
8407,195
8408,195
8409,195
8410,195
8411,195
8412,195
8413,195
8414,195
8415,195
8416,195
8417,195
8418,195
8419,195
8420,195
8421,195
8422,195
8423,195
8424,195
8425,195
8426,195
8427,195
8428,195
8429,195
8430,195
8431,195
8432,195
8433,195
8434,195
8435,195
8436,195
8437,195
8438,195
8439,195
8440,195
8441,195
8442,195
8443,195
8444,195
8445,195
8446,195
8447,195
8448,195
8449,195
8450,195
8451,195
8452,195
8453,195
8454,195
8455,195
8456,195
8457,195
8458,195
8459,195
8460,195
8461,195
8462,195
8463,195
8464,195
8465,195
8466,195
8467,195
8468,195
8469,195
8470,195
8471,195
8472,195
8473,195
8474,195
8475,195
8476,195
8477,195
8478,195
8479,195
8480,195
8481,195
8482,195
8483,195
8484,195
8485,195
8486,195
8487,195
8488,195
8489,195
8490,195
8491,195
8492,195
8493,195
8494,195
8495,195
8496,195
8497,195
8498,195
8499,195
8500,195
8501,195
8502,195
8503,195
8504,195
8505,195
8506,195
8507,195
8508,195
8509,195
8510,195
8511,195
8512,195
8513,195
8514,195
8515,195
8516,195
8517,195
8518,195
8519,195
8520,195
8521,195
8522,195
8523,195
8524,195
8525,195
8526,195
8527,195
8528,195
8529,195
8530,195
8531,195
8532,195
8533,195
8534,195
8535,195
8536,195
8537,195
8538,195
8539,195
8540,195
8541,195
8542,195
8543,195
8544,195
8545,195
8546,195
8547,195
8548,195
8549,195
8550,195
8551,195
8552,195
8553,195
8554,195
8555,195
8556,195
8557,195
8558,195
8559,195
8560,195
8561,195
8562,195
8563,195
8564,195
8565,195
8566,195
8567,195
8568,195
8569,195
8570,195
8571,195
8572,195
8573,195
8574,195
8575,195
8576,195
8577,195
8578,195
8579,195
8580,195
8581,195
8582,195
8583,195
8584,195
8585,195
8586,195
8587,195
8588,195
8589,195
8590,195
8591,195
8592,195
8593,195
8594,195
8595,195
8596,195
8597,195
8598,195
8599,195
8600,195
8601,195
8602,195
8603,195
8604,195
8605,194
8606,194
8607,194
8608,194
8609,194
8610,194
8611,194
8612,194
8613,194
8614,194
8615,194
8616,194
8617,194
8618,194
8619,194
8620,194
8621,194
8622,194
8623,194
8624,194
8625,194
8626,194
8627,194
8628,194
8629,194
8630,194
8631,194
8632,194
8633,194
8634,194
8635,194
8636,194
8637,194
8638,194
8639,194
8640,194
8641,194
8642,194
8643,194
8644,194
8645,194
8646,194
8647,194
8648,194
8649,194
8650,194
8651,194
8652,194
8653,194
8654,194
8655,194
8656,194
8657,194
8658,194
8659,194
8660,194
8661,194
8662,194
8663,194
8664,194
8665,194
8666,194
8667,194
8668,194
8669,194
8670,194
8671,194
8672,194
8673,194
8674,194
8675,194
8676,194
8677,194
8678,194
8679,194
8680,194
8681,194
8682,194
8683,194
8684,194
8685,194
8686,194
8687,194
8688,194
8689,194
8690,194
8691,194
8692,194
8693,194
8694,194
8695,194
8696,194
8697,194
8698,194
8699,194
8700,194
8701,194
8702,194
8703,194
8704,194
8705,194
8706,194
8707,194
8708,194
8709,194
8710,194
8711,194
8712,194
8713,194
8714,194
8715,194
8716,194
8717,194
8718,194
8719,194
8720,194
8721,194
8722,194
8723,194
8724,194
8725,194
8726,194
8727,194
8728,194
8729,194
8730,194
8731,194
8732,194
8733,194
8734,194
8735,194
8736,194
8737,194
8738,194
8739,194
8740,194
8741,194
8742,194
8743,194
8744,194
8745,194
8746,194
8747,194
8748,194
8749,194
8750,194
8751,194
8752,194
8753,194
8754,194
8755,194
8756,194
8757,194
8758,194
8759,194
8760,194
8761,194
8762,194
8763,194
8764,194
8765,194
8766,194
8767,194
8768,194
8769,194
8770,194
8771,194
8772,194
8773,194
8774,194
8775,194
8776,194
8777,194
8778,194
8779,194
8780,194
8781,194
8782,194
8783,194
8784,194
8785,194
8786,194
8787,194
8788,194
8789,194
8790,194
8791,194
8792,194
8793,194
8794,194
8795,194
8796,194
8797,194
8798,194
8799,194
8800,194
8801,194
8802,194
8803,194
8804,194
8805,194
8806,194
8807,194
8808,194
8809,194
8810,194
8811,194
8812,194
8813,194
8814,194
8815,194
8816,194
8817,194
8818,194
8819,194
8820,194
8821,194
8822,194
8823,194
8824,194
8825,194
8826,194
8827,194
8828,194
8829,194
8830,194
8831,194
8832,194
8833,194
8834,194
8835,194
8836,194
8837,194
8838,194
8839,194
8840,194
8841,194
8842,194
8843,194
8844,194
8845,194
8846,194
8847,194
8848,194
8849,194
8850,194
8851,194
8852,194
8853,194
8854,194
8855,194
8856,194
8857,194
8858,194
8859,194
8860,194
8861,194
8862,194
8863,194
8864,194
8865,194
8866,194
8867,194
8868,194
8869,194
8870,194
8871,194
8872,194
8873,194
8874,194
8875,194
8876,194
8877,194
8878,194
8879,194
8880,194
8881,194
8882,194
8883,194
8884,194
8885,194
8886,194
8887,194
8888,194
8889,194
8890,194
8891,194
8892,194
8893,194
8894,194
8895,194
8896,194
8897,194
8898,194
8899,194
8900,194
8901,194
8902,194
8903,194
8904,194
8905,194
8906,194
8907,194
8908,194
8909,194
8910,194
8911,194
8912,194
8913,194
8914,194
8915,194
8916,194
8917,194
8918,194
8919,194
8920,194
8921,194
8922,194
8923,194
8924,194
8925,193
8926,193
8927,193
8928,193
8929,193
8930,193
8931,193
8932,193
8933,193
8934,193
8935,193
8936,193
8937,193
8938,193
8939,193
8940,193
8941,193
8942,193
8943,193
8944,193
8945,193
8946,193
8947,193
8948,193
8949,193
8950,193
8951,193
8952,193
8953,193
8954,193
8955,193
8956,193
8957,193
8958,193
8959,193
8960,193
8961,193
8962,193
8963,193
8964,193
8965,193
8966,193
8967,193
8968,193
8969,193
8970,193
8971,193
8972,193
8973,193
8974,193
8975,193
8976,193
8977,193
8978,193
8979,193
8980,193
8981,193
8982,193
8983,193
8984,193
8985,193
8986,193
8987,193
8988,193
8989,193
8990,193
8991,193
8992,193
8993,193
8994,193
8995,193
8996,193
8997,193
8998,193
8999,193
9000,193
9001,193
9002,193
9003,193
9004,193
9005,193
9006,193
9007,193
9008,193
9009,193
9010,193
9011,193
9012,193
9013,193
9014,193
9015,193
9016,193
9017,193
9018,193
9019,193
9020,193
9021,193
9022,193
9023,193
9024,193
9025,193
9026,193
9027,193
9028,193
9029,193
9030,193
9031,193
9032,193
9033,193
9034,193
9035,193
9036,193
9037,193
9038,193
9039,193
9040,193
9041,193
9042,193
9043,193
9044,193
9045,193
9046,193
9047,193
9048,193
9049,193
9050,193
9051,193
9052,193
9053,193
9054,193
9055,193
9056,193
9057,193
9058,193
9059,193
9060,193
9061,193
9062,193
9063,193
9064,193
9065,193
9066,193
9067,193
9068,193
9069,193
9070,193
9071,193
9072,193
9073,193
9074,193
9075,193
9076,193
9077,193
9078,193
9079,193
9080,193
9081,193
9082,193
9083,193
9084,193
9085,193
9086,193
9087,193
9088,193
9089,193
9090,193
9091,193
9092,193
9093,193
9094,193
9095,193
9096,193
9097,193
9098,193
9099,193
9100,193
9101,193
9102,193
9103,193
9104,193
9105,193
9106,193
9107,193
9108,193
9109,193
9110,193
9111,193
9112,193
9113,193
9114,193
9115,193
9116,193
9117,193
9118,193
9119,193
9120,193
9121,193
9122,193
9123,193
9124,193
9125,193
9126,193
9127,193
9128,193
9129,193
9130,193
9131,193
9132,193
9133,193
9134,193
9135,193
9136,193
9137,193
9138,193
9139,193
9140,193
9141,193
9142,193
9143,193
9144,193
9145,193
9146,193
9147,193
9148,193
9149,193
9150,193
9151,193
9152,193
9153,193
9154,193
9155,193
9156,193
9157,193
9158,193
9159,193
9160,193
9161,193
9162,193
9163,193
9164,193
9165,193
9166,193
9167,193
9168,193
9169,193
9170,193
9171,193
9172,193
9173,193
9174,193
9175,193
9176,193
9177,193
9178,193
9179,193
9180,193
9181,193
9182,193
9183,193
9184,193
9185,193
9186,193
9187,193
9188,193
9189,193
9190,193
9191,193
9192,193
9193,193
9194,193
9195,193
9196,193
9197,193
9198,193
9199,193
9200,193
9201,193
9202,193
9203,193
9204,193
9205,193
9206,193
9207,193
9208,193
9209,193
9210,193
9211,193
9212,193
9213,193
9214,193
9215,193
9216,193
9217,193
9218,193
9219,193
9220,193
9221,193
9222,193
9223,193
9224,193
9225,193
9226,193
9227,193
9228,193
9229,193
9230,193
9231,193
9232,193
9233,193
9234,193
9235,193
9236,193
9237,193
9238,193
9239,193
9240,193
9241,193
9242,193
9243,193
9244,193
9245,193
9246,193
9247,193
9248,193
9249,193
9250,193
9251,193
9252,193
9253,193
9254,193
9255,193
9256,193
9257,193
9258,193
9259,193
9260,193
9261,193
9262,193
9263,193
9264,193
9265,193
9266,193
9267,193
9268,193
9269,193
9270,193
9271,193
9272,193
9273,193
9274,193
9275,193
9276,193
9277,193
9278,193
9279,193
9280,193
9281,193
9282,193
9283,193
9284,193
9285,193
9286,193
9287,193
9288,193
9289,193
9290,193
9291,193
9292,193
9293,193
9294,193
9295,193
9296,193
9297,193
9298,193
9299,193
9300,193
9301,193
9302,193
9303,193
9304,193
9305,193
9306,193
9307,193
9308,193
9309,193
9310,193
9311,193
9312,193
9313,193
9314,193
9315,193
9316,193
9317,193
9318,193
9319,193
9320,193
9321,193
9322,193
9323,193
9324,193
9325,193
9326,193
9327,193
9328,193
9329,193
9330,193
9331,193
9332,193
9333,193
9334,193
9335,193
9336,193
9337,193
9338,193
9339,193
9340,193
9341,193
9342,193
9343,193
9344,193
9345,193
9346,193
9347,193
9348,193
9349,193
9350,193
9351,193
9352,193
9353,193
9354,193
9355,193
9356,193
9357,193
9358,193
9359,193
9360,193
9361,193
9362,193
9363,193
9364,193
9365,193
9366,193
9367,193
9368,193
9369,193
9370,193
9371,193
9372,193
9373,193
9374,193
9375,193
9376,193
9377,193
9378,193
9379,193
9380,193
9381,193
9382,193
9383,193
9384,193
9385,193
9386,193
9387,193
9388,193
9389,193
9390,193
9391,193
9392,193
9393,193
9394,193
9395,193
9396,193
9397,193
9398,193
9399,193
9400,193
9401,193
9402,193
9403,193
9404,193
9405,193
9406,193
9407,193
9408,193
9409,193
9410,193
9411,193
9412,193
9413,193
9414,193
9415,193
9416,193
9417,193
9418,193
9419,193
9420,193
9421,193
9422,193
9423,193
9424,193
9425,193
9426,193
9427,193
9428,193
9429,193
9430,193
9431,193
9432,193
9433,193
9434,193
9435,193
9436,193
9437,193
9438,193
9439,193
9440,193
9441,193
9442,193
9443,193
9444,193
9445,193
9446,193
9447,193
9448,193
9449,193
9450,193
9451,193
9452,193
9453,193
9454,193
9455,193
9456,193
9457,193
9458,193
9459,193
9460,193
9461,193
9462,193
9463,193
9464,193
9465,193
9466,193
9467,193
9468,193
9469,193
9470,193
9471,193
9472,193
9473,193
9474,193
9475,193
9476,193
9477,193
9478,193
9479,193
9480,193
9481,193
9482,193
9483,193
9484,193
9485,193
9486,193
9487,193
9488,193
9489,193
9490,193
9491,193
9492,193
9493,193
9494,193
9495,193
9496,193
9497,193
9498,193
9499,193
9500,193
9501,193
9502,193
9503,193
9504,193
9505,193
9506,193
9507,193
9508,193
9509,193
9510,193
9511,193
9512,193
9513,193
9514,193
9515,193
9516,193
9517,193
9518,193
9519,193
9520,193
9521,193
9522,193
9523,193
9524,193
9525,193
9526,193
9527,193
9528,193
9529,193
9530,193
9531,193
9532,193
9533,193
9534,193
9535,193
9536,193
9537,193
9538,193
9539,193
9540,193
9541,193
9542,193
9543,193
9544,193
9545,193
9546,193
9547,193
9548,193
9549,193
9550,193
9551,193
9552,193
9553,193
9554,193
9555,193
9556,193
9557,193
9558,193
9559,193
9560,193
9561,193
9562,193
9563,193
9564,193
9565,193
9566,193
9567,193
9568,193
9569,193
9570,193
9571,193
9572,193
9573,193
9574,193
9575,193
9576,193
9577,193
9578,193
9579,193
9580,193
9581,193
9582,193
9583,193
9584,193
9585,193
9586,193
9587,193
9588,193
9589,193
9590,193
9591,193
9592,193
9593,193
9594,193
9595,193
9596,193
9597,193
9598,193
9599,193
9600,193
9601,193
9602,193
9603,193
9604,193
9605,193
9606,193
9607,193
9608,193
9609,193
9610,193
9611,193
9612,193
9613,193
9614,193
9615,193
9616,193
9617,193
9618,193
9619,193
9620,193
9621,193
9622,193
9623,193
9624,193
9625,193
9626,193
9627,193
9628,193
9629,193
9630,193
9631,193
9632,193
9633,193
9634,193
9635,193
9636,193
9637,193
9638,193
9639,193
9640,193
9641,193
9642,193
9643,193
9644,193
9645,193
9646,193
9647,193
9648,193
9649,193
9650,193
9651,193
9652,193
9653,193
9654,193
9655,193
9656,193
9657,193
9658,193
9659,193
9660,193
9661,193
9662,193
9663,193
9664,193
9665,193
9666,193
9667,193
9668,193
9669,193
9670,193
9671,193
9672,193
9673,193
9674,193
9675,193
9676,193
9677,193
9678,193
9679,193
9680,193
9681,193
9682,193
9683,193
9684,193
9685,193
9686,193
9687,193
9688,193
9689,193
9690,193
9691,193
9692,193
9693,193
9694,193
9695,193
9696,193
9697,193
9698,193
9699,193
9700,193
9701,193
9702,193
9703,193
9704,193
9705,193
9706,193
9707,193
9708,193
9709,193
9710,193
9711,193
9712,193
9713,193
9714,193
9715,193
9716,193
9717,193
9718,193
9719,193
9720,193
9721,193
9722,193
9723,193
9724,193
9725,193
9726,193
9727,193
9728,193
9729,193
9730,193
9731,193
9732,193
9733,193
9734,193
9735,193
9736,193
9737,193
9738,193
9739,193
9740,193
9741,193
9742,193
9743,193
9744,193
9745,193
9746,193
9747,193
9748,193
9749,193
9750,193
9751,193
9752,193
9753,193
9754,193
9755,193
9756,193
9757,193
9758,193
9759,193
9760,193
9761,193
9762,193
9763,193
9764,193
9765,193
9766,193
9767,193
9768,193
9769,193
9770,193
9771,193
9772,193
9773,193
9774,193
9775,193
9776,193
9777,193
9778,193
9779,193
9780,193
9781,193
9782,193
9783,193
9784,193
9785,193
9786,193
9787,193
9788,193
9789,193
9790,193
9791,193
9792,193
9793,193
9794,193
9795,193
9796,193
9797,193
9798,193
9799,193
9800,193
9801,193
9802,193
9803,193
9804,193
9805,193
9806,193
9807,193
9808,193
9809,193
9810,193
9811,193
9812,193
9813,193
9814,193
9815,193
9816,193
9817,193
9818,193
9819,193
9820,193
9821,193
9822,193
9823,193
9824,193
9825,193
9826,193
9827,193
9828,193
9829,193
9830,193
9831,193
9832,193
9833,193
9834,193
9835,193
9836,193
9837,193
9838,193
9839,193
9840,193
9841,193
9842,193
9843,193
9844,193
9845,193
9846,193
9847,193
9848,193
9849,193
9850,193
9851,193
9852,193
9853,193
9854,193
9855,193
9856,193
9857,193
9858,193
9859,193
9860,193
9861,193
9862,193
9863,193
9864,193
9865,193
9866,193
9867,193
9868,193
9869,193
9870,193
9871,193
9872,193
9873,193
9874,193
9875,193
9876,193
9877,193
9878,193
9879,193
9880,193
9881,193
9882,193
9883,193
9884,193
9885,193
9886,193
9887,193
9888,193
9889,193
9890,193
9891,193
9892,193
9893,193
9894,193
9895,193
9896,193
9897,193
9898,193
9899,193
9900,193
9901,193
9902,193
9903,193
9904,193
9905,193
9906,193
9907,193
9908,193
9909,193
9910,193
9911,193
9912,193
9913,193
9914,193
9915,193
9916,193
9917,193
9918,193
9919,193
9920,193
9921,193
9922,193
9923,193
9924,193
9925,193
9926,193
9927,193
9928,193
9929,193
9930,193
9931,193
9932,193
9933,193
9934,193
9935,193
9936,193
9937,193
9938,193
9939,193
9940,193
9941,193
9942,193
9943,193
9944,193
9945,193
9946,193
9947,193
9948,193
9949,193
9950,193
9951,193
9952,193
9953,193
9954,193
9955,193
9956,193
9957,193
9958,193
9959,193
9960,193
9961,193
9962,193
9963,193
9964,193
9965,193
9966,193
9967,193
9968,193
9969,193
9970,193
9971,193
9972,193
9973,193
9974,193
9975,193
9976,193
9977,193
9978,193
9979,193
9980,193
9981,193
9982,193
9983,193
9984,193
9985,193
9986,193
9987,193
9988,193
9989,193
9990,193
9991,193
9992,193
9993,193
9994,193
9995,193
9996,193
9997,193
9998,193
9999,193
