,pso
0,301
1,301
2,301
3,301
4,301
5,301
6,301
7,301
8,301
9,301
10,301
11,301
12,301
13,301
14,301
15,301
16,301
17,301
18,301
19,301
20,301
21,301
22,301
23,301
24,301
25,301
26,301
27,301
28,301
29,301
30,301
31,301
32,301
33,301
34,301
35,301
36,301
37,301
38,301
39,301
40,301
41,301
42,301
43,301
44,301
45,301
46,301
47,301
48,301
49,301
50,301
51,301
52,301
53,301
54,301
55,301
56,301
57,301
58,301
59,301
60,301
61,301
62,301
63,301
64,301
65,301
66,301
67,301
68,301
69,301
70,301
71,301
72,301
73,301
74,301
75,301
76,301
77,301
78,301
79,301
80,301
81,301
82,301
83,301
84,301
85,301
86,301
87,301
88,301
89,301
90,301
91,301
92,301
93,301
94,301
95,301
96,301
97,301
98,301
99,301
100,301
101,301
102,301
103,301
104,301
105,301
106,301
107,301
108,301
109,301
110,301
111,301
112,301
113,301
114,301
115,301
116,301
117,301
118,301
119,301
120,301
121,301
122,301
123,301
124,301
125,301
126,301
127,301
128,301
129,301
130,301
131,301
132,301
133,301
134,301
135,301
136,301
137,301
138,301
139,301
140,301
141,301
142,301
143,301
144,301
145,301
146,301
147,301
148,301
149,301
150,301
151,301
152,301
153,301
154,301
155,301
156,301
157,301
158,301
159,301
160,301
161,301
162,301
163,301
164,301
165,301
166,301
167,301
168,301
169,301
170,301
171,301
172,301
173,301
174,301
175,301
176,301
177,301
178,301
179,301
180,301
181,301
182,301
183,301
184,301
185,301
186,301
187,301
188,301
189,301
190,301
191,301
192,301
193,301
194,301
195,301
196,301
197,301
198,301
199,301
200,301
201,301
202,301
203,301
204,301
205,301
206,301
207,301
208,301
209,301
210,301
211,301
212,301
213,301
214,301
215,301
216,301
217,301
218,301
219,301
220,301
221,301
222,301
223,301
224,301
225,301
226,301
227,301
228,301
229,301
230,301
231,301
232,301
233,301
234,301
235,301
236,301
237,301
238,301
239,301
240,301
241,301
242,301
243,301
244,301
245,301
246,301
247,301
248,301
249,301
250,301
251,301
252,301
253,301
254,301
255,301
256,301
257,301
258,301
259,301
260,301
261,301
262,301
263,301
264,301
265,301
266,301
267,301
268,301
269,301
270,301
271,301
272,301
273,301
274,301
275,301
276,301
277,301
278,301
279,301
280,301
281,301
282,301
283,301
284,301
285,301
286,301
287,301
288,301
289,301
290,301
291,301
292,301
293,301
294,301
295,301
296,301
297,301
298,301
299,301
300,301
301,301
302,301
303,301
304,301
305,301
306,301
307,301
308,301
309,301
310,301
311,301
312,301
313,301
314,301
315,301
316,301
317,301
318,301
319,301
320,301
321,301
322,301
323,301
324,301
325,301
326,301
327,301
328,301
329,301
330,301
331,301
332,301
333,301
334,301
335,301
336,301
337,301
338,301
339,301
340,301
341,301
342,301
343,301
344,301
345,301
346,301
347,301
348,301
349,301
350,301
351,301
352,301
353,301
354,301
355,301
356,301
357,301
358,301
359,301
360,301
361,301
362,301
363,301
364,301
365,301
366,301
367,301
368,301
369,301
370,301
371,301
372,301
373,301
374,301
375,301
376,301
377,301
378,301
379,301
380,301
381,301
382,301
383,301
384,301
385,301
386,301
387,301
388,301
389,301
390,301
391,301
392,301
393,301
394,301
395,301
396,301
397,301
398,301
399,301
400,301
401,301
402,301
403,301
404,301
405,301
406,301
407,301
408,301
409,301
410,301
411,301
412,301
413,301
414,301
415,301
416,301
417,301
418,301
419,301
420,301
421,301
422,301
423,301
424,301
425,301
426,301
427,301
428,301
429,301
430,301
431,301
432,301
433,301
434,301
435,301
436,301
437,301
438,301
439,301
440,301
441,301
442,301
443,301
444,301
445,301
446,301
447,301
448,301
449,301
450,301
451,301
452,301
453,301
454,301
455,301
456,301
457,301
458,301
459,301
460,301
461,301
462,301
463,301
464,301
465,301
466,301
467,301
468,301
469,301
470,301
471,301
472,301
473,301
474,301
475,301
476,301
477,301
478,301
479,301
480,301
481,301
482,301
483,301
484,301
485,301
486,301
487,301
488,301
489,301
490,301
491,301
492,301
493,301
494,301
495,301
496,301
497,301
498,301
499,301
500,301
501,301
502,301
503,301
504,301
505,301
506,301
507,301
508,301
509,301
510,301
511,301
512,301
513,301
514,301
515,301
516,301
517,301
518,301
519,301
520,301
521,301
522,301
523,301
524,301
525,301
526,301
527,301
528,301
529,301
530,301
531,301
532,301
533,301
534,301
535,301
536,301
537,301
538,301
539,301
540,301
541,301
542,301
543,301
544,301
545,301
546,301
547,301
548,301
549,301
550,301
551,301
552,301
553,301
554,301
555,301
556,301
557,301
558,301
559,301
560,301
561,301
562,301
563,301
564,301
565,301
566,301
567,301
568,301
569,301
570,301
571,301
572,301
573,301
574,301
575,301
576,301
577,301
578,301
579,301
580,301
581,301
582,301
583,301
584,301
585,301
586,301
587,301
588,301
589,301
590,301
591,301
592,301
593,301
594,301
595,301
596,301
597,301
598,301
599,301
600,301
601,301
602,301
603,301
604,301
605,301
606,301
607,301
608,301
609,301
610,301
611,301
612,301
613,301
614,301
615,301
616,301
617,301
618,301
619,301
620,301
621,301
622,301
623,301
624,301
625,301
626,301
627,301
628,301
629,301
630,301
631,301
632,301
633,301
634,301
635,301
636,301
637,301
638,301
639,301
640,301
641,301
642,301
643,301
644,301
645,301
646,301
647,301
648,301
649,301
650,301
651,301
652,301
653,301
654,301
655,301
656,301
657,301
658,301
659,301
660,301
661,301
662,301
663,301
664,301
665,301
666,301
667,301
668,301
669,301
670,301
671,301
672,301
673,301
674,301
675,301
676,301
677,301
678,301
679,301
680,301
681,301
682,301
683,301
684,301
685,301
686,301
687,301
688,301
689,301
690,301
691,301
692,301
693,301
694,301
695,301
696,301
697,301
698,301
699,301
700,301
701,301
702,301
703,301
704,301
705,301
706,301
707,301
708,301
709,301
710,301
711,301
712,301
713,301
714,301
715,301
716,301
717,301
718,301
719,301
720,301
721,301
722,301
723,301
724,301
725,301
726,301
727,301
728,301
729,301
730,301
731,301
732,301
733,301
734,301
735,301
736,301
737,301
738,301
739,301
740,301
741,301
742,301
743,301
744,301
745,301
746,301
747,301
748,301
749,301
750,301
751,301
752,301
753,301
754,301
755,301
756,301
757,301
758,301
759,301
760,301
761,301
762,301
763,301
764,301
765,301
766,301
767,301
768,301
769,301
770,301
771,301
772,301
773,301
774,301
775,301
776,301
777,301
778,301
779,301
780,301
781,301
782,301
783,301
784,301
785,301
786,301
787,301
788,301
789,301
790,301
791,301
792,301
793,301
794,301
795,301
796,301
797,301
798,301
799,301
800,301
801,301
802,301
803,301
804,301
805,301
806,301
807,301
808,301
809,301
810,301
811,301
812,301
813,301
814,301
815,301
816,301
817,301
818,301
819,301
820,301
821,301
822,301
823,301
824,301
825,301
826,301
827,301
828,301
829,301
830,301
831,301
832,301
833,301
834,301
835,301
836,301
837,301
838,301
839,301
840,301
841,301
842,301
843,301
844,301
845,301
846,301
847,301
848,301
849,301
850,301
851,301
852,301
853,301
854,301
855,301
856,301
857,301
858,301
859,301
860,301
861,301
862,301
863,301
864,301
865,301
866,301
867,301
868,301
869,301
870,301
871,301
872,301
873,301
874,301
875,301
876,301
877,301
878,301
879,301
880,301
881,301
882,301
883,301
884,301
885,301
886,301
887,301
888,301
889,301
890,301
891,301
892,301
893,301
894,301
895,301
896,301
897,301
898,301
899,301
900,301
901,301
902,301
903,301
904,301
905,301
906,301
907,301
908,301
909,301
910,301
911,301
912,301
913,301
914,301
915,301
916,301
917,301
918,301
919,301
920,301
921,301
922,301
923,301
924,301
925,301
926,301
927,301
928,301
929,301
930,301
931,301
932,301
933,301
934,301
935,301
936,301
937,301
938,301
939,301
940,301
941,301
942,301
943,301
944,301
945,301
946,301
947,301
948,301
949,301
950,301
951,301
952,301
953,301
954,301
955,301
956,301
957,301
958,301
959,301
960,301
961,301
962,301
963,301
964,301
965,301
966,301
967,301
968,301
969,301
970,301
971,301
972,301
973,301
974,301
975,301
976,301
977,301
978,301
979,301
980,301
981,301
982,301
983,301
984,301
985,301
986,301
987,301
988,301
989,301
990,301
991,301
992,301
993,301
994,301
995,301
996,301
997,301
998,301
999,301
1000,301
1001,301
1002,301
1003,301
1004,301
1005,301
1006,301
1007,301
1008,301
1009,301
1010,301
1011,301
1012,301
1013,301
1014,301
1015,301
1016,301
1017,301
1018,301
1019,301
1020,301
1021,301
1022,301
1023,301
1024,301
1025,301
1026,301
1027,301
1028,301
1029,301
1030,301
1031,301
1032,301
1033,301
1034,301
1035,301
1036,301
1037,301
1038,301
1039,301
1040,301
1041,301
1042,301
1043,301
1044,301
1045,301
1046,301
1047,301
1048,301
1049,301
1050,301
1051,301
1052,301
1053,301
1054,301
1055,301
1056,301
1057,301
1058,301
1059,301
1060,301
1061,301
1062,301
1063,301
1064,301
1065,301
1066,301
1067,301
1068,301
1069,301
1070,301
1071,301
1072,301
1073,301
1074,301
1075,301
1076,301
1077,301
1078,301
1079,301
1080,301
1081,301
1082,301
1083,301
1084,301
1085,301
1086,301
1087,301
1088,301
1089,301
1090,301
1091,301
1092,301
1093,301
1094,301
1095,301
1096,301
1097,301
1098,301
1099,301
1100,301
1101,301
1102,301
1103,301
1104,301
1105,301
1106,301
1107,301
1108,301
1109,301
1110,301
1111,301
1112,301
1113,301
1114,301
1115,301
1116,301
1117,301
1118,301
1119,301
1120,301
1121,301
1122,301
1123,301
1124,301
1125,301
1126,301
1127,301
1128,301
1129,301
1130,301
1131,301
1132,301
1133,301
1134,301
1135,301
1136,301
1137,301
1138,301
1139,301
1140,301
1141,301
1142,301
1143,301
1144,301
1145,301
1146,301
1147,301
1148,301
1149,301
1150,301
1151,301
1152,301
1153,301
1154,301
1155,301
1156,301
1157,301
1158,301
1159,301
1160,301
1161,301
1162,301
1163,301
1164,301
1165,301
1166,301
1167,301
1168,301
1169,301
1170,301
1171,301
1172,301
1173,301
1174,301
1175,301
1176,301
1177,301
1178,301
1179,301
1180,301
1181,301
1182,301
1183,301
1184,301
1185,301
1186,301
1187,301
1188,301
1189,301
1190,301
1191,301
1192,301
1193,301
1194,301
1195,301
1196,301
1197,301
1198,301
1199,301
1200,301
1201,301
1202,301
1203,301
1204,301
1205,301
1206,301
1207,301
1208,301
1209,301
1210,301
1211,301
1212,301
1213,301
1214,301
1215,301
1216,301
1217,301
1218,301
1219,301
1220,301
1221,301
1222,301
1223,301
1224,301
1225,301
1226,301
1227,301
1228,301
1229,301
1230,301
1231,301
1232,301
1233,301
1234,301
1235,301
1236,301
1237,301
1238,301
1239,301
1240,301
1241,301
1242,301
1243,301
1244,301
1245,301
1246,301
1247,301
1248,301
1249,301
1250,301
1251,301
1252,301
1253,301
1254,301
1255,301
1256,301
1257,301
1258,301
1259,301
1260,301
1261,301
1262,301
1263,301
1264,301
1265,301
1266,301
1267,301
1268,301
1269,301
1270,301
1271,301
1272,301
1273,301
1274,301
1275,301
1276,301
1277,301
1278,301
1279,301
1280,301
1281,301
1282,301
1283,301
1284,301
1285,301
1286,301
1287,301
1288,301
1289,301
1290,301
1291,301
1292,301
1293,301
1294,300
1295,300
1296,300
1297,300
1298,300
1299,300
1300,299
1301,299
1302,299
1303,299
1304,299
1305,298
1306,298
1307,297
1308,297
1309,296
1310,296
1311,296
1312,295
1313,295
1314,294
1315,293
1316,292
1317,291
1318,290
1319,290
1320,290
1321,289
1322,287
1323,286
1324,286
1325,286
1326,285
1327,284
1328,284
1329,284
1330,284
1331,284
1332,282
1333,281
1334,278
1335,276
1336,274
1337,272
1338,270
1339,269
1340,267
1341,266
1342,265
1343,264
1344,262
1345,258
1346,258
1347,258
1348,258
1349,258
1350,258
1351,258
1352,258
1353,258
1354,258
1355,258
1356,258
1357,258
1358,258
1359,258
1360,258
1361,258
1362,258
1363,258
1364,258
1365,258
1366,258
1367,258
1368,258
1369,258
1370,258
1371,258
1372,258
1373,258
1374,258
1375,258
1376,258
1377,258
1378,258
1379,258
1380,258
1381,258
1382,258
1383,258
1384,258
1385,258
1386,258
1387,258
1388,258
1389,258
1390,258
1391,258
1392,258
1393,258
1394,258
1395,258
1396,258
1397,258
1398,258
1399,258
1400,258
1401,258
1402,258
1403,258
1404,258
1405,258
1406,258
1407,258
1408,258
1409,258
1410,258
1411,258
1412,258
1413,258
1414,258
1415,258
1416,258
1417,258
1418,258
1419,258
1420,258
1421,258
1422,258
1423,258
1424,258
1425,258
1426,258
1427,258
1428,258
1429,258
1430,258
1431,258
1432,258
1433,258
1434,258
1435,258
1436,258
1437,258
1438,258
1439,258
1440,258
1441,258
1442,258
1443,258
1444,258
1445,258
1446,258
1447,258
1448,258
1449,258
1450,258
1451,258
1452,258
1453,258
1454,258
1455,258
1456,258
1457,258
1458,258
1459,258
1460,258
1461,258
1462,258
1463,258
1464,258
1465,258
1466,258
1467,258
1468,258
1469,258
1470,258
1471,258
1472,258
1473,258
1474,258
1475,258
1476,258
1477,258
1478,258
1479,258
1480,258
1481,258
1482,258
1483,258
1484,258
1485,258
1486,258
1487,258
1488,258
1489,258
1490,258
1491,257
1492,257
1493,256
1494,255
1495,255
1496,254
1497,254
1498,254
1499,254
1500,254
1501,254
1502,254
1503,254
1504,253
1505,252
1506,252
1507,252
1508,252
1509,252
1510,251
1511,250
1512,248
1513,247
1514,247
1515,247
1516,246
1517,246
1518,244
1519,243
1520,243
1521,240
1522,237
1523,235
1524,233
1525,231
1526,229
1527,227
1528,225
1529,224
1530,223
1531,221
1532,218
1533,216
1534,213
1535,212
1536,208
1537,207
1538,207
1539,207
1540,207
1541,207
1542,207
1543,207
1544,207
1545,207
1546,207
1547,207
1548,207
1549,207
1550,207
1551,207
1552,207
1553,207
1554,207
1555,207
1556,207
1557,207
1558,207
1559,207
1560,207
1561,207
1562,207
1563,207
1564,207
1565,207
1566,207
1567,207
1568,207
1569,207
1570,207
1571,207
1572,207
1573,207
1574,207
1575,207
1576,207
1577,207
1578,207
1579,207
1580,207
1581,207
1582,207
1583,207
1584,207
1585,207
1586,207
1587,207
1588,207
1589,207
1590,207
1591,207
1592,207
1593,207
1594,206
1595,206
1596,206
1597,206
1598,205
1599,205
1600,204
1601,204
1602,204
1603,204
1604,204
1605,203
1606,203
1607,202
1608,201
1609,201
1610,200
1611,199
1612,198
1613,198
1614,198
1615,198
1616,198
1617,196
1618,195
1619,190
1620,189
1621,188
1622,187
1623,186
1624,185
1625,184
1626,180
1627,178
1628,176
1629,174
1630,172
1631,169
1632,166
1633,164
1634,163
1635,161
1636,159
1637,158
1638,155
1639,152
1640,149
1641,147
1642,147
1643,147
1644,147
1645,147
1646,147
1647,147
1648,147
1649,147
1650,147
1651,147
1652,147
1653,147
1654,147
1655,147
1656,147
1657,147
1658,147
1659,147
1660,147
1661,147
1662,147
1663,147
1664,147
1665,147
1666,147
1667,147
1668,147
1669,147
1670,147
1671,147
1672,147
1673,147
1674,147
1675,147
1676,147
1677,147
1678,147
1679,147
1680,147
1681,147
1682,147
1683,147
1684,147
1685,147
1686,147
1687,147
1688,147
1689,147
1690,147
1691,147
1692,147
1693,147
1694,147
1695,147
1696,147
1697,147
1698,147
1699,147
1700,147
1701,147
1702,147
1703,147
1704,147
1705,147
1706,147
1707,147
1708,147
1709,147
1710,147
1711,147
1712,147
1713,147
1714,147
1715,147
1716,147
1717,147
1718,147
1719,147
1720,147
1721,147
1722,147
1723,147
1724,147
1725,147
1726,147
1727,147
1728,147
1729,147
1730,147
1731,146
1732,146
1733,146
1734,146
1735,146
1736,146
1737,146
1738,146
1739,146
1740,146
1741,146
1742,146
1743,146
1744,146
1745,146
1746,146
1747,146
1748,146
1749,146
1750,146
1751,146
1752,146
1753,146
1754,146
1755,146
1756,146
1757,146
1758,146
1759,146
1760,146
1761,146
1762,145
1763,145
1764,145
1765,145
1766,145
1767,145
1768,145
1769,145
1770,145
1771,145
1772,145
1773,145
1774,145
1775,145
1776,145
1777,145
1778,145
1779,145
1780,145
1781,145
1782,145
1783,145
1784,145
1785,145
1786,145
1787,145
1788,145
1789,145
1790,145
1791,145
1792,144
1793,144
1794,144
1795,144
1796,144
1797,144
1798,144
1799,144
1800,144
1801,144
1802,144
1803,144
1804,144
1805,144
1806,144
1807,144
1808,144
1809,144
1810,144
1811,144
1812,144
1813,144
1814,144
1815,144
1816,144
1817,144
1818,144
1819,144
1820,144
1821,144
1822,144
1823,144
1824,144
1825,144
1826,144
1827,144
1828,144
1829,144
1830,144
1831,144
1832,144
1833,144
1834,144
1835,144
1836,144
1837,144
1838,144
1839,143
1840,143
1841,143
1842,143
1843,143
1844,143
1845,143
1846,143
1847,143
1848,143
1849,143
1850,143
1851,143
1852,143
1853,143
1854,143
1855,143
1856,143
1857,143
1858,143
1859,143
1860,143
1861,143
1862,143
1863,143
1864,143
1865,143
1866,143
1867,143
1868,143
1869,143
1870,143
1871,143
1872,143
1873,143
1874,143
1875,143
1876,143
1877,143
1878,143
1879,143
1880,143
1881,143
1882,143
1883,143
1884,143
1885,143
1886,143
1887,143
1888,143
1889,143
1890,143
1891,143
1892,143
1893,143
1894,143
1895,143
1896,143
1897,143
1898,143
1899,143
1900,143
1901,143
1902,143
1903,143
1904,143
1905,143
1906,142
1907,142
1908,142
1909,142
1910,142
1911,142
1912,142
1913,142
1914,142
1915,142
1916,142
1917,142
1918,142
1919,142
1920,142
1921,142
1922,142
1923,142
1924,142
1925,142
1926,142
1927,142
1928,142
1929,142
1930,142
1931,142
1932,142
1933,142
1934,142
1935,142
1936,142
1937,142
1938,142
1939,142
1940,142
1941,142
1942,142
1943,142
1944,142
1945,142
1946,142
1947,142
1948,142
1949,142
1950,142
1951,142
1952,142
1953,142
1954,142
1955,142
1956,142
1957,142
1958,142
1959,142
1960,142
1961,142
1962,142
1963,142
1964,142
1965,142
1966,142
1967,142
1968,142
1969,142
1970,142
1971,142
1972,142
1973,142
1974,142
1975,142
1976,142
1977,141
1978,141
1979,141
1980,141
1981,141
1982,141
1983,141
1984,141
1985,141
1986,141
1987,141
1988,141
1989,141
1990,141
1991,141
1992,141
1993,141
1994,141
1995,141
1996,141
1997,141
1998,141
1999,141
2000,141
2001,141
2002,141
2003,141
2004,141
2005,141
2006,141
2007,140
2008,140
2009,140
2010,140
2011,140
2012,140
2013,140
2014,140
2015,140
2016,140
2017,140
2018,140
2019,140
2020,140
2021,140
2022,140
2023,140
2024,140
2025,140
2026,140
2027,140
2028,140
2029,140
2030,140
2031,140
2032,140
2033,140
2034,140
2035,140
2036,140
2037,140
2038,140
2039,140
2040,140
2041,140
2042,140
2043,140
2044,140
2045,140
2046,140
2047,140
2048,140
2049,140
2050,140
2051,140
2052,140
2053,140
2054,140
2055,140
2056,140
2057,140
2058,140
2059,140
2060,140
2061,140
2062,140
2063,140
2064,140
2065,140
2066,140
2067,140
2068,140
2069,140
2070,140
2071,140
2072,140
2073,140
2074,140
2075,140
2076,140
2077,140
2078,140
2079,140
2080,140
2081,140
2082,140
2083,140
2084,140
2085,140
2086,140
2087,140
2088,140
2089,140
2090,140
2091,140
2092,140
2093,140
2094,140
2095,140
2096,140
2097,140
2098,140
2099,140
2100,140
2101,140
2102,140
2103,140
2104,140
2105,140
2106,140
2107,140
2108,140
2109,140
2110,140
2111,140
2112,140
2113,140
2114,140
2115,140
2116,140
2117,140
2118,140
2119,140
2120,140
2121,140
2122,140
2123,140
2124,140
2125,140
2126,140
2127,140
2128,140
2129,140
2130,140
2131,140
2132,140
2133,140
2134,140
2135,140
2136,140
2137,140
2138,140
2139,140
2140,140
2141,140
2142,140
2143,140
2144,140
2145,140
2146,140
2147,140
2148,140
2149,140
2150,140
2151,140
2152,140
2153,140
2154,140
2155,140
2156,140
2157,140
2158,140
2159,140
2160,140
2161,140
2162,140
2163,140
2164,140
2165,140
2166,140
2167,140
2168,140
2169,140
2170,140
2171,140
2172,140
2173,140
2174,140
2175,140
2176,140
2177,140
2178,140
2179,140
2180,140
2181,140
2182,140
2183,140
2184,140
2185,140
2186,139
2187,138
2188,138
2189,138
2190,138
2191,138
2192,135
2193,134
2194,132
2195,129
2196,124
2197,117
2198,117
2199,117
2200,113
2201,108
2202,105
2203,102
2204,99
2205,95
2206,90
2207,85
2208,84
2209,79
2210,77
2211,74
2212,70
2213,69
2214,69
2215,69
2216,69
2217,69
2218,69
2219,69
2220,69
2221,69
2222,69
2223,69
2224,69
2225,69
2226,69
2227,69
2228,69
2229,69
2230,69
2231,69
2232,69
2233,69
2234,69
2235,69
2236,69
2237,69
2238,68
2239,68
2240,68
2241,68
2242,68
2243,68
2244,68
2245,68
2246,68
2247,68
2248,68
2249,68
2250,68
2251,68
2252,68
2253,68
2254,68
2255,68
2256,68
2257,68
2258,68
2259,68
2260,68
2261,68
2262,68
2263,68
2264,68
2265,68
2266,68
2267,68
2268,67
2269,67
2270,67
2271,67
2272,67
2273,67
2274,67
2275,67
2276,67
2277,67
2278,67
2279,67
2280,67
2281,65
2282,63
2283,60
2284,57
2285,53
2286,50
2287,47
2288,44
2289,42
2290,38
2291,37
2292,32
2293,25
2294,23
2295,19
2296,18
2297,15
2298,10
2299,8
