,pso
0,301
1,301
2,301
3,301
4,301
5,301
6,301
7,301
8,301
9,301
10,301
11,301
12,301
13,301
14,301
15,301
16,301
17,301
18,301
19,301
20,301
21,301
22,301
23,301
24,301
25,301
26,301
27,301
28,301
29,301
30,301
31,301
32,301
33,301
34,301
35,301
36,301
37,301
38,301
39,301
40,301
41,301
42,301
43,301
44,301
45,301
46,301
47,301
48,301
49,301
50,301
51,301
52,301
53,301
54,301
55,301
56,301
57,301
58,301
59,301
60,301
61,301
62,301
63,301
64,301
65,301
66,301
67,301
68,301
69,301
70,301
71,301
72,301
73,301
74,301
75,301
76,301
77,301
78,301
79,301
80,301
81,301
82,301
83,301
84,301
85,301
86,301
87,301
88,301
89,301
90,301
91,301
92,301
93,301
94,301
95,301
96,301
97,301
98,301
99,301
100,301
101,301
102,301
103,301
104,301
105,301
106,301
107,301
108,301
109,301
110,301
111,301
112,301
113,301
114,301
115,301
116,301
117,301
118,301
119,301
120,301
121,301
122,301
123,301
124,301
125,301
126,301
127,301
128,301
129,301
130,301
131,301
132,301
133,301
134,301
135,301
136,301
137,301
138,301
139,301
140,301
141,301
142,301
143,301
144,301
145,301
146,301
147,301
148,301
149,301
150,301
151,301
152,301
153,301
154,301
155,301
156,301
157,301
158,301
159,301
160,301
161,301
162,301
163,301
164,301
165,301
166,301
167,301
168,301
169,301
170,301
171,301
172,301
173,301
174,301
175,301
176,301
177,301
178,301
179,301
180,301
181,301
182,301
183,301
184,301
185,301
186,301
187,301
188,301
189,301
190,301
191,301
192,301
193,301
194,301
195,301
196,301
197,301
198,301
199,301
200,301
201,301
202,301
203,301
204,301
205,301
206,301
207,301
208,301
209,301
210,301
211,301
212,301
213,301
214,301
215,301
216,301
217,301
218,301
219,301
220,301
221,301
222,301
223,301
224,301
225,301
226,301
227,301
228,301
229,301
230,301
231,301
232,301
233,301
234,301
235,301
236,301
237,301
238,301
239,301
240,301
241,301
242,301
243,301
244,301
245,301
246,301
247,301
248,301
249,301
250,301
251,301
252,301
253,301
254,301
255,301
256,301
257,301
258,301
259,301
260,301
261,301
262,301
263,301
264,301
265,301
266,301
267,301
268,301
269,301
270,301
271,301
272,301
273,301
274,301
275,301
276,301
277,301
278,301
279,301
280,301
281,301
282,301
283,301
284,301
285,301
286,301
287,301
288,301
289,301
290,301
291,301
292,301
293,301
294,301
295,301
296,301
297,301
298,301
299,301
300,301
301,301
302,301
303,301
304,301
305,301
306,301
307,301
308,301
309,301
310,301
311,301
312,301
313,301
314,301
315,301
316,301
317,301
318,301
319,301
320,301
321,301
322,301
323,301
324,301
325,301
326,301
327,301
328,301
329,301
330,301
331,301
332,301
333,301
334,301
335,301
336,301
337,301
338,301
339,301
340,301
341,301
342,301
343,301
344,301
345,301
346,301
347,301
348,301
349,301
350,301
351,301
352,301
353,301
354,301
355,301
356,301
357,301
358,301
359,301
360,301
361,301
362,301
363,301
364,301
365,301
366,301
367,301
368,301
369,301
370,301
371,301
372,301
373,301
374,301
375,301
376,301
377,301
378,301
379,301
380,301
381,301
382,301
383,301
384,301
385,301
386,301
387,301
388,301
389,301
390,301
391,301
392,301
393,301
394,301
395,301
396,301
397,301
398,301
399,301
400,301
401,301
402,301
403,301
404,301
405,301
406,301
407,301
408,301
409,301
410,301
411,301
412,301
413,301
414,301
415,301
416,301
417,301
418,301
419,301
420,301
421,301
422,301
423,301
424,301
425,301
426,301
427,301
428,301
429,301
430,301
431,301
432,301
433,301
434,301
435,301
436,301
437,301
438,301
439,301
440,301
441,301
442,301
443,301
444,301
445,301
446,301
447,301
448,301
449,301
450,301
451,301
452,301
453,301
454,301
455,301
456,301
457,301
458,301
459,301
460,301
461,301
462,301
463,301
464,301
465,301
466,301
467,301
468,301
469,301
470,301
471,301
472,301
473,301
474,301
475,301
476,301
477,301
478,301
479,301
480,301
481,301
482,301
483,301
484,301
485,301
486,301
487,301
488,301
489,301
490,301
491,301
492,301
493,301
494,301
495,301
496,301
497,301
498,301
499,301
500,301
501,301
502,301
503,301
504,301
505,301
506,301
507,301
508,301
509,301
510,301
511,301
512,301
513,301
514,301
515,301
516,301
517,301
518,301
519,301
520,301
521,301
522,301
523,301
524,301
525,301
526,301
527,301
528,301
529,301
530,301
531,301
532,301
533,301
534,301
535,301
536,301
537,301
538,301
539,301
540,301
541,301
542,301
543,301
544,301
545,301
546,301
547,301
548,301
549,301
550,301
551,301
552,301
553,301
554,301
555,301
556,301
557,301
558,301
559,301
560,301
561,301
562,301
563,301
564,301
565,301
566,301
567,301
568,301
569,301
570,301
571,301
572,301
573,301
574,301
575,301
576,301
577,301
578,301
579,301
580,301
581,301
582,301
583,301
584,301
585,301
586,301
587,301
588,301
589,300
590,300
591,300
592,300
593,300
594,300
595,300
596,300
597,300
598,300
599,300
600,300
601,300
602,300
603,300
604,300
605,300
606,300
607,300
608,300
609,300
610,300
611,300
612,300
613,300
614,300
615,300
616,300
617,300
618,300
619,300
620,300
621,300
622,300
623,300
624,300
625,300
626,300
627,300
628,300
629,300
630,300
631,300
632,300
633,300
634,300
635,300
636,300
637,300
638,300
639,300
640,300
641,300
642,300
643,300
644,300
645,300
646,300
647,300
648,300
649,300
650,300
651,300
652,300
653,300
654,300
655,300
656,300
657,300
658,300
659,300
660,300
661,300
662,300
663,300
664,300
665,300
666,300
667,300
668,300
669,300
670,300
671,300
672,300
673,300
674,300
675,300
676,300
677,300
678,300
679,300
680,300
681,300
682,300
683,300
684,300
685,300
686,300
687,300
688,300
689,300
690,300
691,300
692,300
693,300
694,300
695,300
696,300
697,300
698,300
699,300
700,300
701,300
702,300
703,300
704,300
705,300
706,300
707,300
708,300
709,300
710,300
711,300
712,300
713,300
714,300
715,300
716,300
717,300
718,300
719,300
720,300
721,300
722,300
723,300
724,300
725,300
726,300
727,300
728,300
729,300
730,300
731,300
732,300
733,300
734,300
735,300
736,300
737,300
738,300
739,300
740,300
741,300
742,300
743,300
744,300
745,300
746,300
747,300
748,300
749,300
750,300
751,300
752,300
753,300
754,300
755,300
756,300
757,300
758,300
759,300
760,300
761,300
762,300
763,300
764,300
765,300
766,300
767,300
768,300
769,300
770,300
771,300
772,300
773,300
774,300
775,300
776,300
777,300
778,300
779,300
780,300
781,300
782,300
783,300
784,300
785,300
786,300
787,300
788,300
789,300
790,300
791,300
792,299
793,299
794,299
795,299
796,299
797,299
798,299
799,299
800,299
801,299
802,299
803,299
804,299
805,299
806,299
807,299
808,299
809,299
810,299
811,299
812,299
813,299
814,299
815,299
816,299
817,299
818,299
819,299
820,299
821,299
822,299
823,299
824,299
825,299
826,299
827,299
828,299
829,299
830,299
831,299
832,299
833,299
834,299
835,299
836,299
837,299
838,299
839,299
840,299
841,299
842,299
843,299
844,299
845,299
846,299
847,299
848,299
849,299
850,299
851,299
852,299
853,299
854,299
855,299
856,299
857,299
858,299
859,299
860,299
861,299
862,299
863,299
864,299
865,299
866,299
867,299
868,299
869,299
870,299
871,299
872,299
873,299
874,299
875,299
876,299
877,299
878,299
879,299
880,299
881,299
882,299
883,299
884,299
885,298
886,298
887,298
888,298
889,298
890,298
891,298
892,298
893,298
894,298
895,298
896,298
897,298
898,298
899,298
900,298
901,298
902,298
903,298
904,298
905,298
906,298
907,298
908,298
909,298
910,298
911,298
912,298
913,298
914,298
915,298
916,298
917,298
918,298
919,298
920,298
921,298
922,298
923,298
924,298
925,298
926,298
927,298
928,298
929,298
930,298
931,298
932,298
933,298
934,298
935,298
936,298
937,298
938,298
939,298
940,298
941,298
942,298
943,298
944,298
945,298
946,298
947,298
948,298
949,298
950,298
951,298
952,298
953,298
954,298
955,298
956,298
957,298
958,298
959,298
960,298
961,298
962,298
963,298
964,298
965,298
966,298
967,298
968,298
969,298
970,298
971,298
972,298
973,298
974,298
975,298
976,298
977,298
978,298
979,298
980,297
981,297
982,297
983,297
984,297
985,297
986,297
987,297
988,297
989,297
990,297
991,297
992,297
993,297
994,297
995,297
996,297
997,297
998,297
999,297
1000,297
1001,297
1002,297
1003,297
1004,297
1005,297
1006,297
1007,297
1008,297
1009,296
1010,296
1011,296
1012,296
1013,296
1014,296
1015,296
1016,296
1017,296
1018,296
1019,296
1020,296
1021,296
1022,296
1023,296
1024,295
1025,295
1026,295
1027,295
1028,295
1029,295
1030,295
1031,295
1032,295
1033,295
1034,295
1035,295
1036,295
1037,295
1038,295
1039,295
1040,295
1041,295
1042,295
1043,295
1044,295
1045,295
1046,295
1047,295
1048,295
1049,295
1050,295
1051,295
1052,295
1053,295
1054,295
1055,295
1056,295
1057,295
1058,295
1059,295
1060,295
1061,295
1062,295
1063,295
1064,295
1065,295
1066,295
1067,295
1068,295
1069,295
1070,295
1071,295
1072,295
1073,295
1074,295
1075,295
1076,295
1077,295
1078,295
1079,295
1080,295
1081,295
1082,295
1083,295
1084,295
1085,295
1086,295
1087,295
1088,295
1089,295
1090,295
1091,295
1092,295
1093,295
1094,295
1095,295
1096,295
1097,295
1098,295
1099,295
1100,295
1101,295
1102,295
1103,295
1104,295
1105,295
1106,295
1107,295
1108,295
1109,294
1110,294
1111,294
1112,294
1113,294
1114,294
1115,294
1116,294
1117,294
1118,294
1119,294
1120,294
1121,294
1122,294
1123,294
1124,294
1125,294
1126,294
1127,294
1128,294
1129,294
1130,294
1131,294
1132,294
1133,294
1134,294
1135,294
1136,294
1137,294
1138,294
1139,294
1140,294
1141,294
1142,294
1143,293
1144,293
1145,293
1146,293
1147,293
1148,293
1149,293
1150,293
1151,293
1152,293
1153,293
1154,293
1155,293
1156,293
1157,293
1158,293
1159,293
1160,293
1161,293
1162,293
1163,293
1164,293
1165,293
1166,293
1167,293
1168,293
1169,293
1170,293
1171,293
1172,293
1173,293
1174,293
1175,293
1176,293
1177,293
1178,293
1179,293
1180,293
1181,293
1182,293
1183,293
1184,293
1185,293
1186,293
1187,293
1188,293
1189,293
1190,293
1191,293
1192,293
1193,293
1194,293
1195,293
1196,293
1197,293
1198,293
1199,293
1200,293
1201,293
1202,293
1203,293
1204,292
1205,292
1206,292
1207,292
1208,292
1209,291
1210,291
1211,291
1212,291
1213,290
1214,290
1215,290
1216,290
1217,290
1218,290
1219,290
1220,290
1221,290
1222,290
1223,290
1224,290
1225,290
1226,290
1227,290
1228,290
1229,290
1230,290
1231,290
1232,290
1233,290
1234,290
1235,290
1236,290
1237,290
1238,290
1239,290
1240,290
1241,290
1242,290
1243,290
1244,290
1245,290
1246,290
1247,290
1248,290
1249,290
1250,290
1251,290
1252,290
1253,290
1254,290
1255,290
1256,290
1257,290
1258,290
1259,290
1260,290
1261,290
1262,290
1263,290
1264,290
1265,290
1266,290
1267,290
1268,290
1269,290
1270,290
1271,290
1272,290
1273,290
1274,290
1275,290
1276,290
1277,290
1278,290
1279,290
1280,290
1281,290
1282,290
1283,290
1284,290
1285,290
1286,289
1287,289
1288,289
1289,289
1290,289
1291,289
1292,289
1293,289
1294,289
1295,289
1296,289
1297,289
1298,289
1299,289
1300,289
1301,289
1302,289
1303,289
1304,289
1305,289
1306,289
1307,289
1308,289
1309,289
1310,289
1311,289
1312,289
1313,289
1314,289
1315,289
1316,289
1317,289
1318,289
1319,289
1320,289
1321,289
1322,289
1323,289
1324,289
1325,289
1326,289
1327,289
1328,289
1329,289
1330,289
1331,289
1332,289
1333,289
1334,289
1335,289
1336,289
1337,289
1338,289
1339,289
1340,289
1341,289
1342,289
1343,289
1344,289
1345,289
1346,289
1347,289
1348,289
1349,289
1350,289
1351,289
1352,289
1353,289
1354,289
1355,289
1356,289
1357,289
1358,289
1359,289
1360,289
1361,289
1362,289
1363,289
1364,289
1365,289
1366,289
1367,289
1368,289
1369,289
1370,289
1371,289
1372,289
1373,289
1374,289
1375,289
1376,289
1377,289
1378,289
1379,289
1380,289
1381,289
1382,289
1383,289
1384,289
1385,289
1386,289
1387,289
1388,289
1389,289
1390,289
1391,289
1392,289
1393,288
1394,288
1395,288
1396,288
1397,288
1398,288
1399,288
1400,288
1401,288
1402,288
1403,288
1404,288
1405,288
1406,288
1407,288
1408,288
1409,288
1410,288
1411,288
1412,288
1413,288
1414,288
1415,288
1416,288
1417,288
1418,288
1419,288
1420,288
1421,288
1422,288
1423,288
1424,288
1425,288
1426,288
1427,288
1428,288
1429,288
1430,288
1431,288
1432,288
1433,288
1434,288
1435,288
1436,288
1437,288
1438,288
1439,288
1440,288
1441,288
1442,288
1443,288
1444,288
1445,288
1446,288
1447,288
1448,288
1449,288
1450,288
1451,288
1452,288
1453,288
1454,288
1455,288
1456,288
1457,288
1458,288
1459,287
1460,287
1461,287
1462,287
1463,287
1464,287
1465,287
1466,287
1467,287
1468,287
1469,287
1470,287
1471,287
1472,287
1473,286
1474,286
1475,286
1476,286
1477,286
1478,286
1479,286
1480,286
1481,286
1482,286
1483,286
1484,286
1485,286
1486,286
1487,286
1488,286
1489,286
1490,286
1491,286
1492,286
1493,286
1494,286
1495,286
1496,286
1497,286
1498,286
1499,286
1500,286
1501,286
1502,286
1503,286
1504,286
1505,286
1506,286
1507,286
1508,286
1509,286
1510,286
1511,286
1512,286
1513,286
1514,286
1515,286
1516,286
1517,286
1518,286
1519,286
1520,286
1521,286
1522,286
1523,286
1524,286
1525,286
1526,286
1527,286
1528,286
1529,286
1530,286
1531,286
1532,286
1533,286
1534,286
1535,286
1536,286
1537,286
1538,286
1539,286
1540,286
1541,286
1542,286
1543,286
1544,286
1545,286
1546,286
1547,286
1548,286
1549,286
1550,286
1551,286
1552,286
1553,286
1554,286
1555,286
1556,286
1557,286
1558,286
1559,286
1560,286
1561,286
1562,286
1563,286
1564,286
1565,286
1566,286
1567,286
1568,285
1569,285
1570,285
1571,285
1572,285
1573,285
1574,285
1575,285
1576,285
1577,285
1578,285
1579,285
1580,285
1581,285
1582,285
1583,285
1584,285
1585,285
1586,285
1587,285
1588,285
1589,285
1590,285
1591,285
1592,285
1593,285
1594,285
1595,285
1596,285
1597,285
1598,285
1599,285
1600,285
1601,285
1602,285
1603,285
1604,285
1605,285
1606,285
1607,285
1608,285
1609,285
1610,285
1611,285
1612,285
1613,285
1614,285
1615,285
1616,285
1617,285
1618,285
1619,285
1620,285
1621,285
1622,285
1623,285
1624,285
1625,285
1626,285
1627,285
1628,285
1629,285
1630,285
1631,285
1632,285
1633,285
1634,285
1635,285
1636,285
1637,285
1638,285
1639,285
1640,285
1641,285
1642,285
1643,285
1644,285
1645,285
1646,285
1647,285
1648,285
1649,285
1650,285
1651,285
1652,285
1653,285
1654,285
1655,285
1656,285
1657,285
1658,285
1659,285
1660,285
1661,285
1662,285
1663,285
1664,285
1665,285
1666,285
1667,285
1668,285
1669,285
1670,285
1671,285
1672,285
1673,285
1674,285
1675,285
1676,285
1677,285
1678,285
1679,285
1680,285
1681,285
1682,285
1683,285
1684,285
1685,285
1686,285
1687,285
1688,285
1689,285
1690,285
1691,285
1692,285
1693,285
1694,285
1695,285
1696,285
1697,285
1698,285
1699,285
1700,285
1701,285
1702,285
1703,285
1704,285
1705,284
1706,284
1707,284
1708,284
1709,284
1710,284
1711,284
1712,284
1713,284
1714,284
1715,284
1716,284
1717,284
1718,284
1719,284
1720,284
1721,284
1722,284
1723,284
1724,284
1725,284
1726,284
1727,284
1728,284
1729,284
1730,284
1731,284
1732,284
1733,284
1734,284
1735,284
1736,284
1737,284
1738,284
1739,283
1740,283
1741,283
1742,283
1743,283
1744,283
1745,283
1746,283
1747,283
1748,283
1749,283
1750,283
1751,283
1752,283
1753,283
1754,283
1755,283
1756,283
1757,283
1758,283
1759,283
1760,283
1761,283
1762,283
1763,283
1764,283
1765,283
1766,283
1767,283
1768,283
1769,283
1770,283
1771,283
1772,283
1773,283
1774,283
1775,283
1776,283
1777,283
1778,283
1779,283
1780,283
1781,283
1782,283
1783,283
1784,283
1785,283
1786,283
1787,283
1788,283
1789,283
1790,283
1791,283
1792,283
1793,283
1794,283
1795,283
1796,283
1797,283
1798,283
1799,283
1800,283
1801,283
1802,283
1803,283
1804,283
1805,283
1806,283
1807,283
1808,283
1809,283
1810,282
1811,282
1812,282
1813,282
1814,282
1815,282
1816,282
1817,282
1818,282
1819,282
1820,282
1821,282
1822,282
1823,282
1824,282
1825,282
1826,282
1827,282
1828,282
1829,282
1830,281
1831,281
1832,281
1833,281
1834,281
1835,281
1836,281
1837,281
1838,281
1839,281
1840,281
1841,281
1842,281
1843,281
1844,281
1845,281
1846,281
1847,281
1848,281
1849,280
1850,280
1851,280
1852,280
1853,280
1854,280
1855,280
1856,280
1857,280
1858,280
1859,280
1860,280
1861,280
1862,280
1863,280
1864,280
1865,280
1866,280
1867,280
1868,280
1869,280
1870,280
1871,280
1872,280
1873,280
1874,280
1875,280
1876,280
1877,280
1878,280
1879,280
1880,280
1881,280
1882,280
1883,280
1884,280
1885,280
1886,280
1887,280
1888,280
1889,280
1890,280
1891,280
1892,280
1893,280
1894,280
1895,280
1896,280
1897,280
1898,280
1899,280
1900,280
1901,280
1902,280
1903,280
1904,280
1905,280
1906,280
1907,280
1908,280
1909,280
1910,280
1911,280
1912,280
1913,280
1914,280
1915,280
1916,280
1917,280
1918,280
1919,280
1920,280
1921,280
1922,280
1923,280
1924,280
1925,280
1926,280
1927,280
1928,280
1929,280
1930,280
1931,280
1932,280
1933,280
1934,280
1935,280
1936,280
1937,280
1938,280
1939,280
1940,280
1941,280
1942,280
1943,280
1944,280
1945,280
1946,280
1947,280
1948,280
1949,280
1950,280
1951,280
1952,280
1953,280
1954,280
1955,280
1956,280
1957,280
1958,280
1959,280
1960,280
1961,280
1962,280
1963,280
1964,280
1965,280
1966,280
1967,280
1968,280
1969,280
1970,280
1971,280
1972,280
1973,280
1974,280
1975,279
1976,279
1977,279
1978,279
1979,279
1980,279
1981,279
1982,279
1983,279
1984,279
1985,279
1986,279
1987,279
1988,279
1989,279
1990,279
1991,279
1992,279
1993,279
1994,279
1995,279
1996,279
1997,279
1998,279
1999,279
2000,279
2001,279
2002,279
2003,279
2004,278
2005,278
2006,278
2007,278
2008,278
2009,278
2010,278
2011,278
2012,278
2013,278
2014,278
2015,278
2016,278
2017,277
2018,277
2019,277
2020,277
2021,277
2022,277
2023,277
2024,277
2025,277
2026,277
2027,277
2028,277
2029,277
2030,277
2031,277
2032,277
2033,277
2034,277
2035,277
2036,277
2037,277
2038,277
2039,277
2040,277
2041,277
2042,277
2043,277
2044,277
2045,277
2046,277
2047,277
2048,277
2049,277
2050,277
2051,277
2052,277
2053,276
2054,276
2055,276
2056,276
2057,276
2058,276
2059,276
2060,276
2061,276
2062,276
2063,276
2064,276
2065,276
2066,276
2067,276
2068,276
2069,276
2070,276
2071,276
2072,276
2073,276
2074,276
2075,276
2076,276
2077,276
2078,276
2079,276
2080,276
2081,276
2082,276
2083,276
2084,276
2085,276
2086,276
2087,276
2088,276
2089,276
2090,276
2091,276
2092,276
2093,276
2094,276
2095,276
2096,276
2097,276
2098,276
2099,276
2100,276
2101,276
2102,276
2103,276
2104,276
2105,276
2106,276
2107,276
2108,276
2109,276
2110,276
2111,276
2112,276
2113,276
2114,276
2115,276
2116,276
2117,276
2118,276
2119,276
2120,276
2121,276
2122,276
2123,276
2124,276
2125,276
2126,276
2127,276
2128,276
2129,276
2130,276
2131,276
2132,276
2133,276
2134,276
2135,276
2136,276
2137,276
2138,276
2139,276
2140,276
2141,276
2142,275
2143,275
2144,275
2145,275
2146,275
2147,275
2148,275
2149,275
2150,275
2151,275
2152,275
2153,275
2154,275
2155,275
2156,275
2157,275
2158,275
2159,275
2160,275
2161,275
2162,275
2163,275
2164,275
2165,275
2166,275
2167,275
2168,274
2169,274
2170,274
2171,274
2172,274
2173,274
2174,274
2175,274
2176,274
2177,274
2178,274
2179,274
2180,274
2181,274
2182,274
2183,274
2184,274
2185,274
2186,274
2187,274
2188,274
2189,274
2190,274
2191,274
2192,274
2193,274
2194,274
2195,274
2196,274
2197,274
2198,274
2199,274
2200,274
2201,274
2202,274
2203,274
2204,274
2205,274
2206,274
2207,274
2208,274
2209,274
2210,274
2211,274
2212,274
2213,274
2214,274
2215,274
2216,274
2217,274
2218,274
2219,274
2220,274
2221,274
2222,274
2223,274
2224,274
2225,274
2226,274
2227,274
2228,274
2229,274
2230,274
2231,274
2232,274
2233,274
2234,274
2235,274
2236,274
2237,274
2238,274
2239,274
2240,274
2241,274
2242,274
2243,274
2244,274
2245,274
2246,274
2247,274
2248,274
2249,274
2250,274
2251,274
2252,274
2253,274
2254,274
2255,274
2256,274
2257,274
2258,274
2259,274
2260,274
2261,274
2262,274
2263,274
2264,274
2265,274
2266,274
2267,274
2268,274
2269,274
2270,274
2271,274
2272,274
2273,274
2274,274
2275,274
2276,274
2277,274
2278,274
2279,274
2280,274
2281,274
2282,274
2283,274
2284,274
2285,274
2286,274
2287,274
2288,274
2289,274
2290,274
2291,274
2292,274
2293,274
2294,274
2295,274
2296,274
2297,274
2298,274
2299,274
2300,274
2301,274
2302,274
2303,274
2304,274
2305,273
2306,273
2307,273
2308,273
2309,273
2310,273
2311,273
2312,273
2313,273
2314,273
2315,273
2316,273
2317,273
2318,273
2319,273
2320,273
2321,273
2322,272
2323,272
2324,272
2325,272
2326,272
2327,272
2328,272
2329,272
2330,272
2331,272
2332,272
2333,272
2334,272
2335,272
2336,272
2337,272
2338,272
2339,272
2340,272
2341,272
2342,272
2343,272
2344,272
2345,272
2346,272
2347,272
2348,272
2349,272
2350,272
2351,272
2352,272
2353,272
2354,272
2355,272
2356,272
2357,272
2358,272
2359,272
2360,272
2361,272
2362,272
2363,272
2364,272
2365,272
2366,272
2367,272
2368,271
2369,271
2370,271
2371,271
2372,271
2373,271
2374,271
2375,271
2376,271
2377,271
2378,271
2379,271
2380,271
2381,271
2382,271
2383,271
2384,271
2385,271
2386,271
2387,271
2388,271
2389,271
2390,271
2391,271
2392,271
2393,271
2394,271
2395,271
2396,271
2397,271
2398,271
2399,271
2400,271
2401,271
2402,271
2403,271
2404,271
2405,271
2406,271
2407,271
2408,271
2409,271
2410,271
2411,271
2412,271
2413,271
2414,271
2415,271
2416,271
2417,271
2418,271
2419,271
2420,271
2421,271
2422,271
2423,271
2424,271
2425,271
2426,271
2427,271
2428,271
2429,271
2430,271
2431,271
2432,271
2433,271
2434,271
2435,271
2436,271
2437,271
2438,271
2439,271
2440,271
2441,271
2442,271
2443,271
2444,271
2445,271
2446,271
2447,271
2448,271
2449,271
2450,271
2451,271
2452,271
2453,271
2454,271
2455,271
2456,271
2457,271
2458,271
2459,271
2460,271
2461,271
2462,271
2463,271
2464,271
2465,271
2466,271
2467,271
2468,271
2469,271
2470,271
2471,271
2472,271
2473,271
2474,271
2475,271
2476,271
2477,271
2478,271
2479,271
2480,271
2481,271
2482,271
2483,271
2484,271
2485,271
2486,271
2487,271
2488,271
2489,271
2490,271
2491,271
2492,271
2493,271
2494,271
2495,271
2496,271
2497,271
2498,271
2499,270
2500,270
2501,269
2502,269
2503,269
2504,269
2505,269
2506,269
2507,269
2508,269
2509,269
2510,269
2511,269
2512,269
2513,269
2514,269
2515,269
2516,269
2517,269
2518,269
2519,269
2520,269
2521,269
2522,269
2523,269
2524,269
2525,269
2526,269
2527,269
2528,269
2529,269
2530,269
2531,269
2532,269
2533,269
2534,269
2535,269
2536,269
2537,269
2538,269
2539,269
2540,269
2541,269
2542,269
2543,269
2544,269
2545,269
2546,269
2547,269
2548,269
2549,269
2550,269
2551,269
2552,269
2553,269
2554,269
2555,269
2556,269
2557,269
2558,269
2559,269
2560,269
2561,269
2562,269
2563,269
2564,269
2565,269
2566,269
2567,269
2568,269
2569,269
2570,269
2571,269
2572,269
2573,269
2574,269
2575,269
2576,269
2577,269
2578,269
2579,269
2580,269
2581,269
2582,269
2583,269
2584,269
2585,269
2586,269
2587,269
2588,269
2589,269
2590,269
2591,269
2592,269
2593,269
2594,269
2595,269
2596,269
2597,269
2598,269
2599,269
2600,269
2601,269
2602,269
2603,269
2604,269
2605,269
2606,269
2607,269
2608,269
2609,269
2610,269
2611,269
2612,269
2613,269
2614,269
2615,269
2616,269
2617,269
2618,269
2619,269
2620,269
2621,269
2622,269
2623,269
2624,269
2625,269
2626,268
2627,268
2628,268
2629,268
2630,268
2631,268
2632,268
2633,268
2634,268
2635,268
2636,268
2637,268
2638,268
2639,268
2640,268
2641,268
2642,268
2643,268
2644,268
2645,268
2646,268
2647,268
2648,268
2649,268
2650,268
2651,268
2652,268
2653,268
2654,268
2655,268
2656,268
2657,268
2658,268
2659,268
2660,268
2661,268
2662,268
2663,268
2664,268
2665,268
2666,268
2667,268
2668,268
2669,268
2670,268
2671,268
2672,268
2673,268
2674,268
2675,268
2676,268
2677,268
2678,268
2679,268
2680,268
2681,268
2682,268
2683,268
2684,268
2685,268
2686,268
2687,268
2688,268
2689,268
2690,268
2691,268
2692,268
2693,268
2694,268
2695,268
2696,268
2697,268
2698,268
2699,268
2700,268
2701,268
2702,268
2703,268
2704,268
2705,268
2706,268
2707,268
2708,268
2709,268
2710,268
2711,268
2712,268
2713,268
2714,268
2715,268
2716,268
2717,268
2718,268
2719,268
2720,268
2721,268
2722,268
2723,268
2724,268
2725,268
2726,268
2727,268
2728,268
2729,268
2730,268
2731,268
2732,268
2733,267
2734,267
2735,267
2736,267
2737,267
2738,267
2739,267
2740,267
2741,267
2742,267
2743,267
2744,267
2745,266
2746,266
2747,266
2748,266
2749,266
2750,266
2751,266
2752,266
2753,266
2754,266
2755,266
2756,266
2757,266
2758,266
2759,266
2760,266
2761,266
2762,266
2763,266
2764,266
2765,266
2766,266
2767,266
2768,266
2769,266
2770,266
2771,266
2772,266
2773,266
2774,266
2775,266
2776,266
2777,266
2778,266
2779,266
2780,266
2781,266
2782,266
2783,266
2784,266
2785,266
2786,266
2787,266
2788,266
2789,266
2790,266
2791,266
2792,265
2793,265
2794,265
2795,265
2796,265
2797,265
2798,265
2799,265
2800,265
2801,265
2802,265
2803,265
2804,265
2805,265
2806,265
2807,265
2808,265
2809,265
2810,264
2811,264
2812,264
2813,264
2814,264
2815,264
2816,264
2817,264
2818,264
2819,264
2820,264
2821,264
2822,264
2823,264
2824,264
2825,264
2826,264
2827,264
2828,264
2829,264
2830,264
2831,264
2832,264
2833,264
2834,263
2835,263
2836,263
2837,263
2838,263
2839,263
2840,263
2841,263
2842,263
2843,263
2844,263
2845,263
2846,263
2847,263
2848,263
2849,263
2850,263
2851,263
2852,263
2853,263
2854,263
2855,263
2856,263
2857,263
2858,263
2859,263
2860,263
2861,263
2862,263
2863,263
2864,263
2865,263
2866,263
2867,263
2868,263
2869,263
2870,263
2871,262
2872,262
2873,262
2874,262
2875,262
2876,262
2877,262
2878,262
2879,262
2880,262
2881,262
2882,262
2883,262
2884,262
2885,262
2886,262
2887,262
2888,262
2889,262
2890,262
2891,262
2892,262
2893,262
2894,262
2895,262
2896,262
2897,262
2898,262
2899,262
2900,262
2901,262
2902,262
2903,262
2904,262
2905,262
2906,262
2907,262
2908,262
2909,262
2910,262
2911,261
2912,261
2913,261
2914,260
2915,260
2916,260
2917,260
2918,260
2919,260
2920,260
2921,260
2922,260
2923,260
2924,260
2925,260
2926,260
2927,260
2928,260
2929,260
2930,260
2931,260
2932,260
2933,260
2934,260
2935,260
2936,260
2937,260
2938,260
2939,260
2940,260
2941,260
2942,260
2943,260
2944,260
2945,260
2946,260
2947,260
2948,260
2949,260
2950,260
2951,260
2952,260
2953,260
2954,260
2955,260
2956,260
2957,260
2958,260
2959,260
2960,260
2961,260
2962,260
2963,260
2964,260
2965,260
2966,260
2967,260
2968,260
2969,260
2970,260
2971,260
2972,260
2973,260
2974,260
2975,260
2976,260
2977,260
2978,260
2979,260
2980,260
2981,260
2982,260
2983,260
2984,259
2985,259
2986,259
2987,259
2988,259
2989,259
2990,259
2991,259
2992,259
2993,259
2994,259
2995,259
2996,258
2997,258
2998,258
2999,258
3000,258
3001,258
3002,258
3003,258
3004,258
3005,258
3006,257
3007,257
3008,257
3009,257
3010,257
3011,257
3012,257
3013,257
3014,257
3015,257
3016,257
3017,257
3018,257
3019,257
3020,257
3021,257
3022,257
3023,257
3024,257
3025,257
3026,257
3027,257
3028,257
3029,257
3030,257
3031,257
3032,257
3033,257
3034,257
3035,257
3036,257
3037,257
3038,257
3039,257
3040,257
3041,257
3042,257
3043,257
3044,257
3045,257
3046,257
3047,257
3048,257
3049,257
3050,257
3051,256
3052,256
3053,256
3054,256
3055,256
3056,256
3057,256
3058,256
3059,256
3060,256
3061,256
3062,256
3063,256
3064,256
3065,256
3066,256
3067,256
3068,256
3069,256
3070,256
3071,256
3072,256
3073,256
3074,256
3075,255
3076,255
3077,255
3078,255
3079,255
3080,254
3081,254
3082,254
3083,254
3084,254
3085,254
3086,254
3087,254
3088,254
3089,254
3090,254
3091,254
3092,254
3093,254
3094,254
3095,254
3096,254
3097,254
3098,254
3099,254
3100,254
3101,254
3102,254
3103,254
3104,254
3105,254
3106,254
3107,254
3108,254
3109,254
3110,254
3111,254
3112,254
3113,254
3114,254
3115,254
3116,254
3117,254
3118,254
3119,254
3120,254
3121,254
3122,254
3123,254
3124,254
3125,254
3126,254
3127,254
3128,254
3129,254
3130,254
3131,254
3132,254
3133,254
3134,254
3135,254
3136,254
3137,254
3138,254
3139,254
3140,254
3141,254
3142,254
3143,254
3144,254
3145,253
3146,253
3147,253
3148,253
3149,253
3150,253
3151,253
3152,253
3153,252
3154,252
3155,252
3156,252
3157,252
3158,252
3159,252
3160,252
3161,252
3162,252
3163,252
3164,252
3165,252
3166,252
3167,252
3168,252
3169,252
3170,252
3171,251
3172,251
3173,251
3174,251
3175,251
3176,251
3177,251
3178,251
3179,251
3180,251
3181,251
3182,251
3183,251
3184,251
3185,251
3186,251
3187,251
3188,251
3189,251
3190,251
3191,251
3192,251
3193,251
3194,251
3195,251
3196,251
3197,251
3198,251
3199,251
3200,251
3201,251
3202,251
3203,251
3204,251
3205,251
3206,250
3207,250
3208,250
3209,250
3210,250
3211,250
3212,250
3213,250
3214,250
3215,250
3216,250
3217,250
3218,250
3219,250
3220,250
3221,250
3222,250
3223,250
3224,250
3225,250
3226,250
3227,250
3228,250
3229,250
3230,250
3231,250
3232,250
3233,250
3234,250
3235,249
3236,249
3237,249
3238,249
3239,249
3240,249
3241,249
3242,249
3243,249
3244,249
3245,249
3246,249
3247,249
3248,249
3249,249
3250,249
3251,249
3252,249
3253,249
3254,248
3255,248
3256,248
3257,248
3258,248
3259,248
3260,248
3261,248
3262,248
3263,248
3264,248
3265,248
3266,248
3267,248
3268,248
3269,248
3270,248
3271,248
3272,248
3273,248
3274,248
3275,248
3276,248
3277,248
3278,248
3279,248
3280,248
3281,248
3282,248
3283,248
3284,248
3285,248
3286,248
3287,248
3288,248
3289,248
3290,248
3291,248
3292,248
3293,248
3294,248
3295,248
3296,248
3297,248
3298,248
3299,248
3300,248
3301,248
3302,248
3303,248
3304,248
3305,248
3306,248
3307,248
3308,248
3309,248
3310,248
3311,248
3312,248
3313,248
3314,248
3315,248
3316,248
3317,248
3318,248
3319,248
3320,248
3321,248
3322,248
3323,248
3324,248
3325,248
3326,248
3327,248
3328,248
3329,248
3330,248
3331,248
3332,248
3333,248
3334,248
3335,248
3336,248
3337,248
3338,248
3339,248
3340,248
3341,248
3342,248
3343,248
3344,248
3345,248
3346,248
3347,248
3348,248
3349,248
3350,248
3351,248
3352,248
3353,248
3354,248
3355,248
3356,248
3357,248
3358,248
3359,248
3360,248
3361,248
3362,248
3363,248
3364,248
3365,248
3366,248
3367,247
3368,247
3369,247
3370,247
3371,247
3372,247
3373,247
3374,247
3375,247
3376,247
3377,247
3378,247
3379,247
3380,247
3381,247
3382,247
3383,247
3384,247
3385,247
3386,247
3387,247
3388,247
3389,247
3390,247
3391,247
3392,247
3393,247
3394,247
3395,247
3396,247
3397,247
3398,247
3399,247
3400,247
3401,247
3402,247
3403,247
3404,247
3405,246
3406,246
3407,246
3408,246
3409,246
3410,246
3411,246
3412,246
3413,246
3414,246
3415,246
3416,246
3417,246
3418,246
3419,246
3420,246
3421,246
3422,246
3423,246
3424,246
3425,246
3426,246
3427,246
3428,246
3429,246
3430,246
3431,246
3432,245
3433,245
3434,244
3435,244
3436,244
3437,244
3438,244
3439,244
3440,244
3441,244
3442,244
3443,244
3444,244
3445,244
3446,244
3447,244
3448,244
3449,244
3450,244
3451,244
3452,244
3453,244
3454,244
3455,244
3456,244
3457,244
3458,244
3459,244
3460,244
3461,244
3462,244
3463,244
3464,244
3465,244
3466,244
3467,244
3468,244
3469,244
3470,244
3471,244
3472,244
3473,244
3474,244
3475,244
3476,244
3477,244
3478,244
3479,244
3480,244
3481,244
3482,244
3483,244
3484,244
3485,244
3486,244
3487,244
3488,244
3489,243
3490,243
3491,242
3492,242
3493,242
3494,242
3495,242
3496,242
3497,242
3498,242
3499,242
3500,242
3501,242
3502,242
3503,241
3504,241
3505,241
3506,241
3507,241
3508,241
3509,241
3510,241
3511,241
3512,241
3513,241
3514,241
3515,241
3516,241
3517,241
3518,240
3519,240
3520,240
3521,240
3522,240
3523,240
3524,239
3525,239
3526,239
3527,239
3528,239
3529,239
3530,239
3531,239
3532,239
3533,239
3534,239
3535,239
3536,239
3537,239
3538,239
3539,239
3540,239
3541,239
3542,239
3543,239
3544,239
3545,239
3546,239
3547,239
3548,239
3549,239
3550,239
3551,239
3552,239
3553,239
3554,239
3555,239
3556,239
3557,239
3558,239
3559,239
3560,239
3561,239
3562,239
3563,239
3564,239
3565,239
3566,239
3567,239
3568,239
3569,239
3570,239
3571,239
3572,239
3573,239
3574,239
3575,239
3576,239
3577,239
3578,239
3579,239
3580,239
3581,239
3582,239
3583,239
3584,239
3585,239
3586,239
3587,239
3588,239
3589,239
3590,239
3591,239
3592,239
3593,239
3594,239
3595,239
3596,239
3597,239
3598,239
3599,239
3600,239
3601,239
3602,239
3603,239
3604,239
3605,239
3606,239
3607,239
3608,239
3609,239
3610,239
3611,239
3612,239
3613,239
3614,239
3615,239
3616,239
3617,239
3618,239
3619,239
3620,239
3621,239
3622,239
3623,239
3624,239
3625,239
3626,239
3627,239
3628,239
3629,239
3630,239
3631,239
3632,239
3633,239
3634,239
3635,239
3636,239
3637,239
3638,238
3639,238
3640,238
3641,238
3642,238
3643,238
3644,238
3645,238
3646,238
3647,238
3648,238
3649,238
3650,238
3651,238
3652,238
3653,238
3654,238
3655,238
3656,238
3657,237
3658,237
3659,237
3660,237
3661,237
3662,236
3663,236
3664,236
3665,236
3666,236
3667,236
3668,236
3669,236
3670,236
3671,236
3672,236
3673,236
3674,236
3675,236
3676,236
3677,236
3678,235
3679,235
3680,235
3681,235
3682,235
3683,235
3684,235
3685,235
3686,235
3687,235
3688,235
3689,235
3690,235
3691,235
3692,235
3693,235
3694,235
3695,235
3696,235
3697,235
3698,235
3699,235
3700,235
3701,235
3702,235
3703,235
3704,235
3705,234
3706,234
3707,234
3708,234
3709,234
3710,234
3711,234
3712,234
3713,234
3714,234
3715,234
3716,234
3717,234
3718,234
3719,234
3720,233
3721,233
3722,233
3723,233
3724,233
3725,233
3726,233
3727,233
3728,233
3729,233
3730,233
3731,233
3732,233
3733,233
3734,233
3735,233
3736,233
3737,233
3738,233
3739,233
3740,233
3741,233
3742,233
3743,233
3744,233
3745,233
3746,233
3747,233
3748,233
3749,233
3750,233
3751,233
3752,233
3753,233
3754,233
3755,233
3756,233
3757,233
3758,232
3759,232
3760,232
3761,232
3762,232
3763,232
3764,232
3765,232
3766,232
3767,232
3768,232
3769,231
3770,231
3771,231
3772,231
3773,231
3774,231
3775,231
3776,231
3777,231
3778,231
3779,231
3780,231
3781,231
3782,231
3783,231
3784,231
3785,231
3786,231
3787,231
3788,231
3789,231
3790,231
3791,230
3792,230
3793,230
3794,230
3795,230
3796,230
3797,230
3798,230
3799,230
3800,230
3801,230
3802,230
3803,230
3804,230
3805,230
3806,230
3807,230
3808,230
3809,230
3810,230
3811,230
3812,230
3813,230
3814,230
3815,230
3816,230
3817,230
3818,230
3819,230
3820,230
3821,230
3822,230
3823,230
3824,230
3825,230
3826,230
3827,230
3828,230
3829,230
3830,230
3831,230
3832,230
3833,230
3834,230
3835,230
3836,230
3837,230
3838,230
3839,230
3840,230
3841,230
3842,230
3843,230
3844,230
3845,230
3846,230
3847,230
3848,230
3849,230
3850,230
3851,230
3852,230
3853,230
3854,230
3855,230
3856,229
3857,229
3858,229
3859,229
3860,229
3861,229
3862,229
3863,229
3864,229
3865,229
3866,229
3867,228
3868,228
3869,228
3870,228
3871,228
3872,228
3873,228
3874,228
3875,228
3876,228
3877,228
3878,228
3879,227
3880,227
3881,227
3882,227
3883,227
3884,227
3885,227
3886,227
3887,227
3888,227
3889,227
3890,227
3891,227
3892,227
3893,227
3894,227
3895,227
3896,227
3897,227
3898,227
3899,227
3900,227
3901,227
3902,227
3903,227
3904,227
3905,227
3906,227
3907,227
3908,227
3909,227
3910,227
3911,227
3912,227
3913,227
3914,227
3915,227
3916,227
3917,227
3918,227
3919,227
3920,227
3921,227
3922,227
3923,227
3924,227
3925,227
3926,227
3927,227
3928,226
3929,226
3930,226
3931,226
3932,226
3933,226
3934,226
3935,226
3936,225
3937,225
3938,225
3939,225
3940,225
3941,225
3942,225
3943,225
3944,225
3945,224
3946,224
3947,224
3948,224
3949,224
3950,224
3951,224
3952,224
3953,224
3954,223
3955,223
3956,223
3957,223
3958,223
3959,223
3960,223
3961,223
3962,223
3963,223
3964,223
3965,223
3966,223
3967,223
3968,223
3969,223
3970,223
3971,223
3972,223
3973,223
3974,223
3975,223
3976,223
3977,223
3978,223
3979,223
3980,223
3981,223
3982,223
3983,223
3984,223
3985,223
3986,223
3987,223
3988,223
3989,223
3990,223
3991,223
3992,223
3993,223
3994,223
3995,223
3996,223
3997,223
3998,223
3999,223
4000,223
4001,223
4002,223
4003,223
4004,223
4005,223
4006,223
4007,223
4008,223
4009,223
4010,223
4011,223
4012,223
4013,223
4014,223
4015,223
4016,223
4017,223
4018,222
4019,222
4020,222
4021,222
4022,222
4023,222
4024,222
4025,222
4026,222
4027,222
4028,222
4029,222
4030,222
4031,221
4032,221
4033,220
4034,220
4035,220
4036,220
4037,220
4038,220
4039,220
4040,220
4041,220
4042,220
4043,220
4044,220
4045,220
4046,220
4047,220
4048,220
4049,220
4050,220
4051,220
4052,220
4053,220
4054,220
4055,220
4056,220
4057,220
4058,220
4059,220
4060,220
4061,220
4062,220
4063,220
4064,220
4065,220
4066,220
4067,220
4068,220
4069,220
4070,220
4071,220
4072,220
4073,220
4074,220
4075,220
4076,220
4077,220
4078,219
4079,219
4080,219
4081,219
4082,219
4083,219
4084,219
4085,219
4086,219
4087,219
4088,219
4089,219
4090,219
4091,219
4092,219
4093,219
4094,219
4095,219
4096,219
4097,219
4098,219
4099,219
4100,219
4101,219
4102,219
4103,219
4104,219
4105,219
4106,219
4107,219
4108,219
4109,219
4110,219
4111,219
4112,219
4113,219
4114,219
4115,219
4116,219
4117,219
4118,219
4119,219
4120,219
4121,219
4122,219
4123,219
4124,219
4125,219
4126,219
4127,219
4128,219
4129,219
4130,219
4131,219
4132,219
4133,219
4134,219
4135,219
4136,219
4137,219
4138,219
4139,218
4140,218
4141,218
4142,218
4143,218
4144,218
4145,218
4146,218
4147,218
4148,218
4149,218
4150,218
4151,218
4152,218
4153,218
4154,218
4155,218
4156,218
4157,218
4158,218
4159,218
4160,218
4161,218
4162,218
4163,218
4164,218
4165,218
4166,218
4167,218
4168,218
4169,218
4170,218
4171,218
4172,218
4173,218
4174,218
4175,218
4176,218
4177,218
4178,218
4179,218
4180,218
4181,218
4182,218
4183,218
4184,218
4185,218
4186,218
4187,218
4188,218
4189,218
4190,218
4191,218
4192,218
4193,218
4194,218
4195,218
4196,218
4197,218
4198,218
4199,218
4200,218
4201,218
4202,218
4203,218
4204,218
4205,218
4206,218
4207,218
4208,218
4209,218
4210,218
4211,218
4212,218
4213,218
4214,218
4215,218
4216,218
4217,218
4218,218
4219,218
4220,218
4221,218
4222,218
4223,218
4224,218
4225,218
4226,218
4227,218
4228,218
4229,218
4230,218
4231,218
4232,218
4233,218
4234,218
4235,218
4236,218
4237,218
4238,218
4239,218
4240,218
4241,218
4242,218
4243,218
4244,218
4245,218
4246,218
4247,218
4248,218
4249,218
4250,218
4251,218
4252,218
4253,218
4254,218
4255,217
4256,217
4257,217
4258,217
4259,217
4260,217
4261,217
4262,217
4263,217
4264,217
4265,217
4266,217
4267,217
4268,217
4269,217
4270,217
4271,217
4272,217
4273,217
4274,217
4275,217
4276,217
4277,217
4278,217
4279,217
4280,217
4281,217
4282,217
4283,217
4284,216
4285,216
4286,216
4287,216
4288,216
4289,216
4290,216
4291,216
4292,216
4293,216
4294,216
4295,216
4296,216
4297,216
4298,216
4299,216
4300,216
4301,216
4302,216
4303,216
4304,216
4305,216
4306,216
4307,216
4308,216
4309,216
4310,216
4311,216
4312,216
4313,216
4314,216
4315,216
4316,216
4317,215
4318,215
4319,215
4320,215
4321,215
4322,215
4323,215
4324,214
4325,214
4326,214
4327,214
4328,214
4329,214
4330,214
4331,214
4332,214
4333,214
4334,214
4335,214
4336,214
4337,214
4338,214
4339,214
4340,214
4341,214
4342,214
4343,214
4344,214
4345,214
4346,214
4347,214
4348,214
4349,214
4350,214
4351,214
4352,214
4353,214
4354,214
4355,214
4356,214
4357,214
4358,214
4359,214
4360,214
4361,214
4362,214
4363,214
4364,214
4365,214
4366,214
4367,214
4368,214
4369,214
4370,214
4371,214
4372,214
4373,214
4374,214
4375,214
4376,214
4377,214
4378,214
4379,214
4380,214
4381,214
4382,214
4383,214
4384,214
4385,214
4386,214
4387,214
4388,214
4389,214
4390,214
4391,214
4392,214
4393,214
4394,214
4395,214
4396,214
4397,214
4398,214
4399,214
4400,214
4401,214
4402,214
4403,214
4404,214
4405,214
4406,214
4407,214
4408,214
4409,214
4410,214
4411,214
4412,214
4413,214
4414,214
4415,214
4416,214
4417,214
4418,214
4419,214
4420,214
4421,214
4422,214
4423,214
4424,214
4425,214
4426,214
4427,214
4428,214
4429,214
4430,214
4431,214
4432,214
4433,214
4434,214
4435,214
4436,214
4437,214
4438,214
4439,214
4440,214
4441,214
4442,214
4443,214
4444,214
4445,214
4446,214
4447,214
4448,214
4449,214
4450,214
4451,214
4452,214
4453,214
4454,214
4455,214
4456,214
4457,214
4458,213
4459,213
4460,213
4461,213
4462,213
4463,213
4464,213
4465,213
4466,213
4467,213
4468,212
4469,212
4470,212
4471,212
4472,212
4473,212
4474,212
4475,212
4476,212
4477,212
4478,212
4479,212
4480,212
4481,212
4482,212
4483,212
4484,212
4485,212
4486,212
4487,212
4488,212
4489,212
4490,212
4491,212
4492,212
4493,212
4494,212
4495,212
4496,212
4497,212
4498,212
4499,212
4500,212
4501,212
4502,212
4503,212
4504,212
4505,212
4506,211
4507,211
4508,211
4509,211
4510,211
4511,211
4512,211
4513,211
4514,211
4515,211
4516,211
4517,211
4518,211
4519,211
4520,211
4521,211
4522,210
4523,210
4524,210
4525,210
4526,210
4527,210
4528,210
4529,210
4530,210
4531,210
4532,210
4533,210
4534,210
4535,210
4536,210
4537,210
4538,210
4539,210
4540,210
4541,210
4542,210
4543,210
4544,210
4545,210
4546,210
4547,210
4548,210
4549,210
4550,210
4551,210
4552,210
4553,210
4554,210
4555,210
4556,210
4557,210
4558,210
4559,209
4560,209
4561,209
4562,209
4563,209
4564,209
4565,209
4566,209
4567,209
4568,209
4569,209
4570,209
4571,209
4572,209
4573,209
4574,209
4575,209
4576,209
4577,209
4578,209
4579,209
4580,209
4581,209
4582,209
4583,209
4584,209
4585,209
4586,209
4587,209
4588,209
4589,209
4590,209
4591,209
4592,209
4593,209
4594,209
4595,209
4596,209
4597,209
4598,209
4599,209
4600,209
4601,209
4602,209
4603,209
4604,209
4605,209
4606,209
4607,209
4608,209
4609,209
4610,209
4611,209
4612,209
4613,209
4614,209
4615,209
4616,209
4617,209
4618,209
4619,209
4620,209
4621,209
4622,209
4623,209
4624,209
4625,209
4626,209
4627,209
4628,209
4629,209
4630,209
4631,209
4632,209
4633,209
4634,209
4635,209
4636,209
4637,209
4638,209
4639,209
4640,209
4641,209
4642,209
4643,209
4644,209
4645,209
4646,209
4647,209
4648,209
4649,209
4650,209
4651,209
4652,209
4653,209
4654,209
4655,209
4656,209
4657,209
4658,209
4659,209
4660,209
4661,209
4662,209
4663,209
4664,209
4665,209
4666,209
4667,209
4668,209
4669,209
4670,209
4671,209
4672,209
4673,209
4674,209
4675,209
4676,209
4677,209
4678,209
4679,209
4680,209
4681,209
4682,209
4683,209
4684,209
4685,209
4686,209
4687,209
4688,209
4689,209
4690,209
4691,209
4692,209
4693,209
4694,209
4695,209
4696,209
4697,209
4698,209
4699,209
4700,209
4701,209
4702,209
4703,209
4704,209
4705,209
4706,209
4707,209
4708,209
4709,209
4710,209
4711,209
4712,209
4713,209
4714,209
4715,209
4716,209
4717,209
4718,209
4719,209
4720,209
4721,209
4722,209
4723,209
4724,209
4725,209
4726,209
4727,209
4728,209
4729,209
4730,209
4731,209
4732,209
4733,209
4734,209
4735,209
4736,209
4737,209
4738,209
4739,209
4740,209
4741,209
4742,209
4743,209
4744,209
4745,209
4746,209
4747,209
4748,209
4749,209
4750,209
4751,209
4752,209
4753,209
4754,209
4755,209
4756,209
4757,209
4758,209
4759,209
4760,209
4761,209
4762,209
4763,209
4764,209
4765,209
4766,209
4767,209
4768,209
4769,209
4770,209
4771,209
4772,209
4773,209
4774,209
4775,209
4776,209
4777,209
4778,209
4779,209
4780,209
4781,209
4782,209
4783,209
4784,209
4785,209
4786,209
4787,209
4788,209
4789,209
4790,209
4791,209
4792,209
4793,209
4794,209
4795,209
4796,209
4797,209
4798,209
4799,209
4800,209
4801,209
4802,209
4803,209
4804,209
4805,209
4806,209
4807,209
4808,209
4809,209
4810,209
4811,209
4812,209
4813,209
4814,209
4815,209
4816,209
4817,209
4818,209
4819,209
4820,209
4821,209
4822,209
4823,209
4824,209
4825,209
4826,209
4827,209
4828,209
4829,209
4830,209
4831,209
4832,209
4833,209
4834,209
4835,209
4836,209
4837,209
4838,209
4839,209
4840,209
4841,209
4842,209
4843,209
4844,209
4845,209
4846,209
4847,209
4848,209
4849,209
4850,209
4851,209
4852,209
4853,209
4854,209
4855,209
4856,209
4857,209
4858,209
4859,209
4860,209
4861,209
4862,209
4863,209
4864,209
4865,209
4866,209
4867,209
4868,209
4869,208
4870,208
4871,208
4872,208
4873,208
4874,208
4875,208
4876,208
4877,208
4878,208
4879,208
4880,208
4881,208
4882,208
4883,208
4884,208
4885,208
4886,208
4887,208
4888,208
4889,208
4890,208
4891,208
4892,208
4893,208
4894,208
4895,208
4896,208
4897,208
4898,208
4899,208
4900,208
4901,208
4902,208
4903,208
4904,208
4905,208
4906,208
4907,208
4908,208
4909,208
4910,208
4911,208
4912,208
4913,208
4914,208
4915,208
4916,208
4917,208
4918,208
4919,208
4920,208
4921,208
4922,208
4923,208
4924,208
4925,208
4926,208
4927,208
4928,208
4929,208
4930,208
4931,208
4932,208
4933,208
4934,208
4935,208
4936,208
4937,208
4938,208
4939,208
4940,208
4941,208
4942,208
4943,208
4944,208
4945,208
4946,208
4947,208
4948,208
4949,208
4950,208
4951,208
4952,208
4953,208
4954,208
4955,208
4956,208
4957,208
4958,208
4959,208
4960,208
4961,208
4962,208
4963,208
4964,208
4965,208
4966,208
4967,208
4968,208
4969,208
4970,208
4971,208
4972,208
4973,208
4974,208
4975,208
4976,208
4977,208
4978,208
4979,208
4980,208
4981,208
4982,208
4983,208
4984,208
4985,208
4986,208
4987,208
4988,207
4989,207
4990,207
4991,207
4992,207
4993,207
4994,207
4995,207
4996,207
4997,207
4998,207
4999,207
5000,207
5001,207
5002,207
5003,207
5004,207
5005,207
5006,207
5007,207
5008,207
5009,207
5010,207
5011,207
5012,207
5013,207
5014,207
5015,207
5016,207
5017,207
5018,207
5019,207
5020,207
5021,207
5022,207
5023,207
5024,207
5025,207
5026,207
5027,207
5028,207
5029,207
5030,207
5031,207
5032,207
5033,207
5034,207
5035,207
5036,207
5037,207
5038,207
5039,207
5040,207
5041,207
5042,207
5043,207
5044,207
5045,207
5046,207
5047,207
5048,207
5049,207
5050,207
5051,207
5052,207
5053,207
5054,207
5055,207
5056,207
5057,207
5058,207
5059,207
5060,207
5061,207
5062,207
5063,207
5064,207
5065,207
5066,207
5067,207
5068,207
5069,207
5070,207
5071,207
5072,207
5073,207
5074,207
5075,207
5076,207
5077,207
5078,207
5079,206
5080,206
5081,206
5082,206
5083,206
5084,206
5085,206
5086,206
5087,206
5088,206
5089,206
5090,206
5091,206
5092,206
5093,206
5094,206
5095,206
5096,206
5097,206
5098,206
5099,206
5100,206
5101,206
5102,206
5103,206
5104,206
5105,206
5106,206
5107,206
5108,206
5109,206
5110,206
5111,206
5112,206
5113,206
5114,206
5115,206
5116,206
5117,206
5118,206
5119,206
5120,206
5121,206
5122,206
5123,206
5124,206
5125,206
5126,206
5127,206
5128,206
5129,206
5130,206
5131,206
5132,206
5133,206
5134,206
5135,206
5136,206
5137,206
5138,206
5139,206
5140,206
5141,206
5142,206
5143,206
5144,206
5145,206
5146,206
5147,206
5148,206
5149,206
5150,206
5151,206
5152,206
5153,206
5154,206
5155,206
5156,206
5157,206
5158,206
5159,206
5160,206
5161,206
5162,206
5163,206
5164,206
5165,206
5166,206
5167,206
5168,206
5169,206
5170,206
5171,206
5172,206
5173,206
5174,206
5175,206
5176,206
5177,206
5178,206
5179,206
5180,206
5181,206
5182,206
5183,206
5184,206
5185,206
5186,206
5187,206
5188,206
5189,206
5190,206
5191,206
5192,206
5193,206
5194,206
5195,206
5196,206
5197,206
5198,206
5199,206
5200,206
5201,206
5202,206
5203,206
5204,206
5205,206
5206,206
5207,206
5208,206
5209,206
5210,206
5211,206
5212,206
5213,206
5214,206
5215,206
5216,206
5217,206
5218,206
5219,206
5220,206
5221,206
5222,206
5223,206
5224,206
5225,206
5226,206
5227,206
5228,206
5229,206
5230,206
5231,206
5232,206
5233,206
5234,206
5235,206
5236,206
5237,206
5238,206
5239,206
5240,206
5241,206
5242,206
5243,206
5244,206
5245,206
5246,206
5247,206
5248,206
5249,206
5250,206
5251,206
5252,206
5253,206
5254,206
5255,206
5256,206
5257,206
5258,206
5259,206
5260,206
5261,206
5262,206
5263,206
5264,206
5265,206
5266,206
5267,206
5268,206
5269,206
5270,206
5271,206
5272,206
5273,206
5274,206
5275,206
5276,206
5277,206
5278,206
5279,206
5280,206
5281,206
5282,206
5283,206
5284,206
5285,206
5286,206
5287,206
5288,206
5289,206
5290,206
5291,206
5292,206
5293,206
5294,206
5295,206
5296,206
5297,206
5298,206
5299,206
5300,206
5301,206
5302,206
5303,206
5304,206
5305,206
5306,206
5307,206
5308,206
5309,206
5310,206
5311,206
5312,206
5313,206
5314,206
5315,206
5316,206
5317,206
5318,206
5319,206
5320,206
5321,206
5322,206
5323,206
5324,206
5325,206
5326,206
5327,206
5328,206
5329,206
5330,206
5331,206
5332,206
5333,206
5334,206
5335,206
5336,206
5337,206
5338,206
5339,206
5340,206
5341,206
5342,206
5343,206
5344,206
5345,206
5346,206
5347,206
5348,206
5349,206
5350,206
5351,206
5352,206
5353,206
5354,206
5355,206
5356,206
5357,206
5358,206
5359,206
5360,206
5361,206
5362,206
5363,206
5364,206
5365,206
5366,206
5367,206
5368,205
5369,205
5370,205
5371,205
5372,205
5373,204
5374,204
5375,204
5376,204
5377,204
5378,204
5379,204
5380,204
5381,204
5382,204
5383,204
5384,204
5385,204
5386,204
5387,204
5388,204
5389,204
5390,204
5391,204
5392,204
5393,204
5394,204
5395,204
5396,204
5397,204
5398,204
5399,204
5400,204
5401,204
5402,204
5403,204
5404,204
5405,204
5406,204
5407,204
5408,204
5409,204
5410,204
5411,204
5412,204
5413,204
5414,204
5415,204
5416,204
5417,204
5418,204
5419,204
5420,204
5421,204
5422,204
5423,204
5424,204
5425,204
5426,204
5427,204
5428,204
5429,204
5430,204
5431,204
5432,204
5433,204
5434,204
5435,204
5436,204
5437,204
5438,204
5439,204
5440,204
5441,204
5442,203
5443,203
5444,203
5445,202
5446,202
5447,202
5448,202
5449,202
5450,202
5451,202
5452,202
5453,201
5454,201
5455,201
5456,201
5457,201
5458,201
5459,201
5460,201
5461,201
5462,201
5463,201
5464,201
5465,201
5466,201
5467,201
5468,201
5469,201
5470,201
5471,201
5472,201
5473,201
5474,201
5475,201
5476,201
5477,201
5478,201
5479,201
5480,201
5481,201
5482,201
5483,201
5484,201
5485,201
5486,201
5487,201
5488,201
5489,201
5490,201
5491,201
5492,201
5493,201
5494,201
5495,201
5496,201
5497,201
5498,201
5499,201
5500,201
5501,201
5502,201
5503,201
5504,201
5505,201
5506,201
5507,201
5508,201
5509,201
5510,201
5511,201
5512,201
5513,201
5514,201
5515,201
5516,201
5517,201
5518,201
5519,201
5520,201
5521,201
5522,201
5523,201
5524,201
5525,201
5526,201
5527,201
5528,201
5529,201
5530,201
5531,201
5532,201
5533,201
5534,201
5535,201
5536,201
5537,201
5538,201
5539,201
5540,201
5541,201
5542,201
5543,201
5544,201
5545,201
5546,201
5547,201
5548,201
5549,201
5550,201
5551,201
5552,201
5553,201
5554,201
5555,201
5556,201
5557,201
5558,201
5559,201
5560,201
5561,201
5562,201
5563,201
5564,201
5565,201
5566,201
5567,201
5568,201
5569,201
5570,201
5571,201
5572,201
5573,201
5574,201
5575,201
5576,201
5577,201
5578,201
5579,201
5580,201
5581,201
5582,201
5583,201
5584,201
5585,201
5586,201
5587,201
5588,201
5589,201
5590,201
5591,201
5592,201
5593,201
5594,201
5595,201
5596,201
5597,201
5598,201
5599,201
5600,201
5601,201
5602,201
5603,201
5604,201
5605,201
5606,201
5607,201
5608,201
5609,201
5610,201
5611,201
5612,201
5613,201
5614,201
5615,201
5616,201
5617,201
5618,201
5619,201
5620,201
5621,201
5622,201
5623,201
5624,201
5625,201
5626,201
5627,201
5628,201
5629,201
5630,201
5631,201
5632,201
5633,201
5634,201
5635,201
5636,201
5637,201
5638,201
5639,201
5640,201
5641,201
5642,201
5643,201
5644,201
5645,201
5646,201
5647,201
5648,201
5649,201
5650,201
5651,201
5652,201
5653,201
5654,201
5655,201
5656,201
5657,201
5658,201
5659,201
5660,201
5661,201
5662,201
5663,201
5664,201
5665,201
5666,201
5667,201
5668,201
5669,201
5670,201
5671,201
5672,201
5673,201
5674,201
5675,201
5676,201
5677,201
5678,201
5679,201
5680,201
5681,201
5682,201
5683,201
5684,201
5685,201
5686,201
5687,201
5688,201
5689,201
5690,201
5691,201
5692,201
5693,201
5694,201
5695,201
5696,201
5697,201
5698,201
5699,201
5700,201
5701,201
5702,201
5703,201
5704,201
5705,201
5706,201
5707,201
5708,201
5709,201
5710,201
5711,201
5712,201
5713,201
5714,201
5715,201
5716,201
5717,201
5718,201
5719,201
5720,201
5721,201
5722,201
5723,201
5724,201
5725,201
5726,201
5727,201
5728,201
5729,201
5730,201
5731,201
5732,201
5733,201
5734,201
5735,201
5736,201
5737,201
5738,201
5739,201
5740,201
5741,201
5742,201
5743,201
5744,201
5745,201
5746,201
5747,201
5748,201
5749,201
5750,201
5751,201
5752,201
5753,201
5754,201
5755,201
5756,201
5757,201
5758,201
5759,201
5760,201
5761,201
5762,201
5763,201
5764,200
5765,200
5766,200
5767,200
5768,200
5769,200
5770,199
5771,198
5772,198
5773,198
5774,198
5775,198
5776,198
5777,198
5778,198
5779,198
5780,198
5781,198
5782,198
5783,198
5784,198
5785,198
5786,198
5787,198
5788,197
5789,197
5790,197
5791,197
5792,197
5793,197
5794,197
5795,197
5796,197
5797,197
5798,197
5799,197
5800,197
5801,197
5802,197
5803,197
5804,197
5805,197
5806,197
5807,197
5808,197
5809,197
5810,197
5811,197
5812,197
5813,197
5814,197
5815,197
5816,197
5817,197
5818,197
5819,197
5820,196
5821,196
5822,196
5823,196
5824,196
5825,196
5826,196
5827,196
5828,196
5829,196
5830,196
5831,196
5832,196
5833,196
5834,196
5835,196
5836,196
5837,196
5838,196
5839,196
5840,196
5841,196
5842,196
5843,196
5844,196
5845,196
5846,196
5847,196
5848,196
5849,196
5850,196
5851,196
5852,196
5853,196
5854,196
5855,196
5856,196
5857,196
5858,196
5859,196
5860,196
5861,196
5862,196
5863,196
5864,196
5865,196
5866,196
5867,196
5868,196
5869,196
5870,196
5871,196
5872,196
5873,196
5874,196
5875,196
5876,196
5877,196
5878,196
5879,196
5880,196
5881,196
5882,196
5883,196
5884,196
5885,196
5886,196
5887,196
5888,196
5889,196
5890,196
5891,196
5892,196
5893,196
5894,196
5895,196
5896,196
5897,196
5898,196
5899,196
5900,196
5901,196
5902,196
5903,196
5904,196
5905,196
5906,196
5907,196
5908,196
5909,196
5910,196
5911,196
5912,196
5913,196
5914,196
5915,196
5916,196
5917,196
5918,196
5919,196
5920,196
5921,196
5922,196
5923,196
5924,196
5925,196
5926,196
5927,195
5928,195
5929,195
5930,195
5931,195
5932,195
5933,195
5934,195
5935,195
5936,195
5937,195
5938,195
5939,195
5940,195
5941,195
5942,195
5943,195
5944,195
5945,195
5946,195
5947,195
5948,195
5949,195
5950,195
5951,195
5952,195
5953,195
5954,195
5955,195
5956,195
5957,195
5958,195
5959,195
5960,195
5961,195
5962,195
5963,195
5964,195
5965,195
5966,195
5967,195
5968,195
5969,195
5970,195
5971,195
5972,195
5973,195
5974,195
5975,195
5976,195
5977,195
5978,195
5979,195
5980,194
5981,194
5982,194
5983,194
5984,194
5985,194
5986,194
5987,194
5988,194
5989,194
5990,194
5991,193
5992,193
5993,193
5994,193
5995,193
5996,193
5997,193
5998,193
5999,193
6000,193
6001,193
6002,193
6003,193
6004,193
6005,193
6006,193
6007,193
6008,193
6009,193
6010,193
6011,193
6012,193
6013,193
6014,193
6015,193
6016,193
6017,193
6018,193
6019,193
6020,193
6021,193
6022,193
6023,193
6024,193
6025,193
6026,193
6027,193
6028,193
6029,193
6030,193
6031,193
6032,193
6033,193
6034,193
6035,193
6036,193
6037,193
6038,193
6039,193
6040,193
6041,193
6042,193
6043,193
6044,193
6045,193
6046,193
6047,193
6048,193
6049,193
6050,193
6051,193
6052,193
6053,193
6054,193
6055,193
6056,193
6057,193
6058,193
6059,193
6060,193
6061,193
6062,193
6063,193
6064,193
6065,193
6066,193
6067,193
6068,193
6069,193
6070,193
6071,193
6072,193
6073,193
6074,193
6075,193
6076,193
6077,193
6078,193
6079,193
6080,193
6081,193
6082,193
6083,193
6084,193
6085,193
6086,193
6087,193
6088,193
6089,193
6090,193
6091,193
6092,193
6093,193
6094,193
6095,193
6096,193
6097,193
6098,193
6099,193
6100,192
6101,192
6102,192
6103,192
6104,192
6105,192
6106,192
6107,192
6108,192
6109,192
6110,192
6111,192
6112,192
6113,192
6114,192
6115,192
6116,192
6117,192
6118,192
6119,192
6120,192
6121,192
6122,192
6123,192
6124,192
6125,192
6126,192
6127,192
6128,192
6129,192
6130,192
6131,192
6132,192
6133,192
6134,192
6135,192
6136,192
6137,192
6138,192
6139,192
6140,192
6141,192
6142,192
6143,192
6144,192
6145,192
6146,192
6147,192
6148,192
6149,192
6150,192
6151,192
6152,192
6153,192
6154,192
6155,192
6156,192
6157,192
6158,192
6159,192
6160,192
6161,192
6162,192
6163,192
6164,192
6165,192
6166,192
6167,192
6168,192
6169,192
6170,192
6171,192
6172,192
6173,192
6174,192
6175,192
6176,192
6177,192
6178,192
6179,192
6180,192
6181,192
6182,192
6183,192
6184,192
6185,192
6186,192
6187,192
6188,192
6189,192
6190,192
6191,192
6192,192
6193,192
6194,192
6195,192
6196,192
6197,192
6198,192
6199,192
6200,192
6201,192
6202,192
6203,192
6204,192
6205,192
6206,192
6207,192
6208,192
6209,192
6210,192
6211,192
6212,192
6213,192
6214,192
6215,192
6216,192
6217,192
6218,192
6219,192
6220,192
6221,192
6222,192
6223,192
6224,192
6225,192
6226,192
6227,192
6228,192
6229,192
6230,192
6231,192
6232,192
6233,192
6234,192
6235,192
6236,192
6237,192
6238,192
6239,192
6240,192
6241,192
6242,192
6243,192
6244,192
6245,192
6246,192
6247,192
6248,192
6249,191
6250,191
6251,191
6252,191
6253,191
6254,191
6255,191
6256,191
6257,191
6258,191
6259,191
6260,191
6261,191
6262,191
6263,191
6264,191
6265,191
6266,191
6267,191
6268,191
6269,191
6270,191
6271,191
6272,191
6273,191
6274,191
6275,191
6276,191
6277,191
6278,191
6279,191
6280,191
6281,191
6282,191
6283,191
6284,191
6285,191
6286,191
6287,191
6288,191
6289,191
6290,191
6291,191
6292,191
6293,191
6294,191
6295,191
6296,191
6297,191
6298,191
6299,191
6300,191
6301,191
6302,191
6303,191
6304,191
6305,191
6306,191
6307,191
6308,191
6309,191
6310,191
6311,191
6312,191
6313,191
6314,191
6315,191
6316,191
6317,191
6318,191
6319,191
6320,191
6321,191
6322,191
6323,191
6324,191
6325,191
6326,191
6327,191
6328,191
6329,191
6330,191
6331,191
6332,191
6333,191
6334,191
6335,191
6336,191
6337,191
6338,191
6339,191
6340,191
6341,191
6342,191
6343,191
6344,191
6345,191
6346,191
6347,191
6348,191
6349,191
6350,191
6351,191
6352,191
6353,191
6354,191
6355,191
6356,191
6357,191
6358,191
6359,191
6360,191
6361,191
6362,191
6363,191
6364,191
6365,191
6366,191
6367,191
6368,191
6369,191
6370,191
6371,191
6372,191
6373,191
6374,191
6375,191
6376,191
6377,191
6378,191
6379,191
6380,191
6381,191
6382,191
6383,191
6384,191
6385,191
6386,191
6387,191
6388,191
6389,191
6390,191
6391,191
6392,191
6393,191
6394,191
6395,191
6396,191
6397,191
6398,191
6399,191
6400,191
6401,191
6402,191
6403,191
6404,191
6405,191
6406,191
6407,191
6408,191
6409,191
6410,191
6411,191
6412,191
6413,191
6414,191
6415,191
6416,191
6417,191
6418,191
6419,191
6420,191
6421,191
6422,191
6423,191
6424,191
6425,191
6426,191
6427,191
6428,191
6429,191
6430,191
6431,191
6432,191
6433,191
6434,191
6435,191
6436,191
6437,191
6438,191
6439,191
6440,191
6441,191
6442,191
6443,191
6444,191
6445,191
6446,191
6447,191
6448,191
6449,191
6450,191
6451,191
6452,191
6453,191
6454,191
6455,191
6456,191
6457,191
6458,191
6459,191
6460,191
6461,191
6462,191
6463,191
6464,191
6465,191
6466,191
6467,191
6468,191
6469,191
6470,191
6471,191
6472,191
6473,191
6474,191
6475,191
6476,191
6477,191
6478,191
6479,190
6480,190
6481,190
6482,190
6483,190
6484,190
6485,190
6486,190
6487,190
6488,190
6489,190
6490,190
6491,190
6492,190
6493,190
6494,190
6495,190
6496,190
6497,190
6498,190
6499,190
6500,190
6501,190
6502,190
6503,190
6504,190
6505,190
6506,190
6507,190
6508,190
6509,190
6510,190
6511,190
6512,190
6513,190
6514,190
6515,190
6516,190
6517,190
6518,190
6519,190
6520,190
6521,190
6522,190
6523,190
6524,190
6525,190
6526,190
6527,190
6528,190
6529,190
6530,190
6531,190
6532,190
6533,190
6534,190
6535,190
6536,190
6537,190
6538,190
6539,190
6540,190
6541,189
6542,189
6543,189
6544,189
6545,189
6546,189
6547,189
6548,189
6549,189
6550,189
6551,189
6552,189
6553,189
6554,189
6555,189
6556,189
6557,189
6558,189
6559,189
6560,189
6561,189
6562,189
6563,189
6564,189
6565,189
6566,189
6567,189
6568,189
6569,189
6570,189
6571,189
6572,189
6573,189
6574,189
6575,189
6576,189
6577,188
6578,188
6579,188
6580,188
6581,188
6582,188
6583,188
6584,188
6585,188
6586,188
6587,188
6588,188
6589,188
6590,188
6591,188
6592,188
6593,188
6594,188
6595,188
6596,188
6597,188
6598,188
6599,188
6600,188
6601,188
6602,188
6603,188
6604,188
6605,188
6606,188
6607,188
6608,188
6609,188
6610,188
6611,188
6612,188
6613,188
6614,188
6615,188
6616,188
6617,188
6618,188
6619,188
6620,188
6621,188
6622,188
6623,188
6624,188
6625,188
6626,188
6627,188
6628,188
6629,188
6630,188
6631,188
6632,188
6633,188
6634,188
6635,188
6636,188
6637,188
6638,188
6639,188
6640,188
6641,188
6642,188
6643,188
6644,188
6645,188
6646,188
6647,188
6648,188
6649,188
6650,188
6651,188
6652,188
6653,188
6654,188
6655,188
6656,188
6657,188
6658,188
6659,188
6660,188
6661,188
6662,188
6663,188
6664,188
6665,188
6666,188
6667,188
6668,188
6669,188
6670,188
6671,188
6672,188
6673,188
6674,188
6675,188
6676,188
6677,188
6678,188
6679,188
6680,188
6681,188
6682,188
6683,188
6684,188
6685,188
6686,188
6687,188
6688,188
6689,188
6690,188
6691,188
6692,188
6693,188
6694,188
6695,188
6696,188
6697,188
6698,188
6699,188
6700,188
6701,188
6702,188
6703,188
6704,188
6705,188
6706,188
6707,188
6708,188
6709,188
6710,188
6711,188
6712,188
6713,188
6714,188
6715,188
6716,188
6717,188
6718,188
6719,188
6720,188
6721,188
6722,188
6723,188
6724,188
6725,188
6726,188
6727,188
6728,188
6729,188
6730,188
6731,188
6732,188
6733,188
6734,188
6735,188
6736,188
6737,188
6738,188
6739,188
6740,188
6741,188
6742,188
6743,188
6744,188
6745,188
6746,188
6747,188
6748,188
6749,188
6750,188
6751,188
6752,188
6753,188
6754,188
6755,188
6756,188
6757,188
6758,188
6759,188
6760,188
6761,188
6762,188
6763,188
6764,188
6765,188
6766,188
6767,188
6768,188
6769,188
6770,188
6771,188
6772,188
6773,188
6774,188
6775,188
6776,188
6777,188
6778,188
6779,188
6780,188
6781,188
6782,188
6783,188
6784,188
6785,188
6786,188
6787,188
6788,188
6789,188
6790,188
6791,188
6792,188
6793,188
6794,188
6795,188
6796,188
6797,188
6798,188
6799,188
6800,188
6801,188
6802,188
6803,188
6804,188
6805,188
6806,188
6807,187
6808,187
6809,187
6810,187
6811,187
6812,187
6813,187
6814,187
6815,187
6816,187
6817,187
6818,187
6819,187
6820,187
6821,187
6822,187
6823,187
6824,187
6825,187
6826,187
6827,187
6828,187
6829,187
6830,187
6831,187
6832,187
6833,187
6834,187
6835,187
6836,187
6837,187
6838,187
6839,187
6840,187
6841,187
6842,187
6843,187
6844,187
6845,187
6846,187
6847,187
6848,187
6849,187
6850,187
6851,187
6852,187
6853,187
6854,186
6855,186
6856,186
6857,186
6858,186
6859,186
6860,186
6861,186
6862,186
6863,186
6864,186
6865,186
6866,186
6867,186
6868,186
6869,186
6870,186
6871,186
6872,186
6873,186
6874,186
6875,186
6876,186
6877,186
6878,186
6879,186
6880,186
6881,186
6882,186
6883,186
6884,186
6885,186
6886,186
6887,186
6888,186
6889,186
6890,186
6891,186
6892,186
6893,186
6894,186
6895,186
6896,186
6897,186
6898,186
6899,186
6900,186
6901,186
6902,186
6903,186
6904,186
6905,186
6906,186
6907,186
6908,186
6909,186
6910,186
6911,186
6912,186
6913,186
6914,186
6915,186
6916,186
6917,186
6918,186
6919,186
6920,186
6921,186
6922,186
6923,186
6924,186
6925,186
6926,186
6927,186
6928,186
6929,186
6930,186
6931,186
6932,186
6933,185
6934,185
6935,185
6936,185
6937,185
6938,185
6939,185
6940,185
6941,185
6942,185
6943,185
6944,185
6945,185
6946,185
6947,185
6948,185
6949,185
6950,185
6951,185
6952,185
6953,185
6954,185
6955,185
6956,185
6957,185
6958,185
6959,185
6960,185
6961,185
6962,185
6963,185
6964,185
6965,185
6966,185
6967,185
6968,185
6969,185
6970,185
6971,185
6972,185
6973,185
6974,184
6975,184
6976,184
6977,184
6978,184
6979,184
6980,184
6981,184
6982,184
6983,184
6984,184
6985,184
6986,184
6987,184
6988,184
6989,184
6990,184
6991,184
6992,184
6993,184
6994,184
6995,184
6996,184
6997,184
6998,184
6999,184
7000,184
7001,184
7002,184
7003,184
7004,184
7005,184
7006,184
7007,184
7008,184
7009,184
7010,184
7011,184
7012,184
7013,184
7014,183
7015,183
7016,183
7017,183
7018,183
7019,183
7020,183
7021,183
7022,183
7023,183
7024,183
7025,183
7026,183
7027,183
7028,183
7029,183
7030,183
7031,183
7032,183
7033,183
7034,183
7035,183
7036,183
7037,183
7038,183
7039,183
7040,183
7041,183
7042,183
7043,183
7044,183
7045,183
7046,183
7047,183
7048,183
7049,183
7050,183
7051,183
7052,183
7053,183
7054,183
7055,183
7056,183
7057,183
7058,183
7059,183
7060,183
7061,183
7062,183
7063,183
7064,183
7065,183
7066,183
7067,183
7068,183
7069,183
7070,183
7071,183
7072,183
7073,183
7074,183
7075,183
7076,183
7077,183
7078,183
7079,183
7080,183
7081,183
7082,183
7083,183
7084,183
7085,183
7086,183
7087,183
7088,183
7089,183
7090,183
7091,183
7092,183
7093,183
7094,183
7095,183
7096,183
7097,183
7098,183
7099,183
7100,183
7101,183
7102,183
7103,183
7104,183
7105,183
7106,183
7107,183
7108,183
7109,183
7110,183
7111,183
7112,183
7113,183
7114,183
7115,183
7116,183
7117,183
7118,183
7119,183
7120,183
7121,183
7122,183
7123,183
7124,183
7125,183
7126,183
7127,183
7128,183
7129,183
7130,183
7131,183
7132,183
7133,183
7134,183
7135,183
7136,183
7137,183
7138,183
7139,183
7140,183
7141,183
7142,183
7143,183
7144,183
7145,183
7146,183
7147,183
7148,183
7149,183
7150,183
7151,183
7152,183
7153,183
7154,183
7155,183
7156,183
7157,183
7158,183
7159,183
7160,183
7161,183
7162,183
7163,183
7164,183
7165,183
7166,183
7167,183
7168,183
7169,183
7170,183
7171,183
7172,183
7173,183
7174,183
7175,183
7176,183
7177,183
7178,183
7179,183
7180,183
7181,183
7182,183
7183,183
7184,183
7185,183
7186,183
7187,183
7188,183
7189,183
7190,183
7191,183
7192,183
7193,183
7194,183
7195,183
7196,183
7197,183
7198,183
7199,183
7200,183
7201,183
7202,183
7203,183
7204,183
7205,183
7206,183
7207,183
7208,183
7209,183
7210,183
7211,183
7212,183
7213,183
7214,183
7215,183
7216,183
7217,183
7218,183
7219,183
7220,183
7221,183
7222,183
7223,183
7224,183
7225,183
7226,183
7227,183
7228,183
7229,183
7230,183
7231,183
7232,183
7233,183
7234,183
7235,183
7236,183
7237,182
7238,182
7239,182
7240,182
7241,182
7242,182
7243,182
7244,182
7245,182
7246,182
7247,182
7248,182
7249,182
7250,182
7251,182
7252,182
7253,182
7254,182
7255,182
7256,182
7257,182
7258,182
7259,182
7260,182
7261,182
7262,182
7263,182
7264,182
7265,182
7266,182
7267,182
7268,182
7269,182
7270,182
7271,182
7272,182
7273,182
7274,182
7275,182
7276,182
7277,182
7278,182
7279,182
7280,182
7281,182
7282,182
7283,182
7284,182
7285,182
7286,182
7287,182
7288,182
7289,182
7290,182
7291,182
7292,182
7293,182
7294,182
7295,182
7296,182
7297,182
7298,182
7299,182
7300,182
7301,182
7302,182
7303,182
7304,182
7305,182
7306,182
7307,182
7308,182
7309,182
7310,182
7311,182
7312,182
7313,182
7314,182
7315,182
7316,182
7317,182
7318,182
7319,182
7320,182
7321,182
7322,182
7323,182
7324,182
7325,182
7326,182
7327,182
7328,182
7329,182
7330,182
7331,182
7332,182
7333,182
7334,182
7335,181
7336,181
7337,181
7338,181
7339,181
7340,181
7341,181
7342,181
7343,181
7344,181
7345,181
7346,181
7347,181
7348,181
7349,181
7350,181
7351,181
7352,181
7353,181
7354,181
7355,181
7356,181
7357,181
7358,181
7359,181
7360,181
7361,181
7362,181
7363,181
7364,181
7365,181
7366,181
7367,181
7368,181
7369,181
7370,181
7371,181
7372,181
7373,181
7374,181
7375,181
7376,181
7377,181
7378,181
7379,181
7380,181
7381,181
7382,181
7383,181
7384,181
7385,181
7386,181
7387,181
7388,181
7389,181
7390,181
7391,181
7392,181
7393,181
7394,181
7395,181
7396,181
7397,181
7398,181
7399,181
7400,181
7401,181
7402,181
7403,181
7404,181
7405,181
7406,181
7407,181
7408,181
7409,181
7410,181
7411,181
7412,181
7413,181
7414,181
7415,181
7416,181
7417,181
7418,181
7419,181
7420,181
7421,181
7422,181
7423,181
7424,181
7425,181
7426,181
7427,181
7428,181
7429,181
7430,181
7431,181
7432,181
7433,181
7434,181
7435,181
7436,181
7437,181
7438,181
7439,181
7440,181
7441,181
7442,181
7443,181
7444,181
7445,181
7446,181
7447,181
7448,181
7449,181
7450,181
7451,181
7452,181
7453,181
7454,181
7455,181
7456,181
7457,181
7458,181
7459,181
7460,181
7461,181
7462,181
7463,181
7464,181
7465,181
7466,181
7467,181
7468,181
7469,181
7470,181
7471,180
7472,180
7473,180
7474,180
7475,180
7476,180
7477,180
7478,180
7479,180
7480,180
7481,180
7482,180
7483,180
7484,180
7485,180
7486,180
7487,180
7488,180
7489,180
7490,180
7491,180
7492,180
7493,180
7494,180
7495,180
7496,180
7497,180
7498,180
7499,180
7500,180
7501,180
7502,180
7503,180
7504,180
7505,180
7506,180
7507,180
7508,180
7509,180
7510,180
7511,180
7512,180
7513,180
7514,180
7515,180
7516,180
7517,180
7518,180
7519,180
7520,180
7521,180
7522,180
7523,180
7524,180
7525,180
7526,180
7527,180
7528,180
7529,180
7530,180
7531,180
7532,180
7533,180
7534,180
7535,180
7536,180
7537,180
7538,180
7539,180
7540,180
7541,180
7542,180
7543,180
7544,180
7545,180
7546,180
7547,180
7548,180
7549,180
7550,180
7551,180
7552,180
7553,180
7554,180
7555,180
7556,180
7557,180
7558,180
7559,180
7560,180
7561,180
7562,180
7563,180
7564,180
7565,180
7566,180
7567,180
7568,179
7569,179
7570,179
7571,179
7572,179
7573,179
7574,179
7575,179
7576,179
7577,179
7578,179
7579,179
7580,179
7581,179
7582,179
7583,179
7584,179
7585,179
7586,179
7587,179
7588,179
7589,179
7590,179
7591,179
7592,179
7593,179
7594,179
7595,179
7596,179
7597,179
7598,179
7599,179
7600,179
7601,179
7602,179
7603,179
7604,179
7605,179
7606,179
7607,179
7608,179
7609,179
7610,179
7611,179
7612,179
7613,179
7614,179
7615,179
7616,179
7617,179
7618,179
7619,179
7620,179
7621,179
7622,179
7623,179
7624,179
7625,179
7626,179
7627,179
7628,179
7629,179
7630,179
7631,179
7632,179
7633,179
7634,179
7635,179
7636,179
7637,179
7638,179
7639,179
7640,179
7641,179
7642,179
7643,179
7644,179
7645,179
7646,179
7647,179
7648,179
7649,179
7650,179
7651,179
7652,179
7653,179
7654,179
7655,179
7656,179
7657,179
7658,179
7659,179
7660,179
7661,179
7662,179
7663,179
7664,179
7665,179
7666,179
7667,179
7668,179
7669,179
7670,179
7671,179
7672,179
7673,179
7674,179
7675,179
7676,179
7677,179
7678,179
7679,179
7680,179
7681,179
7682,179
7683,179
7684,179
7685,179
7686,179
7687,179
7688,179
7689,179
7690,179
7691,179
7692,179
7693,179
7694,179
7695,179
7696,179
7697,179
7698,179
7699,179
7700,179
7701,179
7702,179
7703,179
7704,179
7705,179
7706,179
7707,179
7708,179
7709,179
7710,179
7711,179
7712,179
7713,179
7714,179
7715,179
7716,179
7717,179
7718,179
7719,179
7720,179
7721,179
7722,179
7723,179
7724,179
7725,179
7726,179
7727,179
7728,179
7729,179
7730,179
7731,179
7732,179
7733,179
7734,179
7735,179
7736,178
7737,178
7738,178
7739,178
7740,178
7741,178
7742,178
7743,178
7744,178
7745,178
7746,178
7747,178
7748,178
7749,178
7750,178
7751,178
7752,178
7753,178
7754,178
7755,178
7756,178
7757,178
7758,178
7759,178
7760,178
7761,178
7762,178
7763,178
7764,178
7765,178
7766,178
7767,178
7768,178
7769,178
7770,178
7771,178
7772,178
7773,178
7774,178
7775,178
7776,178
7777,178
7778,178
7779,178
7780,178
7781,178
7782,178
7783,178
7784,178
7785,178
7786,178
7787,178
7788,177
7789,177
7790,177
7791,177
7792,177
7793,177
7794,177
7795,177
7796,177
7797,177
7798,177
7799,177
7800,177
7801,177
7802,177
7803,177
7804,177
7805,177
7806,177
7807,177
7808,177
7809,177
7810,177
7811,177
7812,177
7813,177
7814,177
7815,177
7816,177
7817,177
7818,177
7819,177
7820,177
7821,177
7822,177
7823,177
7824,177
7825,177
7826,177
7827,177
7828,177
7829,177
7830,177
7831,177
7832,177
7833,177
7834,177
7835,177
7836,177
7837,177
7838,177
7839,177
7840,177
7841,177
7842,177
7843,177
7844,177
7845,177
7846,177
7847,177
7848,177
7849,177
7850,177
7851,177
7852,177
7853,177
7854,177
7855,177
7856,177
7857,177
7858,177
7859,177
7860,177
7861,177
7862,177
7863,177
7864,177
7865,177
7866,177
7867,177
7868,177
7869,177
7870,177
7871,177
7872,177
7873,177
7874,177
7875,177
7876,177
7877,177
7878,177
7879,177
7880,177
7881,177
7882,177
7883,177
7884,177
7885,177
7886,177
7887,177
7888,177
7889,177
7890,177
7891,177
7892,177
7893,177
7894,177
7895,177
7896,177
7897,177
7898,177
7899,177
7900,177
7901,177
7902,177
7903,177
7904,177
7905,177
7906,177
7907,177
7908,177
7909,177
7910,177
7911,177
7912,177
7913,177
7914,177
7915,177
7916,177
7917,177
7918,177
7919,177
7920,177
7921,177
7922,177
7923,177
7924,177
7925,177
7926,177
7927,177
7928,177
7929,177
7930,177
7931,177
7932,176
7933,176
7934,176
7935,176
7936,176
7937,176
7938,176
7939,176
7940,176
7941,176
7942,176
7943,176
7944,176
7945,176
7946,176
7947,176
7948,176
7949,176
7950,176
7951,176
7952,176
7953,176
7954,176
7955,176
7956,176
7957,176
7958,176
7959,176
7960,176
7961,176
7962,176
7963,176
7964,176
7965,176
7966,176
7967,176
7968,176
7969,176
7970,176
7971,176
7972,176
7973,176
7974,176
7975,176
7976,176
7977,176
7978,176
7979,176
7980,176
7981,176
7982,176
7983,176
7984,176
7985,176
7986,176
7987,176
7988,176
7989,176
7990,176
7991,176
7992,176
7993,176
7994,176
7995,176
7996,176
7997,176
7998,176
7999,176
8000,176
8001,176
8002,176
8003,176
8004,176
8005,176
8006,176
8007,176
8008,176
8009,176
8010,176
8011,176
8012,176
8013,176
8014,176
8015,176
8016,176
8017,176
8018,176
8019,176
8020,176
8021,176
8022,176
8023,176
8024,176
8025,176
8026,176
8027,176
8028,176
8029,176
8030,176
8031,176
8032,176
8033,176
8034,176
8035,176
8036,176
8037,176
8038,176
8039,176
8040,176
8041,176
8042,176
8043,176
8044,176
8045,176
8046,176
8047,176
8048,176
8049,176
8050,176
8051,176
8052,176
8053,176
8054,176
8055,176
8056,176
8057,176
8058,176
8059,176
8060,176
8061,176
8062,176
8063,176
8064,176
8065,176
8066,176
8067,176
8068,176
8069,176
8070,176
8071,176
8072,176
8073,176
8074,176
8075,176
8076,176
8077,176
8078,176
8079,176
8080,176
8081,176
8082,176
8083,176
8084,176
8085,176
8086,176
8087,176
8088,176
8089,176
8090,176
8091,176
8092,176
8093,176
8094,176
8095,176
8096,176
8097,176
8098,176
8099,176
8100,176
8101,176
8102,176
8103,176
8104,176
8105,176
8106,176
8107,176
8108,176
8109,176
8110,176
8111,176
8112,176
8113,176
8114,176
8115,176
8116,176
8117,176
8118,176
8119,176
8120,176
8121,176
8122,176
8123,176
8124,176
8125,176
8126,176
8127,176
8128,176
8129,176
8130,176
8131,176
8132,176
8133,176
8134,176
8135,176
8136,176
8137,176
8138,176
8139,176
8140,176
8141,176
8142,176
8143,176
8144,176
8145,176
8146,176
8147,176
8148,176
8149,176
8150,176
8151,176
8152,176
8153,176
8154,176
8155,176
8156,176
8157,176
8158,176
8159,176
8160,176
8161,176
8162,176
8163,176
8164,176
8165,176
8166,176
8167,176
8168,176
8169,176
8170,176
8171,176
8172,176
8173,176
8174,176
8175,176
8176,176
8177,176
8178,176
8179,176
8180,176
8181,176
8182,176
8183,176
8184,176
8185,176
8186,176
8187,176
8188,176
8189,176
8190,176
8191,176
8192,176
8193,176
8194,176
8195,176
8196,176
8197,176
8198,176
8199,176
8200,176
8201,176
8202,176
8203,176
8204,176
8205,176
8206,176
8207,176
8208,176
8209,176
8210,176
8211,176
8212,176
8213,176
8214,176
8215,176
8216,176
8217,176
8218,176
8219,176
8220,176
8221,176
8222,176
8223,176
8224,176
8225,176
8226,176
8227,176
8228,176
8229,176
8230,176
8231,176
8232,176
8233,176
8234,176
8235,176
8236,176
8237,176
8238,176
8239,176
8240,176
8241,176
8242,176
8243,176
8244,176
8245,176
8246,176
8247,176
8248,176
8249,176
8250,176
8251,176
8252,176
8253,176
8254,176
8255,176
8256,176
8257,176
8258,176
8259,176
8260,176
8261,176
8262,176
8263,176
8264,176
8265,176
8266,176
8267,176
8268,176
8269,176
8270,176
8271,176
8272,176
8273,176
8274,176
8275,176
8276,176
8277,176
8278,176
8279,176
8280,176
8281,176
8282,176
8283,176
8284,176
8285,176
8286,176
8287,176
8288,176
8289,176
8290,176
8291,176
8292,176
8293,176
8294,176
8295,176
8296,176
8297,175
8298,175
8299,175
8300,175
8301,175
8302,175
8303,175
8304,175
8305,175
8306,175
8307,175
8308,175
8309,175
8310,175
8311,175
8312,175
8313,175
8314,175
8315,175
8316,175
8317,175
8318,175
8319,175
8320,175
8321,175
8322,175
8323,175
8324,175
8325,175
8326,175
8327,175
8328,175
8329,175
8330,175
8331,175
8332,175
8333,175
8334,175
8335,175
8336,175
8337,175
8338,175
8339,175
8340,175
8341,175
8342,175
8343,175
8344,175
8345,175
8346,175
8347,175
8348,175
8349,175
8350,175
8351,175
8352,175
8353,175
8354,175
8355,175
8356,175
8357,175
8358,175
8359,175
8360,175
8361,175
8362,175
8363,175
8364,175
8365,175
8366,175
8367,175
8368,175
8369,175
8370,175
8371,175
8372,175
8373,175
8374,175
8375,175
8376,175
8377,175
8378,175
8379,175
8380,175
8381,175
8382,175
8383,175
8384,175
8385,175
8386,175
8387,175
8388,175
8389,175
8390,175
8391,175
8392,175
8393,175
8394,174
8395,174
8396,174
8397,174
8398,174
8399,174
8400,174
8401,174
8402,174
8403,174
8404,174
8405,174
8406,174
8407,174
8408,174
8409,174
8410,174
8411,174
8412,174
8413,174
8414,174
8415,174
8416,174
8417,174
8418,174
8419,174
8420,174
8421,174
8422,174
8423,174
8424,174
8425,174
8426,174
8427,174
8428,174
8429,174
8430,174
8431,174
8432,174
8433,174
8434,174
8435,174
8436,174
8437,174
8438,174
8439,174
8440,174
8441,174
8442,174
8443,174
8444,174
8445,174
8446,174
8447,174
8448,174
8449,174
8450,174
8451,174
8452,174
8453,174
8454,174
8455,174
8456,174
8457,174
8458,174
8459,174
8460,174
8461,174
8462,174
8463,174
8464,174
8465,174
8466,174
8467,174
8468,174
8469,174
8470,174
8471,174
8472,174
8473,174
8474,174
8475,174
8476,174
8477,174
8478,174
8479,174
8480,174
8481,174
8482,174
8483,174
8484,174
8485,174
8486,174
8487,174
8488,174
8489,174
8490,174
8491,174
8492,174
8493,174
8494,174
8495,174
8496,174
8497,174
8498,174
8499,174
8500,174
8501,174
8502,174
8503,174
8504,174
8505,174
8506,174
8507,174
8508,174
8509,174
8510,174
8511,174
8512,174
8513,174
8514,174
8515,174
8516,174
8517,174
8518,174
8519,174
8520,174
8521,174
8522,174
8523,174
8524,174
8525,174
8526,174
8527,174
8528,174
8529,174
8530,174
8531,174
8532,174
8533,174
8534,174
8535,174
8536,174
8537,174
8538,174
8539,174
8540,174
8541,174
8542,174
8543,174
8544,174
8545,174
8546,174
8547,174
8548,174
8549,174
8550,174
8551,174
8552,174
8553,174
8554,174
8555,174
8556,174
8557,174
8558,174
8559,174
8560,174
8561,174
8562,174
8563,174
8564,174
8565,174
8566,174
8567,174
8568,174
8569,174
8570,174
8571,174
8572,174
8573,174
8574,174
8575,174
8576,174
8577,174
8578,174
8579,174
8580,174
8581,174
8582,174
8583,174
8584,174
8585,174
8586,174
8587,174
8588,174
8589,174
8590,174
8591,174
8592,174
8593,174
8594,174
8595,174
8596,174
8597,174
8598,174
8599,174
8600,173
8601,173
8602,173
8603,173
8604,173
8605,173
8606,173
8607,173
8608,173
8609,173
8610,173
8611,173
8612,173
8613,173
8614,173
8615,173
8616,173
8617,173
8618,173
8619,173
8620,173
8621,173
8622,173
8623,173
8624,173
8625,173
8626,173
8627,173
8628,173
8629,173
8630,173
8631,173
8632,173
8633,173
8634,173
8635,173
8636,173
8637,173
8638,173
8639,173
8640,173
8641,173
8642,173
8643,173
8644,173
8645,173
8646,173
8647,173
8648,173
8649,173
8650,173
8651,173
8652,173
8653,173
8654,173
8655,173
8656,173
8657,173
8658,173
8659,173
8660,173
8661,173
8662,173
8663,173
8664,173
8665,173
8666,173
8667,173
8668,173
8669,173
8670,173
8671,173
8672,173
8673,173
8674,173
8675,173
8676,173
8677,173
8678,173
8679,173
8680,173
8681,173
8682,173
8683,173
8684,173
8685,173
8686,173
8687,173
8688,173
8689,173
8690,173
8691,173
8692,173
8693,173
8694,173
8695,173
8696,173
8697,173
8698,173
8699,173
8700,173
8701,173
8702,173
8703,173
8704,173
8705,173
8706,173
8707,173
8708,173
8709,173
8710,173
8711,173
8712,173
8713,173
8714,173
8715,173
8716,173
8717,173
8718,173
8719,173
8720,173
8721,173
8722,173
8723,173
8724,173
8725,173
8726,173
8727,173
8728,173
8729,173
8730,173
8731,173
8732,173
8733,173
8734,173
8735,173
8736,173
8737,173
8738,173
8739,173
8740,173
8741,173
8742,173
8743,173
8744,173
8745,173
8746,173
8747,173
8748,173
8749,173
8750,173
8751,173
8752,173
8753,173
8754,173
8755,173
8756,173
8757,173
8758,173
8759,173
8760,173
8761,173
8762,173
8763,173
8764,173
8765,173
8766,173
8767,173
8768,173
8769,173
8770,173
8771,173
8772,173
8773,173
8774,173
8775,173
8776,173
8777,173
8778,173
8779,173
8780,173
8781,173
8782,173
8783,173
8784,173
8785,173
8786,173
8787,173
8788,173
8789,173
8790,173
8791,173
8792,173
8793,173
8794,173
8795,173
8796,173
8797,173
8798,173
8799,173
8800,173
8801,173
8802,173
8803,173
8804,173
8805,173
8806,173
8807,173
8808,173
8809,173
8810,173
8811,173
8812,173
8813,173
8814,173
8815,173
8816,173
8817,173
8818,173
8819,173
8820,173
8821,173
8822,173
8823,173
8824,173
8825,173
8826,173
8827,173
8828,173
8829,173
8830,173
8831,173
8832,173
8833,173
8834,173
8835,173
8836,173
8837,173
8838,173
8839,173
8840,173
8841,173
8842,173
8843,173
8844,173
8845,173
8846,173
8847,173
8848,173
8849,173
8850,173
8851,173
8852,173
8853,173
8854,173
8855,173
8856,173
8857,173
8858,173
8859,173
8860,173
8861,173
8862,173
8863,173
8864,173
8865,173
8866,173
8867,173
8868,173
8869,173
8870,173
8871,173
8872,173
8873,173
8874,173
8875,173
8876,173
8877,173
8878,173
8879,173
8880,173
8881,173
8882,173
8883,173
8884,173
8885,173
8886,173
8887,173
8888,173
8889,173
8890,173
8891,173
8892,173
8893,173
8894,173
8895,173
8896,173
8897,173
8898,173
8899,173
8900,173
8901,173
8902,173
8903,173
8904,173
8905,173
8906,173
8907,173
8908,173
8909,173
8910,173
8911,173
8912,173
8913,173
8914,173
8915,173
8916,173
8917,173
8918,173
8919,173
8920,173
8921,173
8922,173
8923,173
8924,173
8925,173
8926,173
8927,173
8928,173
8929,173
8930,173
8931,173
8932,173
8933,173
8934,173
8935,173
8936,173
8937,173
8938,173
8939,173
8940,173
8941,173
8942,173
8943,173
8944,173
8945,173
8946,173
8947,173
8948,173
8949,173
8950,173
8951,173
8952,173
8953,172
8954,172
8955,172
8956,172
8957,172
8958,172
8959,172
8960,172
8961,172
8962,172
8963,172
8964,172
8965,172
8966,172
8967,172
8968,172
8969,172
8970,172
8971,172
8972,172
8973,172
8974,172
8975,172
8976,172
8977,172
8978,172
8979,172
8980,172
8981,172
8982,172
8983,172
8984,172
8985,172
8986,172
8987,172
8988,172
8989,172
8990,172
8991,172
8992,172
8993,172
8994,172
8995,172
8996,172
8997,172
8998,172
8999,172
9000,172
9001,172
9002,172
9003,172
9004,172
9005,172
9006,172
9007,172
9008,172
9009,172
9010,172
9011,172
9012,172
9013,172
9014,172
9015,172
9016,172
9017,172
9018,172
9019,172
9020,172
9021,172
9022,172
9023,172
9024,172
9025,172
9026,172
9027,172
9028,172
9029,172
9030,172
9031,172
9032,172
9033,172
9034,172
9035,172
9036,172
9037,172
9038,172
9039,172
9040,172
9041,172
9042,172
9043,172
9044,172
9045,172
9046,172
9047,172
9048,172
9049,172
9050,172
9051,172
9052,172
9053,172
9054,172
9055,172
9056,172
9057,172
9058,172
9059,172
9060,172
9061,172
9062,172
9063,172
9064,172
9065,172
9066,172
9067,172
9068,172
9069,172
9070,172
9071,172
9072,172
9073,172
9074,172
9075,172
9076,172
9077,172
9078,172
9079,172
9080,172
9081,172
9082,172
9083,172
9084,172
9085,172
9086,172
9087,172
9088,172
9089,172
9090,172
9091,172
9092,172
9093,172
9094,172
9095,172
9096,172
9097,172
9098,172
9099,172
9100,172
9101,172
9102,172
9103,172
9104,172
9105,172
9106,172
9107,172
9108,172
9109,172
9110,172
9111,172
9112,172
9113,172
9114,172
9115,172
9116,172
9117,172
9118,172
9119,172
9120,172
9121,172
9122,172
9123,172
9124,172
9125,172
9126,172
9127,172
9128,172
9129,172
9130,172
9131,172
9132,172
9133,172
9134,172
9135,172
9136,172
9137,172
9138,172
9139,172
9140,172
9141,172
9142,172
9143,172
9144,172
9145,172
9146,172
9147,172
9148,172
9149,172
9150,172
9151,172
9152,172
9153,172
9154,172
9155,172
9156,172
9157,172
9158,172
9159,172
9160,172
9161,172
9162,172
9163,172
9164,172
9165,172
9166,172
9167,172
9168,172
9169,172
9170,172
9171,172
9172,172
9173,172
9174,172
9175,172
9176,172
9177,172
9178,172
9179,172
9180,172
9181,172
9182,172
9183,172
9184,172
9185,172
9186,172
9187,172
9188,172
9189,172
9190,172
9191,172
9192,172
9193,172
9194,172
9195,172
9196,172
9197,172
9198,172
9199,172
9200,172
9201,172
9202,172
9203,172
9204,172
9205,172
9206,172
9207,172
9208,172
9209,172
9210,172
9211,172
9212,172
9213,172
9214,172
9215,172
9216,172
9217,172
9218,172
9219,172
9220,172
9221,172
9222,172
9223,172
9224,172
9225,172
9226,172
9227,172
9228,172
9229,172
9230,172
9231,172
9232,172
9233,172
9234,172
9235,172
9236,172
9237,172
9238,172
9239,172
9240,172
9241,172
9242,172
9243,172
9244,172
9245,172
9246,172
9247,172
9248,172
9249,172
9250,172
9251,172
9252,172
9253,172
9254,172
9255,172
9256,172
9257,172
9258,172
9259,172
9260,172
9261,172
9262,172
9263,172
9264,172
9265,172
9266,172
9267,172
9268,172
9269,172
9270,172
9271,172
9272,172
9273,172
9274,172
9275,172
9276,172
9277,172
9278,172
9279,172
9280,172
9281,172
9282,172
9283,172
9284,172
9285,172
9286,172
9287,172
9288,172
9289,172
9290,172
9291,172
9292,172
9293,172
9294,172
9295,172
9296,172
9297,172
9298,172
9299,172
9300,172
9301,172
9302,172
9303,172
9304,172
9305,172
9306,172
9307,172
9308,172
9309,172
9310,172
9311,172
9312,172
9313,172
9314,172
9315,172
9316,172
9317,172
9318,172
9319,172
9320,172
9321,172
9322,172
9323,172
9324,172
9325,172
9326,172
9327,172
9328,172
9329,172
9330,172
9331,172
9332,172
9333,172
9334,172
9335,172
9336,172
9337,172
9338,172
9339,172
9340,172
9341,172
9342,172
9343,172
9344,172
9345,172
9346,172
9347,172
9348,172
9349,172
9350,172
9351,172
9352,172
9353,172
9354,172
9355,172
9356,172
9357,172
9358,172
9359,172
9360,172
9361,172
9362,172
9363,172
9364,172
9365,172
9366,172
9367,172
9368,172
9369,172
9370,172
9371,172
9372,172
9373,172
9374,172
9375,172
9376,172
9377,172
9378,172
9379,172
9380,172
9381,172
9382,172
9383,172
9384,172
9385,172
9386,172
9387,172
9388,172
9389,172
9390,172
9391,172
9392,172
9393,172
9394,172
9395,172
9396,172
9397,172
9398,172
9399,172
9400,172
9401,172
9402,172
9403,172
9404,172
9405,172
9406,172
9407,172
9408,172
9409,172
9410,172
9411,172
9412,172
9413,172
9414,172
9415,172
9416,172
9417,172
9418,172
9419,172
9420,172
9421,172
9422,172
9423,172
9424,172
9425,172
9426,172
9427,172
9428,172
9429,172
9430,172
9431,172
9432,172
9433,172
9434,172
9435,172
9436,172
9437,172
9438,172
9439,172
9440,172
9441,172
9442,172
9443,172
9444,172
9445,172
9446,172
9447,172
9448,172
9449,172
9450,172
9451,172
9452,172
9453,172
9454,172
9455,172
9456,172
9457,172
9458,172
9459,172
9460,172
9461,172
9462,172
9463,172
9464,172
9465,172
9466,172
9467,172
9468,172
9469,172
9470,172
9471,172
9472,171
9473,171
9474,171
9475,170
9476,170
9477,170
9478,170
9479,170
9480,170
9481,170
9482,170
9483,170
9484,170
9485,170
9486,170
9487,170
9488,170
9489,170
9490,170
9491,170
9492,170
9493,169
9494,169
9495,169
9496,169
9497,169
9498,169
9499,169
9500,169
9501,169
9502,168
9503,168
9504,168
9505,168
9506,168
9507,168
9508,168
9509,168
9510,168
9511,168
9512,168
9513,168
9514,168
9515,168
9516,168
9517,168
9518,168
9519,168
9520,168
9521,168
9522,168
9523,168
9524,168
9525,168
9526,168
9527,168
9528,168
9529,168
9530,168
9531,168
9532,168
9533,168
9534,168
9535,168
9536,168
9537,168
9538,168
9539,168
9540,168
9541,168
9542,168
9543,168
9544,168
9545,168
9546,168
9547,168
9548,168
9549,168
9550,168
9551,168
9552,168
9553,168
9554,168
9555,168
9556,168
9557,168
9558,168
9559,168
9560,168
9561,168
9562,168
9563,168
9564,168
9565,168
9566,168
9567,168
9568,168
9569,168
9570,168
9571,168
9572,168
9573,168
9574,168
9575,168
9576,168
9577,168
9578,168
9579,168
9580,168
9581,168
9582,168
9583,168
9584,168
9585,168
9586,168
9587,168
9588,168
9589,168
9590,168
9591,168
9592,168
9593,168
9594,168
9595,168
9596,168
9597,168
9598,168
9599,168
9600,168
9601,168
9602,168
9603,168
9604,168
9605,168
9606,168
9607,168
9608,168
9609,168
9610,168
9611,168
9612,168
9613,168
9614,168
9615,168
9616,168
9617,168
9618,168
9619,168
9620,168
9621,168
9622,168
9623,168
9624,168
9625,168
9626,168
9627,168
9628,167
9629,167
9630,167
9631,167
9632,167
9633,167
9634,167
9635,167
9636,167
9637,167
9638,167
9639,167
9640,167
9641,167
9642,167
9643,167
9644,167
9645,167
9646,167
9647,167
9648,167
9649,167
9650,167
9651,167
9652,167
9653,167
9654,167
9655,167
9656,167
9657,167
9658,167
9659,167
9660,167
9661,167
9662,167
9663,167
9664,167
9665,167
9666,167
9667,167
9668,167
9669,167
9670,167
9671,167
9672,167
9673,167
9674,167
9675,167
9676,167
9677,167
9678,167
9679,167
9680,167
9681,167
9682,167
9683,167
9684,167
9685,167
9686,167
9687,167
9688,167
9689,167
9690,167
9691,167
9692,167
9693,167
9694,167
9695,167
9696,167
9697,167
9698,167
9699,167
9700,167
9701,167
9702,167
9703,167
9704,167
9705,167
9706,167
9707,167
9708,167
9709,167
9710,167
9711,167
9712,167
9713,167
9714,167
9715,167
9716,167
9717,167
9718,167
9719,167
9720,167
9721,167
9722,167
9723,167
9724,167
9725,167
9726,167
9727,167
9728,167
9729,167
9730,167
9731,167
9732,167
9733,167
9734,167
9735,167
9736,167
9737,167
9738,167
9739,167
9740,167
9741,167
9742,167
9743,167
9744,167
9745,167
9746,167
9747,167
9748,167
9749,167
9750,167
9751,167
9752,167
9753,167
9754,167
9755,167
9756,167
9757,167
9758,167
9759,167
9760,167
9761,167
9762,167
9763,167
9764,167
9765,167
9766,167
9767,167
9768,166
9769,166
9770,166
9771,166
9772,166
9773,166
9774,166
9775,166
9776,166
9777,166
9778,166
9779,166
9780,166
9781,166
9782,166
9783,166
9784,166
9785,166
9786,166
9787,166
9788,166
9789,166
9790,166
9791,166
9792,166
9793,166
9794,166
9795,166
9796,166
9797,166
9798,166
9799,166
9800,166
9801,166
9802,166
9803,166
9804,166
9805,166
9806,166
9807,166
9808,166
9809,166
9810,166
9811,166
9812,166
9813,166
9814,166
9815,166
9816,166
9817,166
9818,166
9819,166
9820,166
9821,166
9822,166
9823,166
9824,166
9825,166
9826,166
9827,166
9828,166
9829,166
9830,166
9831,166
9832,166
9833,166
9834,166
9835,166
9836,166
9837,166
9838,166
9839,166
9840,166
9841,166
9842,166
9843,166
9844,166
9845,166
9846,166
9847,166
9848,166
9849,166
9850,166
9851,166
9852,166
9853,166
9854,166
9855,166
9856,166
9857,166
9858,166
9859,166
9860,166
9861,166
9862,166
9863,166
9864,166
9865,166
9866,166
9867,165
9868,165
9869,165
9870,165
9871,165
9872,165
9873,165
9874,165
9875,165
9876,165
9877,165
9878,165
9879,165
9880,165
9881,165
9882,165
9883,165
9884,165
9885,165
9886,165
9887,165
9888,165
9889,165
9890,165
9891,165
9892,165
9893,165
9894,165
9895,165
9896,165
9897,165
9898,165
9899,165
9900,165
9901,165
9902,165
9903,165
9904,165
9905,165
9906,165
9907,165
9908,165
9909,165
9910,165
9911,165
9912,165
9913,165
9914,165
9915,165
9916,165
9917,165
9918,165
9919,165
9920,165
9921,165
9922,165
9923,165
9924,165
9925,165
9926,165
9927,165
9928,165
9929,165
9930,165
9931,165
9932,165
9933,165
9934,165
9935,165
9936,165
9937,165
9938,165
9939,165
9940,165
9941,165
9942,165
9943,165
9944,165
9945,165
9946,165
9947,165
9948,165
9949,165
9950,165
9951,165
9952,165
9953,165
9954,165
9955,165
9956,165
9957,165
9958,165
9959,165
9960,165
9961,165
9962,165
9963,165
9964,165
9965,165
9966,165
9967,165
9968,165
9969,165
9970,165
9971,165
9972,165
9973,165
9974,165
9975,165
9976,165
9977,165
9978,165
9979,165
9980,165
9981,165
9982,165
9983,165
9984,165
9985,165
9986,165
9987,165
9988,165
9989,165
9990,165
9991,165
9992,165
9993,165
9994,165
9995,165
9996,165
9997,165
9998,165
9999,165
