,pso
0,300
1,300
2,300
3,300
4,300
5,300
6,300
7,300
8,300
9,300
10,300
11,300
12,300
13,300
14,300
15,300
16,300
17,300
18,300
19,300
20,300
21,300
22,300
23,300
24,300
25,300
26,300
27,300
28,300
29,300
30,300
31,300
32,300
33,300
34,300
35,300
36,300
37,300
38,300
39,300
40,300
41,300
42,300
43,300
44,300
45,300
46,300
47,300
48,300
49,300
50,300
51,300
52,300
53,300
54,300
55,300
56,300
57,300
58,300
59,300
60,300
61,300
62,300
63,300
64,300
65,300
66,300
67,300
68,300
69,300
70,300
71,300
72,300
73,300
74,300
75,300
76,300
77,300
78,300
79,300
80,300
81,300
82,300
83,300
84,300
85,300
86,300
87,300
88,300
89,300
90,300
91,300
92,300
93,300
94,300
95,300
96,300
97,300
98,300
99,300
100,300
101,300
102,300
103,300
104,300
105,300
106,300
107,300
108,300
109,300
110,300
111,300
112,300
113,300
114,300
115,300
116,300
117,300
118,300
119,300
120,300
121,300
122,300
123,300
124,300
125,300
126,300
127,300
128,300
129,300
130,300
131,300
132,300
133,300
134,300
135,300
136,300
137,300
138,300
139,300
140,300
141,300
142,300
143,300
144,300
145,300
146,300
147,300
148,300
149,300
150,300
151,300
152,300
153,300
154,300
155,300
156,300
157,300
158,300
159,300
160,300
161,300
162,300
163,300
164,300
165,300
166,300
167,300
168,300
169,300
170,300
171,300
172,300
173,300
174,300
175,300
176,300
177,300
178,300
179,300
180,300
181,300
182,300
183,300
184,300
185,300
186,300
187,300
188,300
189,300
190,300
191,300
192,300
193,300
194,300
195,300
196,300
197,300
198,300
199,300
200,300
201,300
202,300
203,300
204,300
205,300
206,300
207,300
208,300
209,300
210,300
211,300
212,300
213,300
214,300
215,300
216,300
217,300
218,300
219,300
220,300
221,300
222,300
223,300
224,300
225,300
226,300
227,300
228,300
229,300
230,300
231,300
232,300
233,300
234,300
235,300
236,300
237,300
238,300
239,300
240,300
241,300
242,300
243,300
244,300
245,300
246,300
247,300
248,300
249,300
250,300
251,300
252,300
253,300
254,300
255,300
256,300
257,300
258,300
259,300
260,300
261,300
262,300
263,300
264,300
265,300
266,300
267,300
268,300
269,300
270,300
271,300
272,300
273,300
274,300
275,300
276,300
277,300
278,300
279,300
280,300
281,300
282,300
283,300
284,300
285,300
286,300
287,300
288,300
289,300
290,300
291,300
292,300
293,300
294,300
295,300
296,300
297,300
298,300
299,300
300,300
301,300
302,300
303,300
304,300
305,300
306,300
307,300
308,300
309,300
310,300
311,300
312,300
313,300
314,300
315,300
316,300
317,300
318,300
319,300
320,300
321,300
322,300
323,300
324,300
325,300
326,300
327,300
328,300
329,300
330,300
331,300
332,300
333,300
334,300
335,300
336,300
337,300
338,300
339,300
340,300
341,300
342,300
343,300
344,300
345,300
346,300
347,300
348,300
349,300
350,300
351,300
352,300
353,300
354,300
355,300
356,300
357,300
358,300
359,300
360,300
361,300
362,300
363,300
364,300
365,300
366,300
367,300
368,300
369,300
370,300
371,300
372,300
373,300
374,300
375,300
376,300
377,300
378,300
379,300
380,300
381,300
382,300
383,300
384,300
385,300
386,300
387,300
388,300
389,300
390,300
391,300
392,300
393,300
394,300
395,300
396,300
397,300
398,300
399,300
400,300
401,300
402,300
403,300
404,300
405,300
406,300
407,300
408,300
409,300
410,300
411,300
412,300
413,300
414,300
415,300
416,300
417,300
418,300
419,300
420,300
421,300
422,300
423,300
424,300
425,300
426,300
427,300
428,300
429,300
430,300
431,300
432,300
433,300
434,300
435,300
436,300
437,300
438,300
439,300
440,300
441,300
442,300
443,300
444,300
445,300
446,300
447,300
448,300
449,300
450,300
451,300
452,300
453,300
454,300
455,300
456,300
457,300
458,300
459,300
460,300
461,300
462,300
463,300
464,300
465,300
466,300
467,300
468,300
469,300
470,300
471,300
472,300
473,300
474,300
475,300
476,300
477,300
478,300
479,300
480,300
481,300
482,300
483,300
484,300
485,300
486,300
487,300
488,300
489,300
490,300
491,300
492,300
493,300
494,300
495,300
496,300
497,300
498,300
499,300
500,300
501,300
502,300
503,300
504,300
505,300
506,300
507,300
508,300
509,300
510,300
511,300
512,300
513,300
514,300
515,300
516,300
517,300
518,300
519,300
520,300
521,300
522,300
523,300
524,300
525,300
526,300
527,300
528,300
529,300
530,300
531,300
532,300
533,300
534,300
535,300
536,300
537,300
538,300
539,300
540,300
541,300
542,300
543,300
544,300
545,300
546,300
547,300
548,300
549,300
550,300
551,300
552,300
553,300
554,300
555,300
556,300
557,300
558,300
559,300
560,300
561,300
562,300
563,300
564,300
565,300
566,300
567,300
568,300
569,300
570,300
571,300
572,300
573,300
574,300
575,300
576,300
577,300
578,300
579,300
580,300
581,300
582,300
583,300
584,300
585,300
586,300
587,300
588,300
589,300
590,300
591,300
592,300
593,300
594,300
595,300
596,300
597,300
598,300
599,300
600,300
601,300
602,300
603,300
604,300
605,300
606,300
607,300
608,300
609,300
610,300
611,300
612,300
613,300
614,300
615,300
616,300
617,300
618,300
619,300
620,300
621,300
622,300
623,300
624,300
625,300
626,300
627,300
628,300
629,300
630,300
631,300
632,300
633,300
634,300
635,300
636,300
637,300
638,300
639,300
640,300
641,300
642,300
643,300
644,300
645,300
646,300
647,300
648,300
649,300
650,300
651,300
652,300
653,300
654,300
655,300
656,300
657,300
658,300
659,300
660,300
661,300
662,300
663,300
664,300
665,300
666,300
667,300
668,300
669,300
670,300
671,300
672,300
673,300
674,300
675,300
676,300
677,300
678,300
679,300
680,300
681,300
682,300
683,300
684,300
685,300
686,300
687,300
688,300
689,300
690,300
691,300
692,300
693,300
694,300
695,300
696,300
697,300
698,300
699,300
700,300
701,300
702,300
703,300
704,300
705,300
706,300
707,300
708,300
709,300
710,300
711,300
712,300
713,300
714,300
715,300
716,300
717,300
718,300
719,300
720,300
721,300
722,300
723,300
724,300
725,300
726,300
727,300
728,300
729,300
730,300
731,300
732,300
733,300
734,300
735,300
736,300
737,300
738,300
739,300
740,300
741,300
742,300
743,300
744,300
745,300
746,300
747,300
748,300
749,300
750,300
751,300
752,300
753,300
754,300
755,300
756,300
757,300
758,300
759,300
760,300
761,300
762,300
763,300
764,300
765,300
766,300
767,300
768,300
769,300
770,300
771,300
772,300
773,300
774,300
775,300
776,300
777,300
778,300
779,300
780,300
781,300
782,300
783,300
784,300
785,300
786,300
787,300
788,300
789,300
790,300
791,300
792,300
793,300
794,300
795,300
796,300
797,300
798,300
799,300
800,300
801,300
802,300
803,300
804,300
805,300
806,300
807,300
808,300
809,300
810,300
811,300
812,300
813,300
814,300
815,300
816,300
817,300
818,300
819,300
820,300
821,300
822,300
823,300
824,300
825,300
826,300
827,300
828,300
829,300
830,300
831,300
832,300
833,300
834,300
835,300
836,300
837,300
838,300
839,300
840,300
841,300
842,300
843,300
844,300
845,300
846,300
847,300
848,300
849,300
850,300
851,300
852,300
853,300
854,300
855,300
856,300
857,300
858,300
859,300
860,300
861,300
862,300
863,300
864,300
865,300
866,300
867,300
868,300
869,300
870,300
871,300
872,300
873,300
874,300
875,300
876,300
877,300
878,300
879,300
880,300
881,300
882,300
883,300
884,300
885,300
886,300
887,300
888,300
889,300
890,300
891,300
892,300
893,300
894,300
895,300
896,300
897,300
898,300
899,300
900,300
901,300
902,300
903,300
904,300
905,300
906,300
907,300
908,300
909,300
910,300
911,300
912,300
913,300
914,300
915,300
916,300
917,300
918,300
919,300
920,300
921,300
922,300
923,300
924,300
925,300
926,300
927,300
928,300
929,300
930,300
931,300
932,300
933,300
934,300
935,300
936,300
937,300
938,300
939,300
940,300
941,300
942,300
943,300
944,300
945,300
946,300
947,300
948,300
949,300
950,300
951,300
952,300
953,300
954,300
955,300
956,300
957,300
958,300
959,300
960,300
961,300
962,300
963,300
964,300
965,300
966,300
967,300
968,300
969,300
970,300
971,300
972,300
973,300
974,300
975,300
976,300
977,300
978,300
979,300
980,300
981,300
982,300
983,300
984,300
985,300
986,300
987,300
988,300
989,300
990,300
991,300
992,300
993,300
994,300
995,300
996,300
997,300
998,300
999,300
1000,300
1001,300
1002,300
1003,300
1004,300
1005,300
1006,300
1007,300
1008,300
1009,300
1010,300
1011,300
1012,300
1013,300
1014,300
1015,300
1016,300
1017,300
1018,300
1019,300
1020,300
1021,300
1022,300
1023,300
1024,300
1025,300
1026,300
1027,300
1028,300
1029,300
1030,300
1031,300
1032,300
1033,300
1034,300
1035,300
1036,300
1037,300
1038,300
1039,300
1040,300
1041,300
1042,300
1043,300
1044,300
1045,300
1046,300
1047,300
1048,300
1049,300
1050,300
1051,300
1052,300
1053,300
1054,300
1055,300
1056,300
1057,300
1058,300
1059,300
1060,300
1061,300
1062,300
1063,300
1064,300
1065,300
1066,300
1067,300
1068,300
1069,300
1070,300
1071,300
1072,300
1073,300
1074,300
1075,300
1076,300
1077,300
1078,300
1079,300
1080,300
1081,300
1082,300
1083,300
1084,300
1085,300
1086,300
1087,300
1088,300
1089,300
1090,300
1091,300
1092,300
1093,300
1094,300
1095,300
1096,300
1097,300
1098,300
1099,300
1100,300
1101,300
1102,300
1103,300
1104,300
1105,300
1106,300
1107,300
1108,300
1109,300
1110,300
1111,300
1112,300
1113,300
1114,300
1115,300
1116,300
1117,300
1118,300
1119,300
1120,300
1121,300
1122,300
1123,300
1124,300
1125,300
1126,300
1127,300
1128,300
1129,300
1130,300
1131,300
1132,300
1133,300
1134,300
1135,300
1136,300
1137,300
1138,300
1139,300
1140,300
1141,300
1142,300
1143,300
1144,300
1145,300
1146,300
1147,300
1148,300
1149,300
1150,300
1151,300
1152,300
1153,300
1154,300
1155,300
1156,300
1157,300
1158,300
1159,300
1160,300
1161,300
1162,300
1163,300
1164,300
1165,300
1166,300
1167,300
1168,300
1169,300
1170,300
1171,300
1172,300
1173,300
1174,300
1175,300
1176,300
1177,300
1178,300
1179,300
1180,300
1181,300
1182,300
1183,300
1184,300
1185,300
1186,300
1187,300
1188,300
1189,300
1190,300
1191,300
1192,300
1193,300
1194,300
1195,300
1196,300
1197,300
1198,300
1199,300
1200,300
1201,300
1202,300
1203,300
1204,300
1205,300
1206,300
1207,300
1208,300
1209,300
1210,300
1211,300
1212,300
1213,300
1214,300
1215,300
1216,300
1217,300
1218,300
1219,300
1220,300
1221,300
1222,300
1223,300
1224,300
1225,300
1226,300
1227,300
1228,300
1229,300
1230,300
1231,300
1232,300
1233,300
1234,300
1235,300
1236,300
1237,300
1238,300
1239,300
1240,300
1241,300
1242,300
1243,300
1244,300
1245,300
1246,300
1247,300
1248,300
1249,300
1250,300
1251,300
1252,300
1253,300
1254,300
1255,300
1256,300
1257,300
1258,300
1259,300
1260,300
1261,300
1262,300
1263,300
1264,300
1265,300
1266,300
1267,300
1268,300
1269,300
1270,300
1271,300
1272,300
1273,300
1274,300
1275,300
1276,300
1277,300
1278,300
1279,300
1280,300
1281,300
1282,300
1283,300
1284,300
1285,300
1286,300
1287,300
1288,300
1289,300
1290,300
1291,300
1292,300
1293,300
1294,300
1295,300
1296,300
1297,300
1298,300
1299,300
1300,300
1301,300
1302,300
1303,300
1304,300
1305,300
1306,300
1307,300
1308,300
1309,300
1310,300
1311,300
1312,300
1313,300
1314,300
1315,300
1316,300
1317,300
1318,300
1319,300
1320,300
1321,300
1322,300
1323,300
1324,300
1325,300
1326,300
1327,300
1328,300
1329,300
1330,300
1331,300
1332,300
1333,300
1334,300
1335,300
1336,300
1337,300
1338,300
1339,300
1340,300
1341,300
1342,300
1343,300
1344,300
1345,300
1346,300
1347,300
1348,300
1349,300
1350,300
1351,300
1352,300
1353,300
1354,300
1355,300
1356,300
1357,300
1358,300
1359,300
1360,300
1361,300
1362,300
1363,300
1364,300
1365,300
1366,300
1367,300
1368,300
1369,300
1370,300
1371,300
1372,300
1373,300
1374,300
1375,300
1376,300
1377,300
1378,300
1379,300
1380,300
1381,300
1382,300
1383,300
1384,300
1385,300
1386,300
1387,300
1388,300
1389,300
1390,300
1391,300
1392,300
1393,300
1394,300
1395,300
1396,300
1397,300
1398,300
1399,300
1400,300
1401,300
1402,300
1403,300
1404,300
1405,300
1406,300
1407,300
1408,300
1409,300
1410,300
1411,300
1412,300
1413,300
1414,300
1415,300
1416,300
1417,300
1418,300
1419,300
1420,300
1421,300
1422,300
1423,300
1424,300
1425,300
1426,300
1427,300
1428,300
1429,299
1430,299
1431,299
1432,299
1433,299
1434,299
1435,299
1436,299
1437,299
1438,299
1439,299
1440,299
1441,299
1442,299
1443,299
1444,299
1445,299
1446,299
1447,299
1448,299
1449,299
1450,299
1451,299
1452,299
1453,299
1454,299
1455,299
1456,299
1457,299
1458,299
1459,299
1460,299
1461,299
1462,299
1463,299
1464,299
1465,299
1466,299
1467,299
1468,299
1469,299
1470,299
1471,299
1472,299
1473,299
1474,299
1475,299
1476,299
1477,299
1478,299
1479,299
1480,299
1481,299
1482,299
1483,299
1484,299
1485,299
1486,299
1487,299
1488,299
1489,299
1490,299
1491,299
1492,299
1493,299
1494,299
1495,299
1496,299
1497,299
1498,299
1499,299
1500,299
1501,299
1502,299
1503,299
1504,299
1505,299
1506,299
1507,299
1508,299
1509,299
1510,299
1511,299
1512,299
1513,299
1514,299
1515,299
1516,299
1517,299
1518,299
1519,299
1520,299
1521,299
1522,299
1523,299
1524,299
1525,299
1526,299
1527,299
1528,299
1529,299
1530,299
1531,299
1532,299
1533,299
1534,299
1535,299
1536,299
1537,299
1538,299
1539,299
1540,299
1541,299
1542,299
1543,299
1544,299
1545,299
1546,299
1547,299
1548,299
1549,299
1550,299
1551,299
1552,299
1553,299
1554,299
1555,299
1556,299
1557,299
1558,299
1559,299
1560,299
1561,299
1562,299
1563,299
1564,299
1565,299
1566,299
1567,299
1568,299
1569,299
1570,299
1571,299
1572,299
1573,299
1574,299
1575,299
1576,299
1577,299
1578,299
1579,299
1580,299
1581,299
1582,299
1583,299
1584,299
1585,299
1586,299
1587,299
1588,299
1589,299
1590,299
1591,299
1592,299
1593,299
1594,299
1595,299
1596,299
1597,299
1598,299
1599,299
1600,299
1601,299
1602,299
1603,299
1604,299
1605,299
1606,299
1607,299
1608,299
1609,299
1610,299
1611,299
1612,299
1613,299
1614,299
1615,299
1616,299
1617,299
1618,299
1619,299
1620,299
1621,299
1622,299
1623,299
1624,299
1625,299
1626,299
1627,299
1628,299
1629,299
1630,299
1631,299
1632,299
1633,299
1634,299
1635,299
1636,299
1637,299
1638,299
1639,299
1640,299
1641,299
1642,299
1643,299
1644,299
1645,299
1646,298
1647,298
1648,298
1649,298
1650,298
1651,298
1652,298
1653,298
1654,298
1655,298
1656,298
1657,298
1658,298
1659,298
1660,298
1661,298
1662,298
1663,298
1664,298
1665,298
1666,298
1667,298
1668,298
1669,298
1670,298
1671,298
1672,298
1673,298
1674,298
1675,298
1676,298
1677,298
1678,298
1679,298
1680,298
1681,298
1682,298
1683,298
1684,298
1685,298
1686,298
1687,298
1688,298
1689,298
1690,298
1691,298
1692,298
1693,298
1694,298
1695,298
1696,298
1697,298
1698,298
1699,298
1700,298
1701,298
1702,298
1703,298
1704,298
1705,298
1706,298
1707,298
1708,298
1709,298
1710,298
1711,298
1712,298
1713,298
1714,298
1715,298
1716,298
1717,298
1718,298
1719,298
1720,298
1721,298
1722,298
1723,298
1724,298
1725,298
1726,298
1727,298
1728,298
1729,298
1730,298
1731,298
1732,298
1733,298
1734,298
1735,298
1736,298
1737,298
1738,298
1739,297
1740,297
1741,297
1742,297
1743,297
1744,297
1745,297
1746,297
1747,297
1748,297
1749,297
1750,297
1751,297
1752,297
1753,297
1754,297
1755,297
1756,297
1757,297
1758,297
1759,297
1760,297
1761,297
1762,297
1763,297
1764,297
1765,297
1766,297
1767,297
1768,297
1769,297
1770,297
1771,297
1772,297
1773,297
1774,297
1775,297
1776,297
1777,297
1778,297
1779,297
1780,297
1781,297
1782,297
1783,297
1784,297
1785,297
1786,297
1787,297
1788,297
1789,297
1790,297
1791,297
1792,297
1793,297
1794,297
1795,297
1796,297
1797,297
1798,297
1799,297
1800,297
1801,297
1802,297
1803,297
1804,297
1805,297
1806,297
1807,297
1808,297
1809,297
1810,297
1811,297
1812,297
1813,297
1814,297
1815,297
1816,297
1817,297
1818,297
1819,297
1820,297
1821,297
1822,297
1823,297
1824,297
1825,297
1826,297
1827,297
1828,297
1829,297
1830,297
1831,297
1832,297
1833,297
1834,297
1835,297
1836,297
1837,297
1838,297
1839,297
1840,297
1841,297
1842,296
1843,296
1844,296
1845,296
1846,296
1847,296
1848,296
1849,296
1850,296
1851,296
1852,296
1853,296
1854,296
1855,296
1856,296
1857,296
1858,296
1859,296
1860,296
1861,295
1862,295
1863,295
1864,294
1865,294
1866,294
1867,294
1868,293
1869,292
1870,292
1871,291
1872,290
1873,290
1874,289
1875,289
1876,289
1877,289
1878,289
1879,289
1880,287
1881,287
1882,286
1883,285
1884,284
1885,284
1886,283
1887,282
1888,280
1889,280
1890,279
1891,278
1892,277
1893,276
1894,274
1895,272
1896,271
1897,271
1898,270
1899,269
1900,268
1901,268
1902,266
1903,265
1904,264
1905,262
1906,261
1907,260
1908,259
1909,257
1910,256
1911,254
1912,251
1913,250
1914,249
1915,248
1916,247
1917,246
1918,245
1919,244
1920,243
1921,242
1922,242
1923,241
1924,241
1925,241
1926,241
1927,241
1928,241
1929,241
1930,241
1931,241
1932,241
1933,241
1934,241
1935,241
1936,241
1937,241
1938,241
1939,241
1940,241
1941,241
1942,241
1943,241
1944,241
1945,241
1946,241
1947,241
1948,241
1949,241
1950,241
1951,241
1952,241
1953,241
1954,241
1955,241
1956,241
1957,241
1958,241
1959,241
1960,241
1961,241
1962,241
1963,241
1964,241
1965,241
1966,241
1967,241
1968,241
1969,241
1970,241
1971,241
1972,241
1973,241
1974,241
1975,241
1976,241
1977,241
1978,241
1979,241
1980,241
1981,241
1982,241
1983,241
1984,241
1985,241
1986,241
1987,241
1988,241
1989,241
1990,241
1991,241
1992,241
1993,241
1994,241
1995,241
1996,241
1997,241
1998,241
1999,241
2000,241
2001,241
2002,241
2003,241
2004,241
2005,241
2006,241
2007,241
2008,241
2009,241
2010,241
2011,241
2012,241
2013,241
2014,241
2015,241
2016,241
2017,241
2018,241
2019,241
2020,241
2021,241
2022,241
2023,241
2024,241
2025,241
2026,241
2027,241
2028,241
2029,241
2030,241
2031,241
2032,241
2033,241
2034,241
2035,241
2036,241
2037,241
2038,241
2039,241
2040,241
2041,241
2042,241
2043,241
2044,241
2045,241
2046,241
2047,241
2048,241
2049,241
2050,241
2051,241
2052,241
2053,241
2054,241
2055,241
2056,241
2057,241
2058,241
2059,241
2060,241
2061,241
2062,241
2063,241
2064,241
2065,241
2066,241
2067,241
2068,241
2069,241
2070,241
2071,241
2072,241
2073,241
2074,241
2075,241
2076,241
2077,241
2078,241
2079,241
2080,241
2081,241
2082,241
2083,241
2084,241
2085,240
2086,240
2087,240
2088,240
2089,240
2090,240
2091,240
2092,240
2093,240
2094,240
2095,240
2096,240
2097,240
2098,240
2099,240
2100,240
2101,240
2102,240
2103,240
2104,240
2105,240
2106,240
2107,240
2108,240
2109,240
2110,240
2111,240
2112,240
2113,240
2114,240
2115,240
2116,240
2117,240
2118,240
2119,240
2120,240
2121,240
2122,240
2123,240
2124,240
2125,240
2126,240
2127,240
2128,240
2129,240
2130,240
2131,240
2132,240
2133,240
2134,240
2135,240
2136,240
2137,240
2138,240
2139,240
2140,240
2141,240
2142,240
2143,240
2144,240
2145,240
2146,240
2147,240
2148,240
2149,240
2150,240
2151,240
2152,240
2153,240
2154,240
2155,240
2156,240
2157,240
2158,240
2159,240
2160,240
2161,240
2162,240
2163,240
2164,240
2165,240
2166,240
2167,240
2168,240
2169,239
2170,239
2171,239
2172,239
2173,239
2174,239
2175,239
2176,239
2177,239
2178,239
2179,239
2180,239
2181,239
2182,239
2183,239
2184,239
2185,239
2186,239
2187,239
2188,239
2189,239
2190,239
2191,239
2192,239
2193,239
2194,239
2195,239
2196,239
2197,239
2198,239
2199,239
2200,239
2201,239
2202,239
2203,239
2204,239
2205,239
2206,239
2207,239
2208,239
2209,239
2210,239
2211,239
2212,239
2213,239
2214,239
2215,239
2216,239
2217,239
2218,239
2219,239
2220,239
2221,239
2222,239
2223,239
2224,239
2225,239
2226,239
2227,239
2228,239
2229,239
2230,239
2231,239
2232,239
2233,239
2234,239
2235,239
2236,239
2237,239
2238,239
2239,239
2240,239
2241,239
2242,239
2243,239
2244,239
2245,239
2246,239
2247,239
2248,239
2249,239
2250,239
2251,239
2252,239
2253,239
2254,239
2255,239
2256,239
2257,239
2258,239
2259,239
2260,239
2261,239
2262,239
2263,239
2264,239
2265,239
2266,239
2267,239
2268,239
2269,239
2270,239
2271,239
2272,239
2273,239
2274,239
2275,239
2276,239
2277,239
2278,239
2279,239
2280,239
2281,239
2282,239
2283,239
2284,239
2285,239
2286,239
2287,239
2288,239
2289,239
2290,239
2291,239
2292,239
2293,239
2294,239
2295,239
2296,239
2297,239
2298,239
2299,239
2300,239
2301,239
2302,239
2303,239
2304,239
2305,239
2306,239
2307,239
2308,239
2309,239
2310,239
2311,239
2312,239
2313,239
2314,239
2315,239
2316,239
2317,239
2318,239
2319,239
2320,239
2321,239
2322,239
2323,239
2324,239
2325,239
2326,239
2327,239
2328,239
2329,239
2330,239
2331,239
2332,239
2333,239
2334,239
2335,239
2336,239
2337,239
2338,239
2339,239
2340,239
2341,239
2342,239
2343,239
2344,239
2345,239
2346,239
2347,239
2348,239
2349,239
2350,239
2351,239
2352,239
2353,239
2354,239
2355,239
2356,239
2357,239
2358,239
2359,239
2360,239
2361,239
2362,239
2363,239
2364,239
2365,239
2366,239
2367,239
2368,239
2369,239
2370,239
2371,239
2372,239
2373,239
2374,239
2375,239
2376,238
2377,238
2378,238
2379,238
2380,238
2381,238
2382,238
2383,238
2384,238
2385,238
2386,238
2387,238
2388,238
2389,238
2390,238
2391,238
2392,238
2393,238
2394,238
2395,238
2396,238
2397,238
2398,238
2399,238
2400,238
2401,238
2402,238
2403,238
2404,238
2405,238
2406,238
2407,238
2408,238
2409,238
2410,238
2411,238
2412,238
2413,238
2414,238
2415,238
2416,238
2417,238
2418,238
2419,238
2420,238
2421,238
2422,238
2423,238
2424,238
2425,238
2426,238
2427,238
2428,238
2429,238
2430,238
2431,237
2432,237
2433,237
2434,237
2435,237
2436,237
2437,237
2438,237
2439,237
2440,237
2441,237
2442,237
2443,237
2444,237
2445,237
2446,237
2447,237
2448,237
2449,237
2450,237
2451,237
2452,237
2453,237
2454,237
2455,237
2456,237
2457,237
2458,237
2459,237
2460,237
2461,237
2462,237
2463,237
2464,237
2465,237
2466,237
2467,237
2468,237
2469,237
2470,237
2471,237
2472,237
2473,237
2474,237
2475,237
2476,237
2477,237
2478,237
2479,237
2480,237
2481,237
2482,237
2483,237
2484,237
2485,237
2486,237
2487,237
2488,237
2489,237
2490,237
2491,237
2492,237
2493,237
2494,237
2495,237
2496,237
2497,237
2498,237
2499,237
2500,237
2501,237
2502,237
2503,237
2504,237
2505,237
2506,237
2507,237
2508,237
2509,237
2510,237
2511,237
2512,237
2513,237
2514,237
2515,237
2516,237
2517,237
2518,237
2519,237
2520,237
2521,237
2522,237
2523,237
2524,237
2525,237
2526,237
2527,237
2528,237
2529,237
2530,237
2531,237
2532,237
2533,237
2534,237
2535,237
2536,237
2537,237
2538,237
2539,237
2540,237
2541,237
2542,237
2543,237
2544,237
2545,237
2546,237
2547,237
2548,237
2549,237
2550,237
2551,237
2552,237
2553,237
2554,237
2555,237
2556,237
2557,237
2558,237
2559,237
2560,237
2561,237
2562,237
2563,237
2564,237
2565,237
2566,237
2567,237
2568,237
2569,237
2570,237
2571,237
2572,237
2573,237
2574,237
2575,237
2576,237
2577,237
2578,237
2579,237
2580,237
2581,237
2582,237
2583,237
2584,237
2585,237
2586,237
2587,237
2588,237
2589,237
2590,237
2591,237
2592,237
2593,237
2594,237
2595,237
2596,237
2597,236
2598,236
2599,236
2600,235
2601,235
2602,235
2603,235
2604,235
2605,234
2606,234
2607,234
2608,234
2609,234
2610,234
2611,234
2612,234
2613,234
2614,234
2615,234
2616,233
2617,233
2618,233
2619,233
2620,233
2621,233
2622,233
2623,233
2624,233
2625,233
2626,233
2627,233
2628,233
2629,233
2630,233
2631,233
2632,233
2633,233
2634,233
2635,233
2636,233
2637,233
2638,233
2639,233
2640,233
2641,233
2642,233
2643,233
2644,233
2645,233
2646,233
2647,233
2648,233
2649,233
2650,233
2651,233
2652,233
2653,233
2654,233
2655,233
2656,233
2657,233
2658,233
2659,233
2660,233
2661,233
2662,233
2663,233
2664,233
2665,233
2666,233
2667,233
2668,233
2669,233
2670,233
2671,233
2672,233
2673,233
2674,233
2675,233
2676,233
2677,233
2678,233
2679,233
2680,233
2681,233
2682,233
2683,233
2684,233
2685,232
2686,232
2687,232
2688,232
2689,232
2690,232
2691,232
2692,232
2693,232
2694,232
2695,232
2696,232
2697,232
2698,232
2699,232
2700,232
2701,232
2702,232
2703,232
2704,232
2705,232
2706,232
2707,232
2708,232
2709,232
2710,232
2711,232
2712,232
2713,232
2714,232
2715,232
2716,232
2717,232
2718,232
2719,232
2720,232
2721,232
2722,232
2723,232
2724,232
2725,232
2726,232
2727,232
2728,232
2729,232
2730,232
2731,232
2732,232
2733,232
2734,232
2735,232
2736,232
2737,232
2738,232
2739,232
2740,232
2741,232
2742,232
2743,231
2744,231
2745,231
2746,231
2747,231
2748,231
2749,231
2750,231
2751,231
2752,231
2753,231
2754,231
2755,231
2756,231
2757,231
2758,231
2759,231
2760,231
2761,231
2762,231
2763,231
2764,231
2765,231
2766,231
2767,231
2768,231
2769,231
2770,231
2771,231
2772,231
2773,231
2774,231
2775,231
2776,230
2777,230
2778,230
2779,230
2780,230
2781,230
2782,230
2783,230
2784,230
2785,230
2786,230
2787,230
2788,230
2789,230
2790,230
2791,230
2792,230
2793,230
2794,230
2795,230
2796,230
2797,230
2798,230
2799,230
2800,230
2801,230
2802,230
2803,230
2804,230
2805,230
2806,230
2807,230
2808,230
2809,230
2810,230
2811,230
2812,230
2813,230
2814,230
2815,230
2816,230
2817,230
2818,230
2819,230
2820,230
2821,230
2822,230
2823,230
2824,230
2825,230
2826,230
2827,230
2828,230
2829,230
2830,230
2831,230
2832,230
2833,230
2834,230
2835,230
2836,230
2837,230
2838,230
2839,230
2840,230
2841,230
2842,230
2843,230
2844,230
2845,230
2846,230
2847,230
2848,230
2849,230
2850,230
2851,230
2852,230
2853,230
2854,229
2855,229
2856,229
2857,229
2858,229
2859,229
2860,229
2861,229
2862,229
2863,229
2864,229
2865,229
2866,229
2867,229
2868,229
2869,228
2870,228
2871,228
2872,228
2873,228
2874,228
2875,228
2876,228
2877,228
2878,227
2879,226
2880,226
2881,226
2882,226
2883,226
2884,226
2885,226
2886,226
2887,226
2888,226
2889,226
2890,226
2891,226
2892,226
2893,226
2894,226
2895,226
2896,226
2897,226
2898,226
2899,226
2900,226
2901,226
2902,226
2903,226
2904,226
2905,226
2906,226
2907,226
2908,226
2909,226
2910,226
2911,226
2912,226
2913,226
2914,226
2915,226
2916,226
2917,226
2918,226
2919,226
2920,226
2921,226
2922,226
2923,226
2924,226
2925,226
2926,226
2927,226
2928,226
2929,226
2930,226
2931,226
2932,226
2933,226
2934,226
2935,226
2936,226
2937,226
2938,226
2939,226
2940,226
2941,226
2942,226
2943,226
2944,226
2945,226
2946,226
2947,226
2948,226
2949,226
2950,226
2951,226
2952,226
2953,226
2954,226
2955,226
2956,226
2957,226
2958,226
2959,226
2960,226
2961,226
2962,226
2963,226
2964,226
2965,226
2966,224
2967,224
2968,223
2969,223
2970,223
2971,223
2972,223
2973,223
2974,223
2975,223
2976,223
2977,223
2978,223
2979,223
2980,222
2981,222
2982,222
2983,221
2984,221
2985,221
2986,221
2987,221
2988,220
2989,219
2990,218
2991,218
2992,217
2993,217
2994,217
2995,217
2996,217
2997,217
2998,216
2999,214
3000,213
3001,213
3002,213
3003,212
3004,212
3005,211
3006,211
3007,210
3008,210
3009,209
3010,208
3011,207
3012,207
3013,206
3014,205
3015,204
3016,203
3017,202
3018,201
3019,200
3020,200
3021,200
3022,198
3023,196
3024,196
3025,196
3026,195
3027,194
3028,194
3029,192
3030,191
3031,190
3032,189
3033,185
3034,184
3035,183
3036,182
3037,181
3038,180
3039,178
3040,177
3041,176
3042,174
3043,172
3044,170
3045,169
3046,168
3047,166
3048,165
3049,163
3050,162
3051,161
3052,159
3053,157
3054,157
3055,157
3056,157
3057,157
3058,157
3059,157
3060,157
3061,157
3062,157
3063,157
3064,157
3065,157
3066,157
3067,157
3068,157
3069,157
3070,157
3071,157
3072,157
3073,157
3074,157
3075,157
3076,157
3077,157
3078,157
3079,157
3080,157
3081,157
3082,157
3083,157
3084,157
3085,157
3086,157
3087,157
3088,156
3089,156
3090,156
3091,156
3092,156
3093,156
3094,156
3095,155
3096,155
3097,155
3098,155
3099,155
3100,155
3101,155
3102,155
3103,155
3104,155
3105,155
3106,155
3107,155
3108,155
3109,155
3110,155
3111,155
3112,155
3113,155
3114,155
3115,155
3116,155
3117,154
3118,154
3119,154
3120,154
3121,154
3122,154
3123,154
3124,154
3125,154
3126,154
3127,153
3128,153
3129,153
3130,153
3131,153
3132,153
3133,153
3134,153
3135,153
3136,153
3137,153
3138,153
3139,153
3140,153
3141,153
3142,153
3143,153
3144,153
3145,153
3146,153
3147,153
3148,153
3149,153
3150,153
3151,153
3152,153
3153,153
3154,153
3155,153
3156,153
3157,153
3158,153
3159,153
3160,153
3161,153
3162,153
3163,153
3164,153
3165,153
3166,153
3167,153
3168,153
3169,153
3170,153
3171,153
3172,153
3173,153
3174,153
3175,153
3176,153
3177,153
3178,152
3179,152
3180,152
3181,152
3182,152
3183,152
3184,152
3185,152
3186,152
3187,152
3188,152
3189,152
3190,152
3191,152
3192,152
3193,152
3194,152
3195,152
3196,152
3197,152
3198,152
3199,152
3200,152
3201,152
3202,152
3203,152
3204,152
3205,152
3206,152
3207,152
3208,152
3209,152
3210,152
3211,152
3212,151
3213,151
3214,151
3215,151
3216,151
3217,151
3218,151
3219,151
3220,150
3221,150
3222,150
3223,150
3224,150
3225,150
3226,150
3227,149
3228,149
3229,149
3230,149
3231,149
3232,148
3233,148
3234,148
3235,148
3236,148
3237,148
3238,148
3239,148
3240,148
3241,148
3242,148
3243,148
3244,148
3245,148
3246,148
3247,148
3248,148
3249,148
3250,148
3251,148
3252,148
3253,148
3254,148
3255,148
3256,148
3257,148
3258,148
3259,148
3260,148
3261,148
3262,148
3263,148
3264,148
3265,148
3266,148
3267,148
3268,148
3269,148
3270,148
3271,148
3272,148
3273,148
3274,148
3275,147
3276,147
3277,147
3278,147
3279,147
3280,147
3281,147
3282,147
3283,147
3284,147
3285,147
3286,147
3287,147
3288,147
3289,147
3290,147
3291,147
3292,147
3293,147
3294,147
3295,147
3296,147
3297,147
3298,147
3299,147
3300,147
3301,147
3302,147
3303,147
3304,147
3305,147
3306,147
3307,147
3308,147
3309,147
3310,147
3311,147
3312,147
3313,147
3314,147
3315,147
3316,147
3317,147
3318,147
3319,147
3320,147
3321,147
3322,147
3323,147
3324,147
3325,147
3326,147
3327,147
3328,147
3329,147
3330,147
3331,147
3332,147
3333,147
3334,147
3335,147
3336,147
3337,147
3338,147
3339,147
3340,147
3341,147
3342,147
3343,147
3344,147
3345,147
3346,147
3347,147
3348,147
3349,147
3350,147
3351,147
3352,147
3353,147
3354,147
3355,147
3356,147
3357,147
3358,147
3359,147
3360,147
3361,147
3362,147
3363,147
3364,147
3365,147
3366,147
3367,147
3368,147
3369,147
3370,147
3371,147
3372,147
3373,147
3374,147
3375,147
3376,147
3377,147
3378,147
3379,147
3380,147
3381,147
3382,147
3383,147
3384,147
3385,147
3386,147
3387,147
3388,146
3389,146
3390,145
3391,145
3392,145
3393,145
3394,145
3395,145
3396,145
3397,145
3398,145
3399,145
3400,144
3401,144
3402,144
3403,144
3404,144
3405,144
3406,144
3407,144
3408,144
3409,144
3410,144
3411,144
3412,143
3413,143
3414,143
3415,143
3416,143
3417,143
3418,143
3419,143
3420,143
3421,143
3422,143
3423,143
3424,143
3425,143
3426,143
3427,143
3428,143
3429,143
3430,143
3431,143
3432,143
3433,143
3434,143
3435,143
3436,143
3437,143
3438,143
3439,143
3440,143
3441,143
3442,143
3443,143
3444,142
3445,142
3446,142
3447,142
3448,142
3449,142
3450,142
3451,142
3452,142
3453,142
3454,142
3455,142
3456,142
3457,142
3458,142
3459,142
3460,142
3461,142
3462,142
3463,142
3464,142
3465,142
3466,142
3467,142
3468,142
3469,142
3470,142
3471,142
3472,142
3473,142
3474,142
3475,142
3476,142
3477,142
3478,142
3479,142
3480,142
3481,142
3482,142
3483,142
3484,142
3485,142
3486,141
3487,141
3488,141
3489,141
3490,141
3491,141
3492,141
3493,141
3494,141
3495,141
3496,141
3497,141
3498,141
3499,141
3500,141
3501,141
3502,141
3503,141
3504,141
3505,141
3506,141
3507,141
3508,141
3509,141
3510,141
3511,141
3512,141
3513,141
3514,141
3515,141
3516,141
3517,141
3518,141
3519,141
3520,141
3521,141
3522,141
3523,141
3524,141
3525,141
3526,141
3527,141
3528,141
3529,141
3530,141
3531,141
3532,141
3533,141
3534,141
3535,141
3536,141
3537,141
3538,141
3539,141
3540,141
3541,141
3542,141
3543,141
3544,141
3545,140
3546,140
3547,140
3548,140
3549,140
3550,139
3551,139
3552,139
3553,139
3554,139
3555,139
3556,139
3557,139
3558,139
3559,139
3560,139
3561,139
3562,139
3563,139
3564,139
3565,139
3566,139
3567,139
3568,139
3569,139
3570,139
3571,139
3572,139
3573,139
3574,139
3575,139
3576,139
3577,139
3578,139
3579,139
3580,139
3581,139
3582,139
3583,139
3584,139
3585,138
3586,138
3587,138
3588,138
3589,138
3590,138
3591,138
3592,138
3593,138
3594,138
3595,138
3596,138
3597,138
3598,138
3599,138
3600,138
3601,138
3602,138
3603,138
3604,138
3605,138
3606,138
3607,138
3608,138
3609,138
3610,138
3611,138
3612,138
3613,138
3614,138
3615,138
3616,138
3617,138
3618,138
3619,138
3620,138
3621,138
3622,138
3623,138
3624,138
3625,138
3626,138
3627,138
3628,138
3629,138
3630,138
3631,138
3632,138
3633,138
3634,138
3635,138
3636,138
3637,138
3638,138
3639,138
3640,138
3641,138
3642,138
3643,138
3644,138
3645,138
3646,138
3647,138
3648,138
3649,138
3650,138
3651,138
3652,138
3653,138
3654,138
3655,138
3656,138
3657,138
3658,138
3659,138
3660,138
3661,138
3662,138
3663,138
3664,138
3665,138
3666,138
3667,138
3668,138
3669,138
3670,138
3671,138
3672,138
3673,138
3674,138
3675,137
3676,137
3677,137
3678,137
3679,137
3680,137
3681,137
3682,137
3683,137
3684,137
3685,137
3686,137
3687,137
3688,137
3689,137
3690,137
3691,137
3692,137
3693,137
3694,137
3695,137
3696,137
3697,137
3698,136
3699,136
3700,136
3701,136
3702,136
3703,136
3704,136
3705,136
3706,136
3707,136
3708,136
3709,136
3710,136
3711,136
3712,135
3713,135
3714,135
3715,135
3716,135
3717,135
3718,135
3719,135
3720,135
3721,134
3722,134
3723,134
3724,134
3725,134
3726,134
3727,134
3728,134
3729,134
3730,134
3731,133
3732,133
3733,133
3734,133
3735,133
3736,133
3737,132
3738,132
3739,132
3740,132
3741,132
3742,132
3743,132
3744,132
3745,132
3746,132
3747,132
3748,132
3749,132
3750,132
3751,132
3752,132
3753,132
3754,132
3755,132
3756,132
3757,132
3758,132
3759,132
3760,132
3761,132
3762,132
3763,132
3764,132
3765,132
3766,132
3767,132
3768,132
3769,132
3770,132
3771,132
3772,132
3773,132
3774,132
3775,132
3776,132
3777,131
3778,131
3779,131
3780,131
3781,131
3782,131
3783,131
3784,131
3785,131
3786,131
3787,131
3788,131
3789,131
3790,131
3791,130
3792,130
3793,130
3794,129
3795,129
3796,129
3797,129
3798,129
3799,129
3800,129
3801,129
3802,129
3803,128
3804,128
3805,128
3806,128
3807,128
3808,127
3809,127
3810,127
3811,127
3812,127
3813,127
3814,127
3815,127
3816,127
3817,127
3818,127
3819,127
3820,127
3821,127
3822,127
3823,127
3824,127
3825,127
3826,127
3827,127
3828,127
3829,127
3830,127
3831,126
3832,126
3833,126
3834,126
3835,126
3836,126
3837,126
3838,126
3839,125
3840,125
3841,125
3842,125
3843,125
3844,125
3845,125
3846,125
3847,125
3848,125
3849,125
3850,125
3851,125
3852,125
3853,125
3854,125
3855,125
3856,125
3857,125
3858,125
3859,125
3860,125
3861,125
3862,125
3863,125
3864,125
3865,125
3866,125
3867,125
3868,125
3869,125
3870,125
3871,125
3872,125
3873,125
3874,125
3875,125
3876,125
3877,125
3878,125
3879,125
3880,125
3881,125
3882,125
3883,125
3884,125
3885,125
3886,125
3887,125
3888,125
3889,125
3890,125
3891,125
3892,125
3893,125
3894,125
3895,125
3896,125
3897,125
3898,125
3899,125
3900,125
3901,125
3902,125
3903,125
3904,125
3905,125
3906,125
3907,125
3908,125
3909,125
3910,125
3911,125
3912,125
3913,125
3914,125
3915,125
3916,125
3917,125
3918,125
3919,125
3920,125
3921,125
3922,125
3923,125
3924,125
3925,125
3926,125
3927,125
3928,125
3929,125
3930,125
3931,125
3932,125
3933,125
3934,125
3935,125
3936,125
3937,125
3938,125
3939,125
3940,125
3941,125
3942,125
3943,125
3944,125
3945,125
3946,124
3947,124
3948,124
3949,124
3950,124
3951,124
3952,124
3953,124
3954,124
3955,124
3956,124
3957,124
3958,124
3959,124
3960,124
3961,124
3962,124
3963,124
3964,124
3965,124
3966,124
3967,124
3968,124
3969,124
3970,124
3971,124
3972,124
3973,124
3974,124
3975,124
3976,124
3977,124
3978,124
3979,124
3980,124
3981,124
3982,124
3983,124
3984,124
3985,124
3986,124
3987,124
3988,124
3989,124
3990,124
3991,124
3992,124
3993,124
3994,124
3995,124
3996,124
3997,124
3998,124
3999,124
4000,124
4001,124
4002,124
4003,124
4004,124
4005,124
4006,124
4007,124
4008,124
4009,124
4010,124
4011,124
4012,124
4013,124
4014,124
4015,124
4016,124
4017,124
4018,124
4019,124
4020,124
4021,124
4022,124
4023,124
4024,124
4025,124
4026,124
4027,124
4028,124
4029,124
4030,124
4031,124
4032,124
4033,123
4034,123
4035,123
4036,123
4037,123
4038,123
4039,123
4040,123
4041,123
4042,123
4043,123
4044,123
4045,122
4046,122
4047,122
4048,122
4049,122
4050,122
4051,122
4052,122
4053,122
4054,122
4055,122
4056,122
4057,122
4058,122
4059,122
4060,122
4061,122
4062,122
4063,122
4064,122
4065,122
4066,122
4067,122
4068,122
4069,122
4070,122
4071,122
4072,122
4073,122
4074,122
4075,122
4076,122
4077,122
4078,122
4079,122
4080,122
4081,122
4082,122
4083,122
4084,122
4085,122
4086,122
4087,122
4088,122
4089,122
4090,122
4091,122
4092,121
4093,121
4094,121
4095,121
4096,121
4097,121
4098,121
4099,121
4100,121
4101,121
4102,121
4103,121
4104,121
4105,121
4106,121
4107,121
4108,121
4109,121
4110,121
4111,121
4112,121
4113,121
4114,120
4115,120
4116,120
4117,120
4118,120
4119,120
4120,120
4121,120
4122,120
4123,120
4124,119
4125,119
4126,119
4127,119
4128,119
4129,119
4130,119
4131,119
4132,119
4133,119
4134,119
4135,119
4136,118
4137,118
4138,118
4139,118
4140,118
4141,118
4142,118
4143,118
4144,118
4145,118
4146,118
4147,118
4148,118
4149,118
4150,118
4151,118
4152,118
4153,118
4154,118
4155,118
4156,118
4157,117
4158,116
4159,116
4160,116
4161,116
4162,116
4163,116
4164,116
4165,116
4166,116
4167,116
4168,116
4169,116
4170,116
4171,116
4172,116
4173,116
4174,116
4175,116
4176,116
4177,116
4178,116
4179,116
4180,116
4181,116
4182,116
4183,116
4184,116
4185,116
4186,116
4187,116
4188,116
4189,116
4190,116
4191,116
4192,116
4193,116
4194,116
4195,116
4196,116
4197,116
4198,116
4199,116
4200,116
4201,115
4202,113
4203,113
4204,112
4205,112
4206,112
4207,112
4208,111
4209,109
4210,108
4211,107
4212,107
4213,107
4214,107
4215,106
4216,106
4217,106
4218,106
4219,106
4220,103
4221,101
4222,100
4223,100
4224,99
4225,96
4226,95
4227,92
4228,89
4229,88
4230,87
4231,85
4232,84
4233,83
4234,82
4235,81
4236,80
4237,79
4238,78
4239,78
4240,78
4241,78
4242,78
4243,78
4244,78
4245,78
4246,78
4247,78
4248,78
4249,78
4250,78
4251,78
4252,78
4253,78
4254,78
4255,78
4256,78
4257,78
4258,78
4259,78
4260,78
4261,78
4262,78
4263,78
4264,78
4265,78
4266,78
4267,78
4268,78
4269,78
4270,78
4271,78
4272,78
4273,78
4274,78
4275,78
4276,78
4277,78
4278,78
4279,78
4280,78
4281,78
4282,78
4283,78
4284,78
4285,78
4286,78
4287,78
4288,78
4289,78
4290,78
4291,78
4292,78
4293,78
4294,78
4295,78
4296,78
4297,78
4298,78
4299,78
4300,78
4301,78
4302,78
4303,78
4304,78
4305,78
4306,78
4307,78
4308,78
4309,78
4310,78
4311,78
4312,78
4313,78
4314,78
4315,78
4316,78
4317,78
4318,78
4319,78
4320,78
4321,78
4322,78
4323,78
4324,77
4325,77
4326,77
4327,77
4328,77
4329,77
4330,77
4331,77
4332,77
4333,77
4334,77
4335,77
4336,77
4337,77
4338,77
4339,77
4340,77
4341,77
4342,77
4343,77
4344,77
4345,77
4346,77
4347,77
4348,77
4349,77
4350,77
4351,77
4352,77
4353,77
4354,77
4355,77
4356,77
4357,77
4358,77
4359,77
4360,77
4361,77
4362,77
4363,77
4364,77
4365,77
4366,77
4367,77
4368,77
4369,77
4370,77
4371,77
4372,77
4373,77
4374,77
4375,77
4376,77
4377,77
4378,77
4379,77
4380,77
4381,77
4382,77
4383,77
4384,77
4385,77
4386,77
4387,77
4388,77
4389,77
4390,77
4391,77
4392,77
4393,77
4394,77
4395,77
4396,77
4397,77
4398,77
4399,77
4400,77
4401,77
4402,77
4403,77
4404,77
4405,77
4406,77
4407,77
4408,77
4409,77
4410,77
4411,77
4412,77
4413,77
4414,77
4415,77
4416,77
4417,77
4418,77
4419,77
4420,77
4421,77
4422,77
4423,77
4424,77
4425,77
4426,77
4427,77
4428,77
4429,77
4430,77
4431,77
4432,77
4433,77
4434,77
4435,77
4436,77
4437,77
4438,77
4439,77
4440,77
4441,77
4442,77
4443,77
4444,77
4445,77
4446,77
4447,77
4448,77
4449,77
4450,77
4451,77
4452,77
4453,77
4454,77
4455,77
4456,77
4457,77
4458,77
4459,77
4460,77
4461,77
4462,77
4463,77
4464,77
4465,77
4466,77
4467,77
4468,77
4469,77
4470,77
4471,77
4472,77
4473,77
4474,77
4475,77
4476,77
4477,77
4478,77
4479,77
4480,77
4481,77
4482,77
4483,77
4484,77
4485,77
4486,77
4487,77
4488,77
4489,77
4490,77
4491,77
4492,77
4493,77
4494,77
4495,77
4496,77
4497,77
4498,77
4499,77
4500,77
4501,77
4502,77
4503,77
4504,77
4505,77
4506,77
4507,77
4508,77
4509,77
4510,77
4511,77
4512,77
4513,77
4514,77
4515,77
4516,77
4517,77
4518,77
4519,77
4520,77
4521,77
4522,77
4523,77
4524,77
4525,77
4526,77
4527,77
4528,77
4529,77
4530,77
4531,77
4532,77
4533,77
4534,77
4535,77
4536,77
4537,77
4538,77
4539,77
4540,77
4541,77
4542,77
4543,77
4544,77
4545,77
4546,77
4547,77
4548,77
4549,77
4550,77
4551,77
4552,77
4553,77
4554,77
4555,77
4556,77
4557,77
4558,77
4559,77
4560,77
4561,77
4562,77
4563,77
4564,77
4565,77
4566,77
4567,77
4568,77
4569,77
4570,77
4571,77
4572,77
4573,77
4574,77
4575,77
4576,77
4577,77
4578,77
4579,77
4580,77
4581,77
4582,77
4583,77
4584,77
4585,77
4586,77
4587,77
4588,77
4589,77
4590,77
4591,77
4592,77
4593,77
4594,77
4595,77
4596,77
4597,77
4598,77
4599,77
4600,77
4601,77
4602,77
4603,77
4604,77
4605,77
4606,77
4607,77
4608,77
4609,77
4610,77
4611,77
4612,77
4613,77
4614,77
4615,77
4616,77
4617,77
4618,77
4619,77
4620,77
4621,77
4622,77
4623,77
4624,77
4625,77
4626,77
4627,77
4628,77
4629,77
4630,77
4631,77
4632,77
4633,77
4634,77
4635,77
4636,77
4637,77
4638,77
4639,77
4640,77
4641,77
4642,77
4643,77
4644,77
4645,77
4646,77
4647,77
4648,77
4649,77
4650,77
4651,77
4652,77
4653,77
4654,77
4655,77
4656,77
4657,77
4658,77
4659,77
4660,77
4661,77
4662,77
4663,77
4664,77
4665,77
4666,77
4667,77
4668,77
4669,77
4670,77
4671,77
4672,77
4673,77
4674,77
4675,77
4676,77
4677,77
4678,77
4679,77
4680,77
4681,77
4682,77
4683,77
4684,77
4685,77
4686,77
4687,77
4688,77
4689,77
4690,77
4691,77
4692,77
4693,77
4694,77
4695,77
4696,77
4697,77
4698,77
4699,77
4700,77
4701,77
4702,77
4703,77
4704,77
4705,77
4706,77
4707,77
4708,77
4709,77
4710,77
4711,77
4712,77
4713,77
4714,77
4715,77
4716,77
4717,77
4718,77
4719,77
4720,77
4721,77
4722,77
4723,77
4724,77
4725,77
4726,77
4727,77
4728,77
4729,77
4730,77
4731,77
4732,77
4733,77
4734,77
4735,77
4736,77
4737,77
4738,77
4739,77
4740,77
4741,77
4742,77
4743,77
4744,77
4745,77
4746,77
4747,77
4748,77
4749,77
4750,77
4751,77
4752,77
4753,77
4754,77
4755,77
4756,77
4757,77
4758,77
4759,77
4760,77
4761,77
4762,77
4763,77
4764,77
4765,77
4766,77
4767,77
4768,77
4769,77
4770,77
4771,77
4772,77
4773,77
4774,77
4775,77
4776,77
4777,77
4778,77
4779,77
4780,77
4781,77
4782,77
4783,77
4784,77
4785,77
4786,77
4787,77
4788,77
4789,77
4790,77
4791,77
4792,77
4793,77
4794,77
4795,77
4796,77
4797,77
4798,77
4799,77
4800,77
4801,77
4802,77
4803,77
4804,77
4805,77
4806,77
4807,77
4808,77
4809,77
4810,77
4811,77
4812,77
4813,77
4814,77
4815,77
4816,77
4817,77
4818,77
4819,77
4820,77
4821,77
4822,77
4823,77
4824,77
4825,77
4826,77
4827,77
4828,77
4829,77
4830,77
4831,77
4832,77
4833,77
4834,77
4835,77
4836,77
4837,77
4838,77
4839,77
4840,77
4841,77
4842,77
4843,77
4844,77
4845,77
4846,77
4847,77
4848,77
4849,77
4850,77
4851,77
4852,77
4853,77
4854,77
4855,77
4856,77
4857,77
4858,77
4859,77
4860,77
4861,77
4862,77
4863,77
4864,77
4865,77
4866,77
4867,77
4868,77
4869,77
4870,77
4871,77
4872,77
4873,77
4874,77
4875,77
4876,77
4877,77
4878,77
4879,77
4880,77
4881,77
4882,77
4883,77
4884,77
4885,77
4886,77
4887,77
4888,77
4889,77
4890,77
4891,77
4892,77
4893,77
4894,77
4895,77
4896,77
4897,77
4898,77
4899,77
4900,77
4901,77
4902,77
4903,77
4904,77
4905,77
4906,77
4907,77
4908,77
4909,77
4910,77
4911,77
4912,77
4913,77
4914,77
4915,77
4916,77
4917,77
4918,77
4919,77
4920,77
4921,77
4922,77
4923,77
4924,77
4925,77
4926,77
4927,77
4928,77
4929,77
4930,77
4931,77
4932,77
4933,77
4934,77
4935,77
4936,77
4937,77
4938,77
4939,77
4940,77
4941,77
4942,77
4943,77
4944,77
4945,77
4946,77
4947,77
4948,77
4949,77
4950,77
4951,77
4952,77
4953,77
4954,77
4955,77
4956,77
4957,77
4958,77
4959,77
4960,77
4961,77
4962,77
4963,77
4964,77
4965,77
4966,77
4967,77
4968,77
4969,77
4970,77
4971,77
4972,77
4973,77
4974,77
4975,77
4976,77
4977,77
4978,77
4979,77
4980,77
4981,77
4982,77
4983,77
4984,77
4985,77
4986,77
4987,77
4988,77
4989,77
4990,77
4991,77
4992,77
4993,77
4994,77
4995,77
4996,77
4997,77
4998,77
4999,77
5000,77
5001,77
5002,77
5003,77
5004,77
5005,77
5006,77
5007,77
5008,77
5009,77
5010,77
5011,77
5012,77
5013,77
5014,77
5015,77
5016,77
5017,77
5018,77
5019,77
5020,77
5021,77
5022,77
5023,77
5024,77
5025,77
5026,77
5027,77
5028,77
5029,77
5030,77
5031,77
5032,77
5033,77
5034,77
5035,77
5036,77
5037,77
5038,77
5039,77
5040,77
5041,77
5042,77
5043,77
5044,77
5045,77
5046,77
5047,77
5048,77
5049,77
5050,77
5051,77
5052,77
5053,77
5054,77
5055,77
5056,77
5057,77
5058,77
5059,77
5060,77
5061,77
5062,77
5063,77
5064,77
5065,77
5066,77
5067,77
5068,77
5069,77
5070,77
5071,77
5072,77
5073,77
5074,77
5075,77
5076,77
5077,77
5078,77
5079,77
5080,77
5081,77
5082,77
5083,77
5084,77
5085,77
5086,77
5087,77
5088,77
5089,77
5090,77
5091,77
5092,77
5093,77
5094,77
5095,77
5096,77
5097,77
5098,77
5099,77
5100,77
5101,77
5102,77
5103,77
5104,77
5105,77
5106,77
5107,77
5108,77
5109,77
5110,77
5111,77
5112,77
5113,77
5114,77
5115,77
5116,77
5117,77
5118,77
5119,77
5120,77
5121,77
5122,77
5123,77
5124,77
5125,77
5126,77
5127,77
5128,77
5129,77
5130,77
5131,77
5132,77
5133,77
5134,77
5135,77
5136,77
5137,77
5138,77
5139,77
5140,77
5141,77
5142,77
5143,77
5144,77
5145,77
5146,77
5147,77
5148,77
5149,77
5150,77
5151,77
5152,77
5153,77
5154,77
5155,77
5156,77
5157,77
5158,77
5159,77
5160,77
5161,77
5162,77
5163,77
5164,77
5165,77
5166,77
5167,77
5168,77
5169,77
5170,77
5171,77
5172,77
5173,77
5174,77
5175,77
5176,77
5177,77
5178,77
5179,77
5180,77
5181,77
5182,77
5183,77
5184,77
5185,77
5186,77
5187,77
5188,77
5189,77
5190,77
5191,77
5192,77
5193,77
5194,77
5195,77
5196,77
5197,77
5198,77
5199,77
5200,77
5201,77
5202,77
5203,77
5204,77
5205,77
5206,77
5207,77
5208,77
5209,77
5210,77
5211,77
5212,77
5213,77
5214,77
5215,77
5216,77
5217,77
5218,77
5219,77
5220,77
5221,77
5222,77
5223,77
5224,77
5225,77
5226,77
5227,77
5228,77
5229,77
5230,77
5231,77
5232,77
5233,77
5234,77
5235,77
5236,77
5237,77
5238,77
5239,77
5240,77
5241,77
5242,77
5243,77
5244,77
5245,77
5246,77
5247,77
5248,77
5249,77
5250,77
5251,77
5252,77
5253,77
5254,77
5255,77
5256,77
5257,77
5258,77
5259,77
5260,77
5261,77
5262,77
5263,77
5264,77
5265,77
5266,77
5267,77
5268,77
5269,77
5270,77
5271,77
5272,77
5273,77
5274,77
5275,77
5276,77
5277,77
5278,77
5279,77
5280,77
5281,77
5282,77
5283,77
5284,77
5285,77
5286,77
5287,77
5288,77
5289,77
5290,77
5291,77
5292,77
5293,77
5294,77
5295,77
5296,77
5297,77
5298,77
5299,77
5300,77
5301,77
5302,77
5303,77
5304,77
5305,77
5306,77
5307,77
5308,77
5309,77
5310,77
5311,77
5312,77
5313,77
5314,77
5315,77
5316,77
5317,77
5318,77
5319,77
5320,77
5321,77
5322,77
5323,77
5324,77
5325,77
5326,77
5327,77
5328,77
5329,77
5330,77
5331,77
5332,77
5333,77
5334,77
5335,77
5336,77
5337,77
5338,77
5339,77
5340,77
5341,77
5342,77
5343,77
5344,77
5345,77
5346,77
5347,77
5348,77
5349,77
5350,77
5351,77
5352,77
5353,77
5354,77
5355,77
5356,77
5357,77
5358,77
5359,77
5360,77
5361,77
5362,77
5363,77
5364,77
5365,77
5366,77
5367,77
5368,77
5369,77
5370,77
5371,77
5372,77
5373,77
5374,77
5375,77
5376,77
5377,77
5378,77
5379,77
5380,77
5381,77
5382,77
5383,77
5384,77
5385,77
5386,77
5387,77
5388,77
5389,77
5390,77
5391,77
5392,77
5393,77
5394,77
5395,77
5396,77
5397,77
5398,77
5399,77
5400,77
5401,77
5402,77
5403,77
5404,77
5405,77
5406,77
5407,77
5408,77
5409,77
5410,77
5411,77
5412,77
5413,77
5414,77
5415,77
5416,77
5417,77
5418,77
5419,77
5420,77
5421,77
5422,77
5423,77
5424,77
5425,77
5426,77
5427,77
5428,77
5429,77
5430,77
5431,77
5432,77
5433,77
5434,77
5435,77
5436,77
5437,77
5438,77
5439,77
5440,77
5441,77
5442,77
5443,77
5444,77
5445,77
5446,77
5447,77
5448,77
5449,77
5450,77
5451,77
5452,77
5453,77
5454,77
5455,77
5456,77
5457,77
5458,77
5459,77
5460,77
5461,77
5462,77
5463,77
5464,77
5465,77
5466,77
5467,77
5468,77
5469,77
5470,77
5471,77
5472,77
5473,77
5474,77
5475,77
5476,77
5477,77
5478,77
5479,77
5480,77
5481,77
5482,77
5483,77
5484,77
5485,77
5486,77
5487,77
5488,77
5489,77
5490,77
5491,77
5492,77
5493,77
5494,77
5495,77
5496,77
5497,77
5498,77
5499,77
5500,77
5501,77
5502,77
5503,77
5504,77
5505,77
5506,77
5507,77
5508,77
5509,77
5510,77
5511,77
5512,77
5513,77
5514,77
5515,77
5516,77
5517,77
5518,77
5519,77
5520,77
5521,77
5522,77
5523,77
5524,77
5525,77
5526,77
5527,77
5528,77
5529,77
5530,77
5531,77
5532,77
5533,77
5534,77
5535,77
5536,77
5537,77
5538,77
5539,77
5540,77
5541,77
5542,77
5543,77
5544,77
5545,77
5546,77
5547,77
5548,77
5549,77
5550,77
5551,77
5552,77
5553,77
5554,77
5555,77
5556,77
5557,77
5558,77
5559,77
5560,77
5561,77
5562,77
5563,77
5564,77
5565,77
5566,77
5567,77
5568,77
5569,77
5570,77
5571,77
5572,77
5573,77
5574,77
5575,77
5576,77
5577,77
5578,77
5579,77
5580,77
5581,77
5582,77
5583,77
5584,77
5585,77
5586,77
5587,77
5588,77
5589,77
5590,77
5591,77
5592,77
5593,77
5594,77
5595,77
5596,77
5597,77
5598,77
5599,77
5600,77
5601,77
5602,77
5603,77
5604,77
5605,77
5606,77
5607,77
5608,77
5609,77
5610,77
5611,77
5612,77
5613,77
5614,77
5615,77
5616,77
5617,77
5618,77
5619,77
5620,77
5621,77
5622,77
5623,77
5624,77
5625,77
5626,77
5627,77
5628,77
5629,77
5630,77
5631,77
5632,77
5633,77
5634,77
5635,77
5636,77
5637,77
5638,77
5639,77
5640,77
5641,77
5642,77
5643,77
5644,77
5645,77
5646,77
5647,77
5648,77
5649,77
5650,77
5651,77
5652,77
5653,77
5654,77
5655,77
5656,77
5657,77
5658,77
5659,77
5660,77
5661,77
5662,77
5663,77
5664,77
5665,77
5666,77
5667,77
5668,77
5669,77
5670,77
5671,77
5672,77
5673,77
5674,77
5675,77
5676,77
5677,77
5678,77
5679,77
5680,77
5681,77
5682,77
5683,77
5684,77
5685,77
5686,77
5687,77
5688,77
5689,77
5690,77
5691,77
5692,77
5693,77
5694,77
5695,77
5696,77
5697,77
5698,77
5699,77
5700,77
5701,77
5702,77
5703,77
5704,77
5705,77
5706,77
5707,77
5708,77
5709,77
5710,77
5711,77
5712,77
5713,77
5714,77
5715,77
5716,77
5717,77
5718,77
5719,77
5720,77
5721,77
5722,77
5723,77
5724,77
5725,77
5726,77
5727,77
5728,77
5729,77
5730,77
5731,77
5732,77
5733,77
5734,77
5735,77
5736,77
5737,77
5738,77
5739,77
5740,77
5741,77
5742,77
5743,77
5744,77
5745,77
5746,77
5747,77
5748,77
5749,77
5750,77
5751,77
5752,77
5753,77
5754,77
5755,77
5756,77
5757,77
5758,77
5759,77
5760,77
5761,77
5762,77
5763,77
5764,77
5765,77
5766,77
5767,77
5768,77
5769,77
5770,77
5771,77
5772,77
5773,77
5774,77
5775,77
5776,77
5777,77
5778,77
5779,77
5780,77
5781,77
5782,77
5783,77
5784,77
5785,77
5786,77
5787,77
5788,77
5789,77
5790,77
5791,77
5792,77
5793,77
5794,77
5795,77
5796,77
5797,77
5798,77
5799,77
5800,77
5801,77
5802,77
5803,77
5804,77
5805,77
5806,76
5807,76
5808,76
5809,76
5810,76
5811,76
5812,76
5813,76
5814,76
5815,76
5816,76
5817,76
5818,76
5819,76
5820,76
5821,76
5822,76
5823,76
5824,76
5825,76
5826,76
5827,76
5828,76
5829,76
5830,76
5831,76
5832,76
5833,76
5834,76
5835,76
5836,76
5837,76
5838,76
5839,76
5840,76
5841,76
5842,76
5843,76
5844,76
5845,76
5846,76
5847,76
5848,76
5849,76
5850,76
5851,76
5852,76
5853,76
5854,76
5855,76
5856,76
5857,76
5858,76
5859,76
5860,76
5861,76
5862,76
5863,76
5864,76
5865,76
5866,76
5867,76
5868,76
5869,76
5870,76
5871,76
5872,76
5873,76
5874,76
5875,76
5876,76
5877,76
5878,76
5879,76
5880,76
5881,76
5882,76
5883,76
5884,76
5885,76
5886,76
5887,76
5888,76
5889,76
5890,76
5891,76
5892,76
5893,76
5894,76
5895,76
5896,76
5897,76
5898,76
5899,76
5900,76
5901,76
5902,76
5903,76
5904,76
5905,76
5906,76
5907,76
5908,76
5909,76
5910,76
5911,76
5912,76
5913,76
5914,76
5915,76
5916,76
5917,76
5918,76
5919,76
5920,76
5921,76
5922,76
5923,76
5924,76
5925,76
5926,76
5927,76
5928,76
5929,76
5930,76
5931,76
5932,76
5933,76
5934,76
5935,76
5936,76
5937,76
5938,76
5939,76
5940,76
5941,76
5942,76
5943,76
5944,76
5945,76
5946,76
5947,76
5948,76
5949,76
5950,76
5951,76
5952,76
5953,76
5954,76
5955,76
5956,76
5957,76
5958,76
5959,76
5960,76
5961,76
5962,76
5963,76
5964,76
5965,76
5966,76
5967,76
5968,76
5969,76
5970,76
5971,76
5972,76
5973,76
5974,76
5975,76
5976,76
5977,76
5978,76
5979,76
5980,76
5981,76
5982,76
5983,76
5984,76
5985,76
5986,76
5987,76
5988,76
5989,76
5990,76
5991,76
5992,76
5993,76
5994,76
5995,76
5996,76
5997,76
5998,76
5999,76
6000,76
6001,76
6002,76
6003,76
6004,76
6005,76
6006,76
6007,76
6008,76
6009,76
6010,76
6011,76
6012,76
6013,76
6014,76
6015,76
6016,76
6017,76
6018,76
6019,76
6020,76
6021,76
6022,76
6023,76
6024,76
6025,76
6026,76
6027,76
6028,76
6029,76
6030,76
6031,76
6032,76
6033,76
6034,76
6035,76
6036,76
6037,76
6038,76
6039,76
6040,76
6041,76
6042,76
6043,76
6044,76
6045,76
6046,76
6047,76
6048,76
6049,76
6050,76
6051,76
6052,76
6053,76
6054,76
6055,76
6056,76
6057,76
6058,76
6059,76
6060,76
6061,76
6062,76
6063,76
6064,76
6065,76
6066,76
6067,76
6068,76
6069,76
6070,76
6071,76
6072,76
6073,76
6074,76
6075,76
6076,76
6077,76
6078,76
6079,76
6080,76
6081,76
6082,76
6083,76
6084,76
6085,76
6086,76
6087,76
6088,76
6089,76
6090,76
6091,76
6092,76
6093,76
6094,76
6095,76
6096,76
6097,76
6098,76
6099,76
6100,76
6101,76
6102,76
6103,76
6104,76
6105,76
6106,76
6107,76
6108,76
6109,76
6110,76
6111,76
6112,76
6113,76
6114,76
6115,76
6116,76
6117,76
6118,76
6119,76
6120,76
6121,76
6122,76
6123,76
6124,76
6125,76
6126,76
6127,76
6128,76
6129,76
6130,76
6131,76
6132,76
6133,76
6134,76
6135,76
6136,76
6137,76
6138,76
6139,76
6140,76
6141,76
6142,76
6143,76
6144,76
6145,76
6146,76
6147,76
6148,76
6149,76
6150,76
6151,76
6152,76
6153,76
6154,76
6155,76
6156,76
6157,76
6158,76
6159,76
6160,76
6161,76
6162,76
6163,76
6164,76
6165,76
6166,76
6167,76
6168,76
6169,76
6170,76
6171,76
6172,76
6173,76
6174,76
6175,76
6176,76
6177,76
6178,76
6179,76
6180,76
6181,76
6182,76
6183,76
6184,76
6185,76
6186,76
6187,76
6188,76
6189,76
6190,76
6191,76
6192,76
6193,76
6194,76
6195,76
6196,76
6197,76
6198,76
6199,76
6200,76
6201,76
6202,76
6203,76
6204,76
6205,76
6206,76
6207,76
6208,76
6209,76
6210,76
6211,76
6212,76
6213,76
6214,76
6215,76
6216,76
6217,76
6218,76
6219,76
6220,76
6221,76
6222,76
6223,76
6224,76
6225,76
6226,76
6227,76
6228,76
6229,76
6230,76
6231,76
6232,76
6233,76
6234,76
6235,76
6236,76
6237,76
6238,76
6239,76
6240,76
6241,76
6242,76
6243,76
6244,76
6245,76
6246,76
6247,76
6248,76
6249,76
6250,76
6251,76
6252,76
6253,76
6254,76
6255,76
6256,76
6257,76
6258,76
6259,76
6260,76
6261,76
6262,76
6263,76
6264,76
6265,76
6266,76
6267,76
6268,76
6269,76
6270,76
6271,76
6272,76
6273,76
6274,76
6275,76
6276,76
6277,76
6278,76
6279,76
6280,76
6281,76
6282,76
6283,76
6284,76
6285,76
6286,76
6287,76
6288,76
6289,76
6290,76
6291,76
6292,76
6293,76
6294,76
6295,76
6296,76
6297,76
6298,76
6299,76
6300,76
6301,76
6302,76
6303,76
6304,76
6305,76
6306,76
6307,76
6308,76
6309,76
6310,76
6311,76
6312,76
6313,76
6314,76
6315,76
6316,76
6317,76
6318,76
6319,76
6320,76
6321,76
6322,76
6323,76
6324,76
6325,76
6326,76
6327,76
6328,76
6329,76
6330,76
6331,76
6332,76
6333,76
6334,76
6335,76
6336,76
6337,76
6338,76
6339,76
6340,76
6341,76
6342,76
6343,76
6344,76
6345,76
6346,76
6347,76
6348,76
6349,76
6350,76
6351,76
6352,76
6353,76
6354,76
6355,76
6356,76
6357,76
6358,76
6359,76
6360,76
6361,76
6362,76
6363,76
6364,76
6365,76
6366,76
6367,76
6368,76
6369,76
6370,76
6371,76
6372,76
6373,76
6374,76
6375,76
6376,76
6377,76
6378,76
6379,76
6380,76
6381,76
6382,76
6383,76
6384,76
6385,76
6386,76
6387,76
6388,76
6389,76
6390,76
6391,76
6392,76
6393,76
6394,76
6395,76
6396,76
6397,76
6398,76
6399,76
6400,76
6401,76
6402,76
6403,76
6404,76
6405,76
6406,76
6407,76
6408,76
6409,76
6410,76
6411,76
6412,76
6413,76
6414,76
6415,76
6416,76
6417,76
6418,76
6419,76
6420,76
6421,76
6422,76
6423,76
6424,76
6425,76
6426,76
6427,76
6428,76
6429,76
6430,76
6431,76
6432,76
6433,76
6434,76
6435,76
6436,76
6437,76
6438,76
6439,76
6440,76
6441,76
6442,76
6443,76
6444,76
6445,76
6446,76
6447,76
6448,76
6449,76
6450,76
6451,76
6452,76
6453,76
6454,76
6455,76
6456,76
6457,76
6458,76
6459,76
6460,76
6461,76
6462,76
6463,76
6464,76
6465,76
6466,76
6467,76
6468,76
6469,76
6470,76
6471,76
6472,76
6473,76
6474,76
6475,76
6476,76
6477,76
6478,76
6479,76
6480,76
6481,76
6482,76
6483,76
6484,76
6485,76
6486,76
6487,76
6488,76
6489,76
6490,76
6491,76
6492,76
6493,76
6494,76
6495,76
6496,76
6497,76
6498,76
6499,76
6500,76
6501,76
6502,76
6503,76
6504,76
6505,76
6506,76
6507,76
6508,76
6509,76
6510,76
6511,76
6512,76
6513,76
6514,76
6515,76
6516,76
6517,76
6518,76
6519,76
6520,76
6521,76
6522,76
6523,76
6524,76
6525,76
6526,76
6527,76
6528,76
6529,76
6530,76
6531,76
6532,76
6533,76
6534,76
6535,76
6536,76
6537,76
6538,76
6539,76
6540,76
6541,76
6542,76
6543,76
6544,76
6545,76
6546,76
6547,76
6548,76
6549,76
6550,76
6551,76
6552,76
6553,76
6554,76
6555,76
6556,76
6557,76
6558,76
6559,76
6560,76
6561,76
6562,76
6563,76
6564,76
6565,76
6566,76
6567,76
6568,76
6569,76
6570,76
6571,76
6572,76
6573,76
6574,76
6575,76
6576,76
6577,76
6578,76
6579,76
6580,76
6581,76
6582,76
6583,76
6584,76
6585,76
6586,76
6587,76
6588,76
6589,76
6590,76
6591,76
6592,76
6593,76
6594,76
6595,76
6596,76
6597,76
6598,76
6599,76
6600,76
6601,76
6602,76
6603,76
6604,76
6605,76
6606,76
6607,76
6608,76
6609,76
6610,76
6611,76
6612,76
6613,76
6614,76
6615,76
6616,76
6617,76
6618,76
6619,76
6620,76
6621,76
6622,76
6623,76
6624,76
6625,76
6626,76
6627,76
6628,76
6629,76
6630,76
6631,76
6632,76
6633,76
6634,76
6635,76
6636,76
6637,76
6638,76
6639,76
6640,76
6641,76
6642,76
6643,76
6644,76
6645,76
6646,76
6647,76
6648,76
6649,76
6650,76
6651,76
6652,76
6653,76
6654,76
6655,76
6656,76
6657,76
6658,76
6659,76
6660,76
6661,76
6662,76
6663,76
6664,76
6665,76
6666,76
6667,76
6668,76
6669,76
6670,76
6671,76
6672,76
6673,76
6674,76
6675,76
6676,76
6677,76
6678,76
6679,76
6680,76
6681,76
6682,76
6683,76
6684,76
6685,76
6686,76
6687,76
6688,76
6689,76
6690,76
6691,76
6692,76
6693,76
6694,76
6695,76
6696,76
6697,76
6698,76
6699,76
6700,76
6701,76
6702,76
6703,76
6704,76
6705,76
6706,76
6707,76
6708,76
6709,76
6710,76
6711,76
6712,76
6713,76
6714,76
6715,76
6716,76
6717,76
6718,76
6719,76
6720,76
6721,76
6722,76
6723,76
6724,76
6725,76
6726,76
6727,76
6728,76
6729,76
6730,76
6731,76
6732,76
6733,76
6734,76
6735,76
6736,76
6737,76
6738,76
6739,76
6740,76
6741,76
6742,76
6743,76
6744,76
6745,76
6746,76
6747,76
6748,76
6749,76
6750,76
6751,76
6752,76
6753,76
6754,76
6755,76
6756,76
6757,76
6758,76
6759,76
6760,76
6761,76
6762,76
6763,76
6764,76
6765,76
6766,76
6767,76
6768,76
6769,76
6770,76
6771,76
6772,76
6773,76
6774,76
6775,76
6776,76
6777,76
6778,76
6779,76
6780,76
6781,76
6782,76
6783,76
6784,76
6785,76
6786,76
6787,76
6788,76
6789,76
6790,76
6791,76
6792,76
6793,76
6794,76
6795,76
6796,76
6797,76
6798,76
6799,76
6800,76
6801,76
6802,76
6803,76
6804,76
6805,76
6806,76
6807,76
6808,76
6809,76
6810,76
6811,76
6812,76
6813,76
6814,76
6815,76
6816,76
6817,76
6818,76
6819,76
6820,76
6821,76
6822,76
6823,76
6824,76
6825,76
6826,76
6827,76
6828,76
6829,76
6830,76
6831,76
6832,76
6833,76
6834,76
6835,76
6836,76
6837,76
6838,76
6839,76
6840,76
6841,76
6842,76
6843,76
6844,76
6845,76
6846,76
6847,76
6848,76
6849,76
6850,76
6851,76
6852,76
6853,76
6854,76
6855,76
6856,76
6857,76
6858,76
6859,76
6860,76
6861,76
6862,76
6863,76
6864,76
6865,76
6866,76
6867,76
6868,76
6869,76
6870,76
6871,76
6872,76
6873,76
6874,76
6875,76
6876,76
6877,76
6878,76
6879,76
6880,76
6881,76
6882,76
6883,76
6884,76
6885,76
6886,76
6887,76
6888,76
6889,76
6890,76
6891,76
6892,76
6893,76
6894,76
6895,76
6896,76
6897,76
6898,76
6899,76
6900,76
6901,76
6902,76
6903,76
6904,76
6905,76
6906,76
6907,76
6908,76
6909,76
6910,76
6911,76
6912,76
6913,76
6914,76
6915,76
6916,76
6917,76
6918,76
6919,76
6920,76
6921,76
6922,76
6923,76
6924,76
6925,76
6926,76
6927,76
6928,76
6929,76
6930,76
6931,76
6932,76
6933,76
6934,76
6935,76
6936,76
6937,76
6938,76
6939,76
6940,76
6941,76
6942,76
6943,76
6944,76
6945,76
6946,76
6947,76
6948,76
6949,76
6950,76
6951,76
6952,76
6953,76
6954,76
6955,76
6956,76
6957,76
6958,76
6959,76
6960,76
6961,76
6962,76
6963,76
6964,76
6965,76
6966,76
6967,76
6968,76
6969,76
6970,76
6971,76
6972,76
6973,76
6974,76
6975,76
6976,76
6977,76
6978,76
6979,76
6980,76
6981,76
6982,76
6983,76
6984,76
6985,76
6986,76
6987,76
6988,76
6989,76
6990,76
6991,76
6992,76
6993,76
6994,76
6995,76
6996,76
6997,76
6998,76
6999,76
7000,76
7001,76
7002,76
7003,76
7004,76
7005,76
7006,76
7007,76
7008,76
7009,76
7010,76
7011,76
7012,76
7013,76
7014,76
7015,76
7016,76
7017,76
7018,76
7019,76
7020,76
7021,76
7022,76
7023,76
7024,76
7025,76
7026,76
7027,76
7028,76
7029,76
7030,76
7031,76
7032,76
7033,76
7034,76
7035,76
7036,76
7037,76
7038,76
7039,76
7040,76
7041,76
7042,76
7043,76
7044,76
7045,76
7046,76
7047,76
7048,76
7049,76
7050,76
7051,76
7052,76
7053,76
7054,76
7055,76
7056,76
7057,76
7058,76
7059,76
7060,76
7061,76
7062,76
7063,76
7064,76
7065,76
7066,76
7067,76
7068,76
7069,76
7070,76
7071,76
7072,76
7073,76
7074,76
7075,76
7076,76
7077,76
7078,76
7079,76
7080,76
7081,76
7082,76
7083,76
7084,76
7085,76
7086,76
7087,76
7088,76
7089,76
7090,76
7091,76
7092,76
7093,76
7094,76
7095,76
7096,76
7097,76
7098,76
7099,76
7100,76
7101,76
7102,76
7103,76
7104,76
7105,76
7106,76
7107,76
7108,76
7109,76
7110,76
7111,76
7112,76
7113,76
7114,76
7115,76
7116,76
7117,76
7118,76
7119,76
7120,76
7121,76
7122,76
7123,76
7124,76
7125,76
7126,76
7127,76
7128,76
7129,76
7130,76
7131,76
7132,76
7133,76
7134,76
7135,76
7136,76
7137,76
7138,76
7139,76
7140,76
7141,76
7142,76
7143,76
7144,76
7145,76
7146,76
7147,76
7148,76
7149,76
7150,76
7151,76
7152,76
7153,76
7154,76
7155,76
7156,76
7157,76
7158,76
7159,76
7160,76
7161,76
7162,76
7163,76
7164,76
7165,76
7166,76
7167,76
7168,76
7169,76
7170,76
7171,76
7172,76
7173,76
7174,76
7175,76
7176,76
7177,76
7178,76
7179,76
7180,76
7181,76
7182,76
7183,76
7184,76
7185,76
7186,76
7187,76
7188,76
7189,76
7190,76
7191,76
7192,76
7193,76
7194,76
7195,76
7196,76
7197,76
7198,76
7199,76
7200,76
7201,76
7202,76
7203,76
7204,76
7205,76
7206,76
7207,76
7208,76
7209,76
7210,76
7211,76
7212,76
7213,76
7214,76
7215,76
7216,76
7217,76
7218,76
7219,76
7220,76
7221,76
7222,76
7223,76
7224,76
7225,76
7226,76
7227,76
7228,76
7229,76
7230,76
7231,76
7232,76
7233,76
7234,76
7235,76
7236,76
7237,76
7238,76
7239,76
7240,76
7241,76
7242,76
7243,76
7244,76
7245,76
7246,76
7247,76
7248,76
7249,76
7250,76
7251,76
7252,76
7253,76
7254,76
7255,76
7256,76
7257,76
7258,76
7259,76
7260,76
7261,76
7262,76
7263,76
7264,76
7265,76
7266,76
7267,76
7268,76
7269,76
7270,76
7271,76
7272,76
7273,76
7274,76
7275,76
7276,76
7277,76
7278,76
7279,76
7280,76
7281,76
7282,76
7283,76
7284,76
7285,76
7286,76
7287,76
7288,76
7289,76
7290,76
7291,76
7292,76
7293,76
7294,76
7295,76
7296,76
7297,76
7298,76
7299,76
7300,76
7301,76
7302,76
7303,76
7304,76
7305,76
7306,76
7307,76
7308,76
7309,76
7310,76
7311,76
7312,76
7313,76
7314,76
7315,76
7316,76
7317,76
7318,76
7319,76
7320,76
7321,76
7322,76
7323,76
7324,76
7325,76
7326,76
7327,76
7328,76
7329,76
7330,76
7331,76
7332,76
7333,76
7334,76
7335,76
7336,76
7337,76
7338,76
7339,76
7340,76
7341,76
7342,76
7343,76
7344,76
7345,76
7346,76
7347,76
7348,76
7349,76
7350,76
7351,76
7352,76
7353,76
7354,76
7355,76
7356,76
7357,76
7358,76
7359,76
7360,76
7361,76
7362,76
7363,76
7364,76
7365,76
7366,76
7367,76
7368,76
7369,76
7370,76
7371,76
7372,76
7373,76
7374,76
7375,76
7376,76
7377,76
7378,76
7379,76
7380,76
7381,76
7382,76
7383,76
7384,76
7385,76
7386,76
7387,76
7388,76
7389,76
7390,76
7391,76
7392,76
7393,76
7394,76
7395,76
7396,76
7397,76
7398,76
7399,76
7400,76
7401,76
7402,76
7403,76
7404,76
7405,76
7406,76
7407,76
7408,76
7409,76
7410,76
7411,76
7412,76
7413,76
7414,76
7415,76
7416,76
7417,76
7418,76
7419,76
7420,76
7421,76
7422,76
7423,76
7424,76
7425,76
7426,76
7427,76
7428,76
7429,76
7430,76
7431,76
7432,76
7433,76
7434,76
7435,76
7436,76
7437,76
7438,76
7439,76
7440,76
7441,76
7442,76
7443,76
7444,76
7445,76
7446,76
7447,76
7448,76
7449,76
7450,76
7451,76
7452,76
7453,76
7454,76
7455,76
7456,76
7457,76
7458,76
7459,76
7460,76
7461,76
7462,76
7463,76
7464,76
7465,76
7466,76
7467,76
7468,76
7469,76
7470,76
7471,76
7472,76
7473,76
7474,76
7475,76
7476,76
7477,76
7478,76
7479,76
7480,76
7481,76
7482,76
7483,76
7484,76
7485,76
7486,76
7487,76
7488,76
7489,76
7490,76
7491,76
7492,76
7493,76
7494,76
7495,76
7496,76
7497,76
7498,76
7499,76
7500,76
7501,76
7502,76
7503,76
7504,76
7505,76
7506,76
7507,76
7508,76
7509,76
7510,76
7511,76
7512,76
7513,76
7514,76
7515,76
7516,76
7517,76
7518,76
7519,76
7520,76
7521,76
7522,76
7523,76
7524,76
7525,76
7526,76
7527,76
7528,76
7529,76
7530,76
7531,76
7532,76
7533,76
7534,76
7535,76
7536,76
7537,76
7538,76
7539,76
7540,76
7541,76
7542,76
7543,76
7544,76
7545,76
7546,76
7547,76
7548,76
7549,76
7550,76
7551,76
7552,76
7553,76
7554,76
7555,76
7556,76
7557,76
7558,76
7559,76
7560,76
7561,76
7562,76
7563,76
7564,76
7565,76
7566,76
7567,76
7568,76
7569,76
7570,76
7571,76
7572,76
7573,76
7574,76
7575,76
7576,76
7577,76
7578,76
7579,76
7580,76
7581,76
7582,76
7583,76
7584,76
7585,76
7586,76
7587,76
7588,76
7589,76
7590,76
7591,76
7592,76
7593,76
7594,76
7595,76
7596,76
7597,76
7598,76
7599,76
7600,76
7601,76
7602,76
7603,76
7604,76
7605,76
7606,76
7607,76
7608,76
7609,76
7610,76
7611,76
7612,76
7613,76
7614,76
7615,76
7616,76
7617,76
7618,76
7619,76
7620,76
7621,76
7622,76
7623,76
7624,76
7625,76
7626,76
7627,76
7628,76
7629,76
7630,76
7631,76
7632,76
7633,76
7634,76
7635,76
7636,76
7637,76
7638,76
7639,76
7640,76
7641,76
7642,76
7643,76
7644,76
7645,76
7646,76
7647,76
7648,76
7649,76
7650,76
7651,76
7652,76
7653,76
7654,76
7655,76
7656,76
7657,76
7658,76
7659,76
7660,76
7661,76
7662,76
7663,76
7664,76
7665,76
7666,76
7667,76
7668,76
7669,76
7670,76
7671,76
7672,76
7673,76
7674,76
7675,76
7676,76
7677,76
7678,76
7679,76
7680,76
7681,76
7682,76
7683,76
7684,76
7685,76
7686,76
7687,76
7688,76
7689,76
7690,76
7691,76
7692,76
7693,76
7694,76
7695,76
7696,76
7697,76
7698,76
7699,76
7700,76
7701,76
7702,76
7703,76
7704,76
7705,76
7706,76
7707,76
7708,76
7709,76
7710,76
7711,76
7712,76
7713,76
7714,76
7715,76
7716,76
7717,76
7718,76
7719,76
7720,76
7721,76
7722,76
7723,76
7724,76
7725,76
7726,76
7727,76
7728,76
7729,76
7730,76
7731,76
7732,76
7733,76
7734,76
7735,76
7736,76
7737,76
7738,76
7739,76
7740,76
7741,76
7742,76
7743,76
7744,76
7745,76
7746,76
7747,76
7748,76
7749,76
7750,76
7751,76
7752,76
7753,76
7754,76
7755,76
7756,76
7757,76
7758,76
7759,76
7760,76
7761,76
7762,76
7763,76
7764,76
7765,76
7766,76
7767,76
7768,76
7769,76
7770,76
7771,76
7772,76
7773,76
7774,76
7775,76
7776,76
7777,76
7778,76
7779,76
7780,76
7781,76
7782,76
7783,76
7784,76
7785,76
7786,76
7787,76
7788,76
7789,76
7790,76
7791,76
7792,76
7793,76
7794,76
7795,76
7796,76
7797,76
7798,76
7799,76
7800,76
7801,76
7802,76
7803,76
7804,76
7805,76
7806,76
7807,76
7808,76
7809,76
7810,76
7811,76
7812,76
7813,76
7814,76
7815,76
7816,76
7817,76
7818,76
7819,76
7820,76
7821,76
7822,76
7823,76
7824,76
7825,76
7826,76
7827,76
7828,76
7829,76
7830,76
7831,76
7832,76
7833,76
7834,76
7835,76
7836,76
7837,76
7838,76
7839,76
7840,76
7841,76
7842,76
7843,76
7844,76
7845,76
7846,76
7847,76
7848,76
7849,76
7850,76
7851,76
7852,76
7853,76
7854,76
7855,76
7856,76
7857,76
7858,76
7859,76
7860,76
7861,76
7862,76
7863,76
7864,76
7865,76
7866,76
7867,76
7868,76
7869,76
7870,76
7871,76
7872,76
7873,76
7874,76
7875,76
7876,76
7877,76
7878,76
7879,76
7880,76
7881,76
7882,76
7883,76
7884,76
7885,76
7886,76
7887,76
7888,76
7889,76
7890,76
7891,76
7892,76
7893,76
7894,76
7895,76
7896,76
7897,76
7898,76
7899,76
7900,76
7901,76
7902,76
7903,76
7904,76
7905,76
7906,76
7907,76
7908,76
7909,76
7910,76
7911,76
7912,76
7913,76
7914,76
7915,76
7916,76
7917,76
7918,76
7919,76
7920,76
7921,76
7922,76
7923,76
7924,76
7925,76
7926,76
7927,76
7928,76
7929,76
7930,76
7931,76
7932,76
7933,76
7934,76
7935,76
7936,76
7937,76
7938,76
7939,76
7940,76
7941,76
7942,76
7943,76
7944,76
7945,76
7946,76
7947,76
7948,76
7949,76
7950,76
7951,76
7952,76
7953,76
7954,76
7955,76
7956,76
7957,76
7958,76
7959,76
7960,76
7961,76
7962,76
7963,76
7964,76
7965,76
7966,76
7967,76
7968,76
7969,76
7970,76
7971,76
7972,76
7973,76
7974,76
7975,76
7976,76
7977,76
7978,76
7979,76
7980,76
7981,76
7982,76
7983,76
7984,76
7985,76
7986,76
7987,76
7988,76
7989,76
7990,76
7991,76
7992,76
7993,76
7994,76
7995,76
7996,76
7997,76
7998,76
7999,76
8000,76
8001,76
8002,76
8003,76
8004,76
8005,76
8006,76
8007,76
8008,76
8009,76
8010,76
8011,76
8012,76
8013,76
8014,76
8015,76
8016,76
8017,76
8018,76
8019,76
8020,76
8021,76
8022,76
8023,76
8024,76
8025,76
8026,76
8027,76
8028,76
8029,76
8030,76
8031,76
8032,76
8033,76
8034,76
8035,76
8036,76
8037,76
8038,76
8039,76
8040,76
8041,76
8042,76
8043,76
8044,76
8045,76
8046,76
8047,76
8048,76
8049,76
8050,76
8051,76
8052,76
8053,76
8054,76
8055,76
8056,76
8057,76
8058,76
8059,76
8060,76
8061,76
8062,76
8063,76
8064,76
8065,76
8066,76
8067,76
8068,76
8069,76
8070,76
8071,76
8072,76
8073,76
8074,76
8075,76
8076,76
8077,76
8078,76
8079,76
8080,76
8081,76
8082,76
8083,76
8084,76
8085,76
8086,76
8087,76
8088,76
8089,76
8090,76
8091,76
8092,76
8093,76
8094,76
8095,76
8096,76
8097,76
8098,76
8099,76
8100,76
8101,76
8102,76
8103,76
8104,76
8105,76
8106,76
8107,76
8108,76
8109,76
8110,76
8111,76
8112,76
8113,76
8114,76
8115,76
8116,76
8117,76
8118,76
8119,76
8120,76
8121,76
8122,76
8123,76
8124,76
8125,76
8126,76
8127,76
8128,76
8129,76
8130,76
8131,76
8132,76
8133,76
8134,76
8135,76
8136,76
8137,76
8138,76
8139,76
8140,76
8141,76
8142,76
8143,76
8144,76
8145,76
8146,76
8147,76
8148,76
8149,76
8150,76
8151,76
8152,76
8153,76
8154,76
8155,76
8156,76
8157,76
8158,76
8159,76
8160,76
8161,76
8162,76
8163,76
8164,76
8165,76
8166,76
8167,76
8168,76
8169,76
8170,76
8171,76
8172,76
8173,76
8174,76
8175,76
8176,76
8177,76
8178,76
8179,76
8180,76
8181,76
8182,76
8183,76
8184,76
8185,76
8186,76
8187,76
8188,76
8189,76
8190,76
8191,76
8192,76
8193,76
8194,76
8195,76
8196,76
8197,76
8198,76
8199,76
8200,76
8201,76
8202,76
8203,76
8204,76
8205,76
8206,76
8207,76
8208,76
8209,76
8210,76
8211,76
8212,76
8213,76
8214,76
8215,76
8216,76
8217,76
8218,76
8219,76
8220,76
8221,76
8222,76
8223,76
8224,76
8225,76
8226,76
8227,76
8228,76
8229,76
8230,76
8231,76
8232,76
8233,76
8234,76
8235,76
8236,76
8237,76
8238,76
8239,76
8240,76
8241,76
8242,76
8243,76
8244,76
8245,76
8246,76
8247,76
8248,76
8249,76
8250,76
8251,76
8252,76
8253,76
8254,76
8255,76
8256,76
8257,76
8258,76
8259,76
8260,76
8261,76
8262,76
8263,76
8264,76
8265,76
8266,76
8267,76
8268,76
8269,76
8270,76
8271,76
8272,76
8273,76
8274,76
8275,76
8276,76
8277,76
8278,76
8279,76
8280,76
8281,76
8282,76
8283,76
8284,76
8285,76
8286,76
8287,76
8288,76
8289,76
8290,76
8291,76
8292,76
8293,76
8294,76
8295,76
8296,76
8297,76
8298,76
8299,76
8300,76
8301,76
8302,76
8303,76
8304,76
8305,76
8306,76
8307,76
8308,76
8309,76
8310,76
8311,76
8312,76
8313,76
8314,76
8315,76
8316,76
8317,76
8318,76
8319,76
8320,76
8321,76
8322,76
8323,76
8324,76
8325,76
8326,76
8327,76
8328,76
8329,76
8330,76
8331,76
8332,76
8333,76
8334,76
8335,76
8336,76
8337,76
8338,76
8339,76
8340,76
8341,76
8342,76
8343,76
8344,76
8345,76
8346,76
8347,76
8348,76
8349,76
8350,76
8351,76
8352,76
8353,76
8354,76
8355,76
8356,76
8357,76
8358,76
8359,76
8360,76
8361,76
8362,76
8363,76
8364,76
8365,76
8366,76
8367,76
8368,76
8369,76
8370,76
8371,76
8372,76
8373,76
8374,76
8375,76
8376,76
8377,76
8378,76
8379,76
8380,76
8381,76
8382,76
8383,76
8384,76
8385,76
8386,76
8387,76
8388,76
8389,76
8390,76
8391,76
8392,76
8393,76
8394,76
8395,76
8396,76
8397,76
8398,76
8399,76
8400,76
8401,76
8402,76
8403,76
8404,76
8405,76
8406,76
8407,76
8408,76
8409,76
8410,76
8411,76
8412,76
8413,76
8414,76
8415,76
8416,76
8417,76
8418,76
8419,76
8420,76
8421,76
8422,76
8423,76
8424,76
8425,76
8426,76
8427,76
8428,76
8429,76
8430,76
8431,76
8432,76
8433,76
8434,76
8435,76
8436,76
8437,76
8438,76
8439,76
8440,76
8441,76
8442,76
8443,76
8444,76
8445,76
8446,76
8447,76
8448,76
8449,76
8450,76
8451,76
8452,76
8453,76
8454,76
8455,76
8456,76
8457,76
8458,76
8459,76
8460,76
8461,76
8462,76
8463,76
8464,76
8465,76
8466,76
8467,76
8468,76
8469,76
8470,76
8471,76
8472,76
8473,76
8474,76
8475,76
8476,76
8477,76
8478,76
8479,76
8480,76
8481,76
8482,76
8483,76
8484,76
8485,76
8486,76
8487,76
8488,76
8489,76
8490,76
8491,76
8492,76
8493,76
8494,76
8495,76
8496,76
8497,76
8498,76
8499,76
8500,76
8501,76
8502,76
8503,76
8504,76
8505,76
8506,76
8507,76
8508,76
8509,76
8510,76
8511,76
8512,76
8513,76
8514,76
8515,76
8516,76
8517,76
8518,76
8519,76
8520,76
8521,76
8522,76
8523,76
8524,76
8525,76
8526,76
8527,76
8528,76
8529,76
8530,76
8531,76
8532,76
8533,76
8534,76
8535,76
8536,76
8537,76
8538,76
8539,76
8540,76
8541,76
8542,76
8543,76
8544,76
8545,76
8546,76
8547,76
8548,76
8549,76
8550,76
8551,76
8552,76
8553,76
8554,76
8555,76
8556,76
8557,76
8558,76
8559,76
8560,76
8561,76
8562,76
8563,76
8564,76
8565,76
8566,76
8567,76
8568,76
8569,76
8570,76
8571,76
8572,76
8573,76
8574,76
8575,76
8576,76
8577,76
8578,76
8579,76
8580,76
8581,76
8582,76
8583,76
8584,76
8585,76
8586,76
8587,76
8588,76
8589,76
8590,76
8591,76
8592,76
8593,76
8594,76
8595,76
8596,76
8597,76
8598,76
8599,76
8600,76
8601,76
8602,76
8603,76
8604,76
8605,76
8606,76
8607,76
8608,76
8609,76
8610,76
8611,76
8612,76
8613,76
8614,76
8615,76
8616,76
8617,76
8618,76
8619,76
8620,76
8621,76
8622,76
8623,76
8624,76
8625,76
8626,76
8627,76
8628,76
8629,76
8630,76
8631,76
8632,76
8633,76
8634,76
8635,76
8636,76
8637,76
8638,76
8639,76
8640,76
8641,76
8642,76
8643,76
8644,76
8645,76
8646,76
8647,76
8648,76
8649,76
8650,76
8651,76
8652,76
8653,76
8654,76
8655,76
8656,76
8657,76
8658,76
8659,76
8660,76
8661,76
8662,76
8663,76
8664,76
8665,76
8666,76
8667,76
8668,76
8669,76
8670,76
8671,76
8672,76
8673,76
8674,76
8675,76
8676,76
8677,76
8678,76
8679,76
8680,76
8681,76
8682,76
8683,76
8684,76
8685,76
8686,76
8687,76
8688,76
8689,76
8690,76
8691,76
8692,76
8693,76
8694,76
8695,76
8696,76
8697,76
8698,76
8699,76
8700,76
8701,76
8702,76
8703,76
8704,76
8705,76
8706,76
8707,76
8708,76
8709,76
8710,76
8711,76
8712,76
8713,76
8714,76
8715,76
8716,76
8717,76
8718,76
8719,76
8720,76
8721,76
8722,76
8723,76
8724,76
8725,76
8726,76
8727,76
8728,76
8729,76
8730,76
8731,76
8732,76
8733,76
8734,76
8735,76
8736,76
8737,76
8738,76
8739,76
8740,76
8741,76
8742,76
8743,76
8744,76
8745,76
8746,76
8747,76
8748,76
8749,76
8750,76
8751,76
8752,76
8753,76
8754,76
8755,76
8756,76
8757,76
8758,76
8759,76
8760,76
8761,76
8762,76
8763,76
8764,76
8765,76
8766,76
8767,76
8768,76
8769,76
8770,76
8771,76
8772,76
8773,76
8774,76
8775,76
8776,76
8777,76
8778,76
8779,76
8780,76
8781,76
8782,76
8783,76
8784,76
8785,76
8786,76
8787,76
8788,76
8789,76
8790,76
8791,76
8792,76
8793,76
8794,76
8795,76
8796,76
8797,76
8798,76
8799,76
8800,76
8801,76
8802,76
8803,76
8804,76
8805,76
8806,76
8807,76
8808,76
8809,76
8810,76
8811,76
8812,76
8813,76
8814,76
8815,76
8816,76
8817,76
8818,76
8819,76
8820,76
8821,76
8822,76
8823,76
8824,76
8825,76
8826,76
8827,76
8828,76
8829,76
8830,76
8831,76
8832,76
8833,76
8834,76
8835,76
8836,76
8837,76
8838,76
8839,76
8840,76
8841,76
8842,76
8843,76
8844,76
8845,76
8846,76
8847,76
8848,76
8849,76
8850,76
8851,76
8852,76
8853,76
8854,76
8855,76
8856,76
8857,76
8858,76
8859,76
8860,76
8861,76
8862,76
8863,76
8864,76
8865,76
8866,76
8867,76
8868,76
8869,76
8870,76
8871,76
8872,76
8873,76
8874,76
8875,76
8876,76
8877,76
8878,76
8879,76
8880,76
8881,76
8882,76
8883,76
8884,76
8885,76
8886,76
8887,76
8888,76
8889,76
8890,76
8891,76
8892,76
8893,76
8894,76
8895,76
8896,76
8897,76
8898,76
8899,76
8900,76
8901,76
8902,76
8903,76
8904,76
8905,76
8906,76
8907,76
8908,76
8909,76
8910,76
8911,76
8912,76
8913,76
8914,76
8915,76
8916,76
8917,76
8918,76
8919,76
8920,76
8921,76
8922,76
8923,76
8924,76
8925,76
8926,76
8927,76
8928,76
8929,76
8930,76
8931,76
8932,76
8933,76
8934,76
8935,76
8936,76
8937,76
8938,76
8939,76
8940,76
8941,76
8942,76
8943,76
8944,76
8945,76
8946,76
8947,76
8948,76
8949,76
8950,76
8951,76
8952,76
8953,76
8954,76
8955,76
8956,76
8957,76
8958,76
8959,76
8960,76
8961,76
8962,76
8963,76
8964,76
8965,76
8966,76
8967,76
8968,76
8969,76
8970,76
8971,76
8972,76
8973,76
8974,76
8975,76
8976,76
8977,76
8978,76
8979,76
8980,76
8981,76
8982,76
8983,76
8984,76
8985,76
8986,76
8987,76
8988,76
8989,76
8990,76
8991,76
8992,76
8993,76
8994,76
8995,76
8996,76
8997,76
8998,76
8999,76
9000,76
9001,76
9002,76
9003,76
9004,76
9005,76
9006,76
9007,76
9008,76
9009,76
9010,76
9011,76
9012,76
9013,76
9014,76
9015,76
9016,76
9017,76
9018,76
9019,76
9020,76
9021,76
9022,76
9023,76
9024,76
9025,76
9026,76
9027,76
9028,76
9029,76
9030,76
9031,76
9032,76
9033,76
9034,76
9035,76
9036,76
9037,76
9038,76
9039,76
9040,76
9041,76
9042,76
9043,76
9044,76
9045,76
9046,76
9047,76
9048,76
9049,76
9050,76
9051,76
9052,76
9053,76
9054,76
9055,76
9056,76
9057,76
9058,76
9059,76
9060,76
9061,76
9062,76
9063,76
9064,76
9065,76
9066,76
9067,76
9068,76
9069,76
9070,76
9071,76
9072,76
9073,76
9074,76
9075,76
9076,76
9077,76
9078,76
9079,76
9080,76
9081,76
9082,76
9083,76
9084,76
9085,76
9086,76
9087,76
9088,76
9089,76
9090,76
9091,76
9092,76
9093,76
9094,76
9095,76
9096,76
9097,76
9098,76
9099,76
9100,76
9101,76
9102,76
9103,76
9104,76
9105,76
9106,76
9107,76
9108,76
9109,76
9110,76
9111,76
9112,76
9113,76
9114,76
9115,76
9116,76
9117,76
9118,76
9119,76
9120,76
9121,76
9122,76
9123,76
9124,76
9125,76
9126,76
9127,76
9128,76
9129,76
9130,76
9131,76
9132,76
9133,76
9134,76
9135,76
9136,76
9137,76
9138,76
9139,76
9140,76
9141,76
9142,76
9143,76
9144,76
9145,76
9146,76
9147,76
9148,76
9149,76
9150,76
9151,76
9152,76
9153,76
9154,76
9155,76
9156,76
9157,76
9158,76
9159,76
9160,76
9161,76
9162,76
9163,76
9164,76
9165,76
9166,76
9167,76
9168,76
9169,76
9170,76
9171,76
9172,76
9173,76
9174,76
9175,76
9176,76
9177,76
9178,76
9179,76
9180,76
9181,76
9182,76
9183,76
9184,76
9185,76
9186,76
9187,76
9188,76
9189,76
9190,76
9191,76
9192,76
9193,76
9194,76
9195,76
9196,76
9197,76
9198,76
9199,76
9200,76
9201,76
9202,76
9203,76
9204,76
9205,76
9206,76
9207,76
9208,76
9209,76
9210,76
9211,76
9212,76
9213,76
9214,76
9215,76
9216,76
9217,76
9218,76
9219,76
9220,76
9221,76
9222,76
9223,76
9224,76
9225,76
9226,76
9227,76
9228,76
9229,76
9230,76
9231,76
9232,76
9233,76
9234,76
9235,76
9236,76
9237,76
9238,76
9239,76
9240,76
9241,76
9242,76
9243,76
9244,76
9245,76
9246,76
9247,76
9248,76
9249,76
9250,76
9251,76
9252,76
9253,76
9254,76
9255,76
9256,76
9257,76
9258,76
9259,76
9260,76
9261,76
9262,76
9263,76
9264,76
9265,76
9266,76
9267,76
9268,76
9269,76
9270,76
9271,76
9272,76
9273,76
9274,76
9275,76
9276,76
9277,76
9278,76
9279,76
9280,76
9281,76
9282,76
9283,76
9284,76
9285,76
9286,76
9287,76
9288,76
9289,76
9290,76
9291,76
9292,76
9293,76
9294,76
9295,76
9296,76
9297,76
9298,76
9299,76
9300,76
9301,76
9302,76
9303,76
9304,76
9305,76
9306,76
9307,76
9308,76
9309,76
9310,76
9311,76
9312,76
9313,76
9314,76
9315,76
9316,76
9317,76
9318,76
9319,76
9320,76
9321,76
9322,76
9323,76
9324,76
9325,76
9326,76
9327,76
9328,76
9329,76
9330,76
9331,76
9332,76
9333,76
9334,76
9335,76
9336,76
9337,76
9338,76
9339,76
9340,76
9341,76
9342,76
9343,76
9344,76
9345,76
9346,76
9347,76
9348,76
9349,76
9350,76
9351,76
9352,76
9353,76
9354,76
9355,76
9356,76
9357,76
9358,76
9359,76
9360,76
9361,76
9362,76
9363,76
9364,76
9365,76
9366,76
9367,76
9368,76
9369,76
9370,76
9371,76
9372,76
9373,76
9374,76
9375,76
9376,76
9377,76
9378,76
9379,76
9380,76
9381,76
9382,76
9383,76
9384,76
9385,76
9386,76
9387,76
9388,76
9389,76
9390,76
9391,76
9392,76
9393,76
9394,76
9395,76
9396,76
9397,76
9398,76
9399,76
9400,76
9401,76
9402,76
9403,76
9404,76
9405,76
9406,76
9407,76
9408,76
9409,76
9410,76
9411,76
9412,76
9413,76
9414,76
9415,76
9416,76
9417,76
9418,76
9419,76
9420,76
9421,76
9422,76
9423,76
9424,76
9425,76
9426,76
9427,76
9428,76
9429,76
9430,76
9431,76
9432,76
9433,76
9434,76
9435,76
9436,76
9437,76
9438,76
9439,76
9440,76
9441,76
9442,76
9443,76
9444,76
9445,76
9446,76
9447,76
9448,76
9449,76
9450,76
9451,76
9452,76
9453,76
9454,76
9455,76
9456,76
9457,76
9458,76
9459,76
9460,76
9461,76
9462,76
9463,76
9464,76
9465,76
9466,76
9467,76
9468,76
9469,76
9470,76
9471,76
9472,76
9473,76
9474,76
9475,76
9476,76
9477,76
9478,76
9479,76
9480,76
9481,76
9482,76
9483,76
9484,76
9485,76
9486,76
9487,76
9488,76
9489,76
9490,76
9491,76
9492,76
9493,76
9494,76
9495,76
9496,76
9497,76
9498,76
9499,76
9500,76
9501,76
9502,76
9503,76
9504,76
9505,76
9506,76
9507,76
9508,76
9509,76
9510,76
9511,76
9512,76
9513,76
9514,76
9515,76
9516,76
9517,76
9518,76
9519,76
9520,76
9521,76
9522,76
9523,76
9524,76
9525,76
9526,76
9527,76
9528,76
9529,76
9530,76
9531,76
9532,76
9533,76
9534,76
9535,76
9536,76
9537,76
9538,76
9539,76
9540,76
9541,76
9542,76
9543,76
9544,76
9545,76
9546,76
9547,76
9548,76
9549,76
9550,76
9551,76
9552,76
9553,76
9554,76
9555,76
9556,76
9557,76
9558,76
9559,76
9560,76
9561,76
9562,76
9563,76
9564,76
9565,76
9566,76
9567,76
9568,76
9569,76
9570,76
9571,76
9572,76
9573,76
9574,76
9575,76
9576,76
9577,76
9578,76
9579,76
9580,76
9581,76
9582,76
9583,76
9584,76
9585,76
9586,76
9587,76
9588,76
9589,76
9590,76
9591,76
9592,76
9593,76
9594,76
9595,76
9596,76
9597,76
9598,76
9599,76
9600,76
9601,76
9602,76
9603,76
9604,76
9605,76
9606,76
9607,76
9608,76
9609,76
9610,76
9611,76
9612,76
9613,76
9614,76
9615,76
9616,76
9617,76
9618,76
9619,76
9620,76
9621,76
9622,76
9623,76
9624,76
9625,76
9626,76
9627,76
9628,76
9629,76
9630,76
9631,76
9632,76
9633,76
9634,76
9635,76
9636,76
9637,76
9638,76
9639,76
9640,76
9641,76
9642,76
9643,76
9644,76
9645,76
9646,76
9647,76
9648,76
9649,76
9650,76
9651,76
9652,76
9653,76
9654,76
9655,76
9656,76
9657,76
9658,76
9659,76
9660,76
9661,76
9662,76
9663,76
9664,76
9665,76
9666,76
9667,76
9668,76
9669,76
9670,76
9671,76
9672,76
9673,76
9674,76
9675,76
9676,76
9677,76
9678,76
9679,76
9680,76
9681,76
9682,76
9683,76
9684,76
9685,76
9686,76
9687,76
9688,76
9689,76
9690,76
9691,76
9692,76
9693,76
9694,76
9695,76
9696,76
9697,76
9698,76
9699,76
9700,76
9701,76
9702,76
9703,76
9704,76
9705,76
9706,76
9707,76
9708,76
9709,76
9710,76
9711,76
9712,76
9713,76
9714,76
9715,76
9716,76
9717,76
9718,76
9719,76
9720,76
9721,76
9722,76
9723,76
9724,76
9725,76
9726,76
9727,76
9728,76
9729,76
9730,76
9731,76
9732,76
9733,76
9734,76
9735,76
9736,76
9737,76
9738,76
9739,76
9740,76
9741,76
9742,76
9743,76
9744,76
9745,76
9746,76
9747,76
9748,76
9749,76
9750,76
9751,76
9752,76
9753,76
9754,76
9755,76
9756,76
9757,76
9758,76
9759,76
9760,76
9761,76
9762,76
9763,76
9764,76
9765,76
9766,76
9767,76
9768,76
9769,76
9770,76
9771,76
9772,76
9773,76
9774,76
9775,76
9776,76
9777,76
9778,76
9779,76
9780,76
9781,76
9782,76
9783,76
9784,76
9785,76
9786,76
9787,76
9788,76
9789,76
9790,76
9791,76
9792,76
9793,76
9794,76
9795,76
9796,76
9797,76
9798,76
9799,76
9800,76
9801,76
9802,76
9803,76
9804,76
9805,76
9806,76
9807,76
9808,76
9809,76
9810,76
9811,76
9812,76
9813,76
9814,76
9815,76
9816,76
9817,76
9818,76
9819,76
9820,76
9821,76
9822,76
9823,76
9824,76
9825,76
9826,76
9827,76
9828,76
9829,76
9830,76
9831,76
9832,76
9833,76
9834,76
9835,76
9836,76
9837,76
9838,76
9839,76
9840,76
9841,76
9842,76
9843,76
9844,76
9845,76
9846,76
9847,76
9848,76
9849,76
9850,76
9851,76
9852,76
9853,76
9854,76
9855,76
9856,76
9857,76
9858,76
9859,76
9860,76
9861,76
9862,76
9863,76
9864,76
9865,76
9866,76
9867,76
9868,76
9869,76
9870,76
9871,76
9872,76
9873,76
9874,76
9875,76
9876,76
9877,76
9878,76
9879,76
9880,76
9881,76
9882,76
9883,76
9884,76
9885,76
9886,76
9887,76
9888,76
9889,76
9890,76
9891,76
9892,76
9893,76
9894,76
9895,76
9896,76
9897,76
9898,76
9899,76
9900,76
9901,76
9902,76
9903,76
9904,76
9905,76
9906,76
9907,76
9908,76
9909,76
9910,76
9911,76
9912,76
9913,76
9914,76
9915,76
9916,76
9917,76
9918,76
9919,76
9920,76
9921,76
9922,76
9923,76
9924,76
9925,76
9926,76
9927,76
9928,76
9929,76
9930,76
9931,76
9932,76
9933,76
9934,76
9935,76
9936,76
9937,76
9938,76
9939,76
9940,76
9941,76
9942,76
9943,76
9944,76
9945,76
9946,76
9947,76
9948,76
9949,76
9950,76
9951,76
9952,76
9953,76
9954,76
9955,76
9956,76
9957,76
9958,76
9959,76
9960,76
9961,76
9962,76
9963,76
9964,76
9965,76
9966,76
9967,76
9968,76
9969,76
9970,76
9971,76
9972,76
9973,76
9974,76
9975,76
9976,76
9977,76
9978,76
9979,76
9980,76
9981,76
9982,76
9983,76
9984,76
9985,76
9986,76
9987,76
9988,76
9989,76
9990,76
9991,76
9992,76
9993,76
9994,76
9995,76
9996,76
9997,76
9998,76
9999,76
