,pso
0,300
1,300
2,300
3,300
4,300
5,300
6,300
7,300
8,300
9,300
10,300
11,300
12,300
13,300
14,300
15,300
16,300
17,300
18,300
19,300
20,300
21,300
22,300
23,300
24,300
25,300
26,300
27,300
28,300
29,300
30,300
31,300
32,300
33,300
34,300
35,300
36,300
37,300
38,300
39,300
40,300
41,300
42,300
43,300
44,300
45,300
46,300
47,300
48,300
49,300
50,300
51,300
52,300
53,300
54,300
55,300
56,300
57,300
58,300
59,300
60,300
61,300
62,300
63,300
64,300
65,300
66,300
67,300
68,300
69,300
70,300
71,300
72,300
73,300
74,300
75,300
76,300
77,300
78,300
79,300
80,300
81,300
82,300
83,300
84,300
85,300
86,300
87,300
88,300
89,300
90,300
91,300
92,300
93,300
94,300
95,300
96,300
97,300
98,300
99,300
100,300
101,300
102,300
103,300
104,300
105,300
106,300
107,300
108,300
109,300
110,300
111,300
112,300
113,300
114,300
115,300
116,300
117,300
118,300
119,300
120,300
121,300
122,300
123,300
124,300
125,300
126,300
127,300
128,300
129,300
130,300
131,300
132,300
133,300
134,300
135,300
136,300
137,300
138,300
139,300
140,300
141,300
142,300
143,300
144,300
145,300
146,300
147,300
148,300
149,300
150,300
151,300
152,300
153,300
154,300
155,300
156,300
157,300
158,300
159,300
160,300
161,300
162,300
163,300
164,300
165,300
166,300
167,300
168,300
169,300
170,300
171,300
172,300
173,300
174,300
175,300
176,300
177,300
178,300
179,300
180,300
181,300
182,300
183,300
184,300
185,300
186,300
187,300
188,300
189,300
190,300
191,300
192,300
193,300
194,300
195,300
196,300
197,300
198,300
199,300
200,300
201,300
202,300
203,300
204,300
205,300
206,300
207,300
208,300
209,300
210,300
211,300
212,300
213,300
214,300
215,300
216,300
217,300
218,300
219,300
220,300
221,300
222,300
223,300
224,300
225,300
226,300
227,300
228,300
229,300
230,300
231,300
232,300
233,300
234,300
235,300
236,300
237,300
238,300
239,300
240,300
241,300
242,300
243,300
244,300
245,300
246,300
247,300
248,300
249,300
250,300
251,300
252,300
253,300
254,300
255,300
256,300
257,300
258,300
259,300
260,300
261,300
262,300
263,300
264,300
265,300
266,300
267,300
268,300
269,300
270,300
271,300
272,300
273,300
274,300
275,300
276,300
277,300
278,300
279,300
280,300
281,300
282,300
283,300
284,300
285,300
286,300
287,300
288,300
289,300
290,300
291,300
292,300
293,300
294,300
295,300
296,300
297,300
298,300
299,300
300,300
301,300
302,300
303,300
304,300
305,300
306,300
307,300
308,300
309,300
310,300
311,300
312,300
313,300
314,300
315,300
316,300
317,300
318,300
319,300
320,300
321,300
322,300
323,300
324,300
325,300
326,300
327,300
328,300
329,300
330,300
331,300
332,300
333,300
334,300
335,300
336,300
337,300
338,300
339,300
340,300
341,300
342,300
343,300
344,300
345,300
346,300
347,300
348,300
349,300
350,300
351,300
352,300
353,300
354,300
355,300
356,300
357,300
358,300
359,300
360,300
361,300
362,300
363,300
364,300
365,300
366,300
367,300
368,300
369,300
370,300
371,300
372,300
373,300
374,300
375,300
376,300
377,300
378,300
379,300
380,300
381,300
382,300
383,300
384,300
385,300
386,300
387,300
388,300
389,300
390,300
391,300
392,300
393,300
394,300
395,300
396,300
397,300
398,300
399,300
400,300
401,300
402,300
403,300
404,300
405,300
406,300
407,300
408,300
409,300
410,300
411,300
412,300
413,300
414,300
415,300
416,300
417,300
418,300
419,300
420,300
421,300
422,300
423,300
424,300
425,300
426,300
427,300
428,300
429,300
430,300
431,300
432,300
433,300
434,300
435,300
436,300
437,300
438,300
439,300
440,300
441,300
442,300
443,300
444,300
445,300
446,300
447,300
448,300
449,300
450,300
451,300
452,300
453,300
454,300
455,300
456,300
457,300
458,300
459,300
460,300
461,300
462,300
463,300
464,300
465,300
466,300
467,300
468,300
469,300
470,300
471,300
472,300
473,300
474,300
475,300
476,300
477,300
478,300
479,300
480,300
481,300
482,300
483,300
484,300
485,300
486,300
487,300
488,300
489,300
490,300
491,300
492,300
493,300
494,300
495,300
496,300
497,300
498,300
499,300
500,300
501,300
502,300
503,300
504,300
505,300
506,300
507,300
508,300
509,300
510,300
511,300
512,300
513,300
514,300
515,300
516,300
517,300
518,300
519,300
520,300
521,300
522,300
523,300
524,300
525,300
526,300
527,300
528,300
529,300
530,300
531,300
532,300
533,300
534,300
535,300
536,300
537,300
538,300
539,300
540,300
541,300
542,300
543,300
544,300
545,300
546,300
547,300
548,300
549,300
550,300
551,300
552,300
553,300
554,300
555,300
556,300
557,300
558,300
559,300
560,300
561,300
562,300
563,300
564,300
565,300
566,300
567,300
568,300
569,300
570,300
571,300
572,300
573,300
574,300
575,300
576,300
577,300
578,300
579,300
580,300
581,300
582,300
583,300
584,300
585,300
586,300
587,300
588,300
589,300
590,300
591,300
592,300
593,300
594,300
595,300
596,300
597,300
598,300
599,300
600,300
601,300
602,300
603,300
604,300
605,300
606,300
607,300
608,300
609,300
610,300
611,300
612,300
613,300
614,300
615,300
616,300
617,300
618,300
619,300
620,300
621,300
622,300
623,300
624,300
625,300
626,300
627,300
628,300
629,300
630,300
631,300
632,300
633,300
634,300
635,300
636,300
637,300
638,300
639,300
640,300
641,300
642,300
643,300
644,300
645,300
646,300
647,300
648,300
649,300
650,300
651,300
652,300
653,300
654,300
655,300
656,300
657,300
658,300
659,300
660,300
661,300
662,300
663,300
664,300
665,300
666,300
667,300
668,300
669,300
670,300
671,300
672,300
673,300
674,300
675,300
676,300
677,300
678,300
679,300
680,300
681,300
682,300
683,300
684,300
685,300
686,300
687,300
688,300
689,300
690,300
691,300
692,300
693,300
694,300
695,300
696,300
697,300
698,300
699,300
700,300
701,300
702,300
703,300
704,300
705,300
706,300
707,300
708,300
709,300
710,300
711,300
712,300
713,300
714,300
715,300
716,300
717,300
718,300
719,300
720,300
721,300
722,300
723,300
724,300
725,300
726,300
727,300
728,300
729,300
730,300
731,300
732,300
733,300
734,300
735,300
736,300
737,300
738,300
739,300
740,300
741,300
742,300
743,300
744,300
745,300
746,300
747,300
748,300
749,300
750,300
751,300
752,300
753,300
754,300
755,300
756,300
757,300
758,300
759,300
760,300
761,300
762,300
763,300
764,300
765,300
766,300
767,300
768,300
769,300
770,300
771,300
772,300
773,300
774,300
775,300
776,300
777,300
778,300
779,300
780,300
781,300
782,300
783,300
784,300
785,300
786,300
787,300
788,300
789,300
790,300
791,300
792,300
793,300
794,300
795,300
796,300
797,300
798,300
799,300
800,300
801,300
802,300
803,300
804,300
805,300
806,300
807,300
808,300
809,300
810,300
811,300
812,300
813,300
814,300
815,300
816,300
817,300
818,300
819,300
820,300
821,300
822,300
823,300
824,300
825,300
826,300
827,300
828,300
829,300
830,300
831,300
832,300
833,300
834,300
835,300
836,300
837,300
838,300
839,300
840,300
841,300
842,300
843,300
844,300
845,300
846,300
847,300
848,300
849,300
850,300
851,300
852,300
853,300
854,300
855,300
856,300
857,300
858,300
859,300
860,300
861,300
862,300
863,300
864,300
865,300
866,300
867,300
868,300
869,300
870,300
871,300
872,300
873,300
874,300
875,300
876,300
877,300
878,300
879,300
880,300
881,300
882,300
883,300
884,300
885,300
886,300
887,300
888,300
889,300
890,300
891,300
892,300
893,300
894,300
895,300
896,300
897,300
898,300
899,300
900,300
901,300
902,300
903,300
904,300
905,300
906,300
907,300
908,300
909,300
910,300
911,300
912,300
913,300
914,300
915,300
916,300
917,300
918,300
919,300
920,300
921,300
922,300
923,300
924,300
925,300
926,300
927,300
928,300
929,300
930,300
931,300
932,300
933,300
934,300
935,300
936,300
937,300
938,300
939,300
940,300
941,300
942,300
943,300
944,300
945,300
946,300
947,300
948,300
949,300
950,300
951,300
952,300
953,300
954,300
955,300
956,300
957,300
958,300
959,300
960,300
961,300
962,300
963,300
964,300
965,300
966,300
967,300
968,300
969,300
970,300
971,300
972,300
973,300
974,300
975,300
976,300
977,300
978,300
979,300
980,300
981,300
982,300
983,300
984,300
985,300
986,300
987,300
988,300
989,300
990,300
991,300
992,300
993,300
994,300
995,300
996,300
997,300
998,300
999,300
1000,300
1001,300
1002,300
1003,300
1004,300
1005,300
1006,300
1007,300
1008,300
1009,300
1010,300
1011,300
1012,300
1013,300
1014,300
1015,300
1016,300
1017,300
1018,300
1019,300
1020,300
1021,300
1022,300
1023,300
1024,300
1025,300
1026,300
1027,300
1028,300
1029,300
1030,300
1031,300
1032,300
1033,300
1034,300
1035,300
1036,300
1037,300
1038,300
1039,300
1040,300
1041,300
1042,300
1043,300
1044,300
1045,300
1046,300
1047,300
1048,300
1049,300
1050,300
1051,300
1052,300
1053,300
1054,300
1055,300
1056,300
1057,300
1058,300
1059,300
1060,300
1061,300
1062,300
1063,300
1064,300
1065,300
1066,300
1067,300
1068,300
1069,300
1070,300
1071,300
1072,300
1073,300
1074,300
1075,300
1076,300
1077,300
1078,300
1079,300
1080,300
1081,300
1082,300
1083,300
1084,300
1085,300
1086,300
1087,300
1088,300
1089,300
1090,300
1091,300
1092,300
1093,300
1094,300
1095,300
1096,300
1097,300
1098,300
1099,300
1100,300
1101,300
1102,300
1103,300
1104,300
1105,300
1106,300
1107,300
1108,300
1109,300
1110,300
1111,300
1112,300
1113,300
1114,300
1115,300
1116,300
1117,300
1118,300
1119,300
1120,300
1121,300
1122,300
1123,300
1124,300
1125,300
1126,300
1127,300
1128,300
1129,300
1130,300
1131,300
1132,300
1133,300
1134,300
1135,300
1136,300
1137,300
1138,300
1139,300
1140,300
1141,300
1142,300
1143,300
1144,300
1145,300
1146,300
1147,300
1148,300
1149,300
1150,300
1151,300
1152,300
1153,300
1154,300
1155,300
1156,300
1157,300
1158,300
1159,300
1160,300
1161,300
1162,300
1163,300
1164,300
1165,300
1166,300
1167,300
1168,300
1169,300
1170,300
1171,300
1172,300
1173,300
1174,300
1175,300
1176,300
1177,300
1178,300
1179,300
1180,300
1181,300
1182,300
1183,300
1184,300
1185,300
1186,300
1187,300
1188,300
1189,300
1190,300
1191,300
1192,300
1193,300
1194,300
1195,300
1196,300
1197,300
1198,300
1199,300
1200,300
1201,300
1202,300
1203,300
1204,300
1205,300
1206,300
1207,300
1208,300
1209,300
1210,300
1211,300
1212,300
1213,300
1214,300
1215,300
1216,300
1217,300
1218,300
1219,300
1220,300
1221,300
1222,300
1223,300
1224,300
1225,300
1226,300
1227,300
1228,300
1229,300
1230,300
1231,300
1232,300
1233,300
1234,300
1235,300
1236,300
1237,300
1238,300
1239,300
1240,300
1241,300
1242,300
1243,300
1244,300
1245,300
1246,300
1247,300
1248,300
1249,300
1250,300
1251,300
1252,300
1253,300
1254,300
1255,300
1256,300
1257,300
1258,300
1259,300
1260,300
1261,300
1262,300
1263,300
1264,300
1265,300
1266,300
1267,300
1268,300
1269,300
1270,300
1271,300
1272,300
1273,300
1274,300
1275,300
1276,300
1277,300
1278,300
1279,300
1280,300
1281,300
1282,300
1283,300
1284,300
1285,300
1286,300
1287,300
1288,300
1289,300
1290,300
1291,300
1292,300
1293,300
1294,300
1295,300
1296,300
1297,300
1298,300
1299,300
1300,300
1301,300
1302,300
1303,300
1304,300
1305,300
1306,300
1307,300
1308,300
1309,300
1310,300
1311,300
1312,300
1313,300
1314,300
1315,300
1316,300
1317,300
1318,300
1319,300
1320,300
1321,300
1322,300
1323,300
1324,300
1325,300
1326,300
1327,300
1328,300
1329,300
1330,300
1331,300
1332,300
1333,300
1334,300
1335,300
1336,300
1337,300
1338,300
1339,300
1340,300
1341,300
1342,300
1343,300
1344,300
1345,300
1346,300
1347,300
1348,300
1349,300
1350,300
1351,300
1352,300
1353,300
1354,300
1355,300
1356,300
1357,300
1358,300
1359,300
1360,300
1361,300
1362,300
1363,300
1364,300
1365,300
1366,300
1367,300
1368,300
1369,300
1370,300
1371,300
1372,300
1373,300
1374,300
1375,300
1376,300
1377,300
1378,300
1379,300
1380,300
1381,300
1382,300
1383,300
1384,300
1385,300
1386,300
1387,300
1388,300
1389,300
1390,300
1391,300
1392,300
1393,300
1394,300
1395,300
1396,300
1397,300
1398,300
1399,300
1400,300
1401,300
1402,300
1403,300
1404,300
1405,300
1406,300
1407,300
1408,300
1409,300
1410,300
1411,300
1412,300
1413,300
1414,300
1415,300
1416,300
1417,300
1418,300
1419,300
1420,300
1421,300
1422,300
1423,300
1424,300
1425,300
1426,300
1427,300
1428,300
1429,300
1430,300
1431,300
1432,300
1433,300
1434,300
1435,300
1436,300
1437,300
1438,300
1439,300
1440,300
1441,300
1442,300
1443,300
1444,300
1445,300
1446,300
1447,300
1448,300
1449,300
1450,300
1451,300
1452,300
1453,300
1454,300
1455,300
1456,300
1457,300
1458,300
1459,300
1460,300
1461,300
1462,300
1463,300
1464,300
1465,300
1466,300
1467,300
1468,300
1469,300
1470,300
1471,300
1472,300
1473,300
1474,300
1475,300
1476,300
1477,300
1478,300
1479,300
1480,300
1481,300
1482,300
1483,300
1484,300
1485,300
1486,300
1487,300
1488,300
1489,300
1490,300
1491,300
1492,300
1493,300
1494,300
1495,300
1496,300
1497,300
1498,300
1499,300
1500,300
1501,300
1502,300
1503,300
1504,300
1505,300
1506,300
1507,300
1508,300
1509,300
1510,300
1511,300
1512,300
1513,300
1514,300
1515,300
1516,300
1517,300
1518,300
1519,300
1520,300
1521,300
1522,300
1523,300
1524,300
1525,300
1526,300
1527,300
1528,300
1529,300
1530,300
1531,300
1532,300
1533,300
1534,300
1535,300
1536,300
1537,300
1538,300
1539,300
1540,300
1541,300
1542,300
1543,300
1544,300
1545,300
1546,300
1547,300
1548,300
1549,300
1550,300
1551,300
1552,300
1553,300
1554,300
1555,300
1556,300
1557,300
1558,300
1559,300
1560,300
1561,300
1562,300
1563,300
1564,300
1565,300
1566,300
1567,300
1568,300
1569,300
1570,300
1571,300
1572,300
1573,300
1574,300
1575,300
1576,300
1577,300
1578,300
1579,300
1580,300
1581,300
1582,300
1583,300
1584,300
1585,300
1586,300
1587,300
1588,300
1589,300
1590,300
1591,300
1592,300
1593,300
1594,300
1595,300
1596,300
1597,300
1598,300
1599,300
1600,300
1601,300
1602,300
1603,300
1604,300
1605,300
1606,300
1607,300
1608,300
1609,300
1610,300
1611,300
1612,300
1613,300
1614,300
1615,300
1616,300
1617,300
1618,300
1619,300
1620,300
1621,300
1622,300
1623,300
1624,300
1625,300
1626,300
1627,300
1628,300
1629,300
1630,300
1631,300
1632,300
1633,300
1634,300
1635,300
1636,300
1637,300
1638,300
1639,300
1640,300
1641,300
1642,300
1643,300
1644,300
1645,300
1646,300
1647,300
1648,300
1649,300
1650,300
1651,300
1652,300
1653,300
1654,300
1655,300
1656,300
1657,300
1658,300
1659,300
1660,300
1661,300
1662,300
1663,300
1664,300
1665,300
1666,300
1667,300
1668,300
1669,300
1670,300
1671,300
1672,300
1673,300
1674,300
1675,300
1676,300
1677,300
1678,300
1679,300
1680,300
1681,300
1682,300
1683,300
1684,300
1685,300
1686,300
1687,300
1688,300
1689,300
1690,300
1691,300
1692,300
1693,300
1694,300
1695,300
1696,300
1697,300
1698,300
1699,300
1700,300
1701,300
1702,300
1703,300
1704,300
1705,300
1706,300
1707,300
1708,300
1709,300
1710,300
1711,300
1712,300
1713,300
1714,300
1715,300
1716,300
1717,300
1718,300
1719,300
1720,300
1721,300
1722,300
1723,300
1724,300
1725,300
1726,300
1727,300
1728,300
1729,300
1730,300
1731,300
1732,300
1733,300
1734,300
1735,300
1736,300
1737,300
1738,300
1739,300
1740,300
1741,300
1742,300
1743,300
1744,300
1745,300
1746,300
1747,300
1748,300
1749,300
1750,300
1751,300
1752,300
1753,300
1754,300
1755,300
1756,300
1757,300
1758,300
1759,300
1760,300
1761,300
1762,300
1763,300
1764,300
1765,300
1766,300
1767,300
1768,300
1769,300
1770,300
1771,300
1772,300
1773,300
1774,300
1775,300
1776,300
1777,300
1778,300
1779,300
1780,300
1781,300
1782,300
1783,300
1784,300
1785,300
1786,300
1787,300
1788,300
1789,300
1790,300
1791,300
1792,300
1793,300
1794,300
1795,300
1796,300
1797,300
1798,300
1799,300
1800,300
1801,300
1802,300
1803,300
1804,300
1805,300
1806,300
1807,300
1808,300
1809,300
1810,300
1811,300
1812,300
1813,300
1814,300
1815,300
1816,300
1817,300
1818,300
1819,300
1820,300
1821,300
1822,300
1823,300
1824,300
1825,300
1826,300
1827,300
1828,300
1829,300
1830,300
1831,300
1832,300
1833,300
1834,300
1835,300
1836,300
1837,300
1838,300
1839,300
1840,300
1841,300
1842,300
1843,300
1844,300
1845,300
1846,300
1847,300
1848,300
1849,300
1850,300
1851,300
1852,300
1853,300
1854,300
1855,300
1856,300
1857,300
1858,300
1859,300
1860,300
1861,300
1862,300
1863,300
1864,300
1865,300
1866,300
1867,300
1868,300
1869,300
1870,300
1871,300
1872,300
1873,300
1874,300
1875,300
1876,300
1877,300
1878,300
1879,300
1880,300
1881,300
1882,300
1883,300
1884,300
1885,300
1886,300
1887,300
1888,300
1889,300
1890,300
1891,300
1892,300
1893,300
1894,300
1895,299
1896,299
1897,299
1898,299
1899,299
1900,299
1901,299
1902,299
1903,299
1904,299
1905,299
1906,299
1907,299
1908,299
1909,299
1910,299
1911,299
1912,299
1913,299
1914,299
1915,299
1916,299
1917,299
1918,299
1919,299
1920,299
1921,299
1922,299
1923,299
1924,299
1925,299
1926,299
1927,299
1928,299
1929,299
1930,299
1931,299
1932,299
1933,299
1934,299
1935,299
1936,299
1937,299
1938,299
1939,299
1940,299
1941,299
1942,299
1943,299
1944,299
1945,299
1946,299
1947,299
1948,299
1949,299
1950,299
1951,299
1952,299
1953,299
1954,299
1955,299
1956,299
1957,299
1958,299
1959,299
1960,299
1961,299
1962,299
1963,299
1964,299
1965,299
1966,299
1967,299
1968,299
1969,299
1970,299
1971,299
1972,299
1973,299
1974,299
1975,299
1976,299
1977,299
1978,299
1979,299
1980,299
1981,299
1982,299
1983,299
1984,299
1985,299
1986,299
1987,299
1988,299
1989,299
1990,299
1991,299
1992,299
1993,299
1994,299
1995,299
1996,299
1997,299
1998,299
1999,299
2000,299
2001,299
2002,299
2003,299
2004,299
2005,299
2006,299
2007,299
2008,299
2009,299
2010,299
2011,299
2012,299
2013,299
2014,299
2015,299
2016,299
2017,299
2018,299
2019,299
2020,299
2021,299
2022,299
2023,299
2024,298
2025,298
2026,298
2027,298
2028,298
2029,298
2030,298
2031,298
2032,298
2033,298
2034,298
2035,298
2036,298
2037,298
2038,298
2039,298
2040,298
2041,298
2042,298
2043,298
2044,298
2045,298
2046,298
2047,298
2048,298
2049,298
2050,298
2051,298
2052,298
2053,298
2054,298
2055,298
2056,298
2057,298
2058,298
2059,298
2060,298
2061,298
2062,298
2063,298
2064,298
2065,298
2066,298
2067,298
2068,298
2069,298
2070,298
2071,298
2072,298
2073,298
2074,298
2075,298
2076,298
2077,298
2078,298
2079,298
2080,298
2081,298
2082,298
2083,298
2084,298
2085,298
2086,298
2087,298
2088,298
2089,298
2090,298
2091,298
2092,298
2093,298
2094,298
2095,298
2096,298
2097,298
2098,298
2099,298
2100,298
2101,298
2102,298
2103,298
2104,297
2105,297
2106,297
2107,297
2108,297
2109,297
2110,297
2111,297
2112,297
2113,297
2114,297
2115,297
2116,297
2117,295
2118,295
2119,295
2120,295
2121,295
2122,295
2123,295
2124,295
2125,295
2126,295
2127,295
2128,295
2129,295
2130,295
2131,295
2132,295
2133,294
2134,293
2135,292
2136,291
2137,291
2138,291
2139,291
2140,291
2141,291
2142,290
2143,289
2144,289
2145,289
2146,288
2147,287
2148,286
2149,286
2150,285
2151,284
2152,284
2153,282
2154,281
2155,280
2156,279
2157,277
2158,276
2159,274
2160,272
2161,271
2162,270
2163,268
2164,266
2165,264
2166,263
2167,262
2168,261
2169,260
2170,259
2171,258
2172,255
2173,252
2174,251
2175,250
2176,249
2177,247
2178,245
2179,244
2180,243
2181,242
2182,241
2183,238
2184,237
2185,237
2186,237
2187,237
2188,237
2189,237
2190,237
2191,237
2192,237
2193,237
2194,237
2195,237
2196,237
2197,237
2198,237
2199,236
2200,236
2201,236
2202,236
2203,236
2204,236
2205,236
2206,236
2207,236
2208,236
2209,236
2210,236
2211,236
2212,236
2213,236
2214,236
2215,236
2216,236
2217,236
2218,236
2219,236
2220,236
2221,236
2222,235
2223,235
2224,235
2225,235
2226,235
2227,235
2228,235
2229,235
2230,235
2231,235
2232,235
2233,235
2234,235
2235,235
2236,235
2237,235
2238,235
2239,235
2240,235
2241,235
2242,235
2243,235
2244,235
2245,235
2246,235
2247,235
2248,235
2249,235
2250,235
2251,235
2252,235
2253,235
2254,235
2255,235
2256,235
2257,235
2258,235
2259,235
2260,235
2261,235
2262,235
2263,235
2264,235
2265,235
2266,235
2267,235
2268,235
2269,235
2270,235
2271,235
2272,235
2273,235
2274,235
2275,235
2276,235
2277,235
2278,235
2279,235
2280,235
2281,235
2282,235
2283,235
2284,235
2285,235
2286,235
2287,235
2288,235
2289,235
2290,235
2291,235
2292,235
2293,235
2294,235
2295,235
2296,235
2297,235
2298,235
2299,235
2300,235
2301,235
2302,235
2303,235
2304,235
2305,235
2306,235
2307,235
2308,235
2309,235
2310,235
2311,235
2312,235
2313,235
2314,235
2315,235
2316,235
2317,235
2318,235
2319,235
2320,235
2321,235
2322,235
2323,235
2324,235
2325,235
2326,235
2327,235
2328,235
2329,235
2330,235
2331,235
2332,235
2333,235
2334,235
2335,235
2336,235
2337,235
2338,235
2339,235
2340,235
2341,235
2342,235
2343,235
2344,235
2345,235
2346,235
2347,235
2348,235
2349,235
2350,235
2351,235
2352,235
2353,235
2354,235
2355,234
2356,233
2357,233
2358,233
2359,232
2360,232
2361,232
2362,232
2363,230
2364,229
2365,227
2366,227
2367,227
2368,226
2369,226
2370,225
2371,224
2372,223
2373,223
2374,223
2375,222
2376,220
2377,218
2378,218
2379,217
2380,217
2381,216
2382,216
2383,215
2384,214
2385,213
2386,213
2387,212
2388,211
2389,210
2390,208
2391,208
2392,207
2393,205
2394,204
2395,202
2396,199
2397,198
2398,197
2399,196
2400,193
2401,192
2402,191
2403,190
2404,189
2405,185
2406,184
2407,182
2408,181
2409,177
2410,176
2411,175
2412,174
2413,172
2414,169
2415,168
2416,168
2417,168
2418,168
2419,168
2420,168
2421,168
2422,168
2423,168
2424,168
2425,168
2426,168
2427,168
2428,168
2429,168
2430,168
2431,168
2432,168
2433,168
2434,168
2435,168
2436,168
2437,168
2438,168
2439,168
2440,168
2441,168
2442,168
2443,168
2444,168
2445,168
2446,168
2447,168
2448,168
2449,168
2450,168
2451,168
2452,168
2453,168
2454,168
2455,168
2456,168
2457,168
2458,168
2459,168
2460,168
2461,168
2462,168
2463,168
2464,168
2465,168
2466,168
2467,168
2468,168
2469,168
2470,168
2471,168
2472,168
2473,168
2474,168
2475,168
2476,168
2477,168
2478,168
2479,168
2480,168
2481,168
2482,168
2483,168
2484,168
2485,168
2486,168
2487,168
2488,168
2489,168
2490,168
2491,168
2492,168
2493,168
2494,168
2495,167
2496,167
2497,167
2498,167
2499,167
2500,167
2501,167
2502,167
2503,167
2504,167
2505,167
2506,167
2507,167
2508,167
2509,167
2510,167
2511,167
2512,167
2513,167
2514,167
2515,167
2516,167
2517,167
2518,167
2519,167
2520,167
2521,167
2522,167
2523,167
2524,167
2525,167
2526,167
2527,167
2528,167
2529,167
2530,167
2531,167
2532,167
2533,167
2534,167
2535,167
2536,167
2537,167
2538,167
2539,167
2540,167
2541,167
2542,167
2543,167
2544,166
2545,166
2546,166
2547,166
2548,166
2549,166
2550,166
2551,166
2552,166
2553,166
2554,166
2555,166
2556,166
2557,166
2558,166
2559,166
2560,166
2561,166
2562,166
2563,166
2564,166
2565,166
2566,166
2567,166
2568,166
2569,166
2570,166
2571,166
2572,166
2573,166
2574,166
2575,166
2576,166
2577,166
2578,166
2579,166
2580,166
2581,166
2582,166
2583,166
2584,166
2585,166
2586,166
2587,166
2588,166
2589,166
2590,166
2591,166
2592,166
2593,166
2594,166
2595,166
2596,166
2597,166
2598,165
2599,165
2600,165
2601,165
2602,165
2603,165
2604,165
2605,165
2606,165
2607,165
2608,164
2609,164
2610,164
2611,164
2612,164
2613,164
2614,164
2615,164
2616,163
2617,163
2618,163
2619,163
2620,163
2621,163
2622,163
2623,163
2624,163
2625,163
2626,163
2627,163
2628,163
2629,163
2630,163
2631,163
2632,163
2633,163
2634,163
2635,163
2636,163
2637,163
2638,163
2639,163
2640,163
2641,163
2642,163
2643,163
2644,163
2645,163
2646,163
2647,163
2648,163
2649,163
2650,163
2651,163
2652,163
2653,163
2654,163
2655,163
2656,163
2657,163
2658,163
2659,163
2660,163
2661,163
2662,163
2663,163
2664,163
2665,163
2666,163
2667,163
2668,163
2669,163
2670,162
2671,162
2672,162
2673,162
2674,162
2675,162
2676,162
2677,162
2678,162
2679,162
2680,162
2681,162
2682,162
2683,162
2684,162
2685,162
2686,162
2687,162
2688,162
2689,162
2690,162
2691,162
2692,162
2693,162
2694,162
2695,162
2696,162
2697,162
2698,162
2699,162
2700,162
2701,162
2702,162
2703,162
2704,162
2705,162
2706,162
2707,162
2708,162
2709,162
2710,162
2711,162
2712,162
2713,162
2714,162
2715,162
2716,162
2717,162
2718,162
2719,162
2720,162
2721,162
2722,162
2723,162
2724,162
2725,162
2726,161
2727,161
2728,161
2729,161
2730,161
2731,161
2732,161
2733,161
2734,161
2735,161
2736,161
2737,161
2738,161
2739,161
2740,161
2741,161
2742,161
2743,161
2744,161
2745,161
2746,161
2747,161
2748,161
2749,161
2750,161
2751,161
2752,161
2753,161
2754,161
2755,161
2756,161
2757,161
2758,161
2759,161
2760,161
2761,161
2762,161
2763,161
2764,161
2765,161
2766,161
2767,161
2768,161
2769,161
2770,161
2771,161
2772,161
2773,161
2774,161
2775,161
2776,161
2777,161
2778,161
2779,161
2780,161
2781,161
2782,161
2783,161
2784,161
2785,161
2786,161
2787,161
2788,160
2789,160
2790,160
2791,160
2792,160
2793,160
2794,160
2795,160
2796,160
2797,160
2798,160
2799,160
2800,160
2801,160
2802,160
2803,160
2804,160
2805,160
2806,160
2807,160
2808,160
2809,160
2810,160
2811,160
2812,160
2813,160
2814,160
2815,160
2816,160
2817,160
2818,160
2819,160
2820,160
2821,160
2822,160
2823,160
2824,160
2825,160
2826,160
2827,160
2828,160
2829,160
2830,160
2831,160
2832,160
2833,160
2834,159
2835,159
2836,159
2837,159
2838,159
2839,159
2840,159
2841,159
2842,159
2843,159
2844,159
2845,159
2846,159
2847,159
2848,159
2849,159
2850,159
2851,159
2852,159
2853,159
2854,159
2855,159
2856,159
2857,159
2858,159
2859,159
2860,159
2861,159
2862,159
2863,159
2864,159
2865,159
2866,159
2867,159
2868,159
2869,159
2870,159
2871,159
2872,159
2873,159
2874,159
2875,159
2876,159
2877,159
2878,159
2879,159
2880,159
2881,159
2882,159
2883,159
2884,159
2885,159
2886,159
2887,159
2888,159
2889,159
2890,159
2891,159
2892,159
2893,159
2894,159
2895,159
2896,159
2897,159
2898,159
2899,159
2900,159
2901,159
2902,159
2903,159
2904,159
2905,159
2906,159
2907,159
2908,159
2909,159
2910,159
2911,159
2912,159
2913,159
2914,158
2915,158
2916,158
2917,158
2918,158
2919,158
2920,158
2921,158
2922,158
2923,158
2924,158
2925,157
2926,157
2927,157
2928,157
2929,157
2930,157
2931,157
2932,157
2933,157
2934,157
2935,157
2936,157
2937,157
2938,157
2939,157
2940,157
2941,157
2942,157
2943,157
2944,157
2945,157
2946,157
2947,157
2948,157
2949,157
2950,157
2951,157
2952,157
2953,157
2954,157
2955,157
2956,157
2957,157
2958,157
2959,157
2960,157
2961,157
2962,157
2963,157
2964,157
2965,157
2966,157
2967,157
2968,157
2969,157
2970,157
2971,157
2972,157
2973,157
2974,156
2975,156
2976,156
2977,156
2978,156
2979,156
2980,156
2981,156
2982,156
2983,156
2984,156
2985,156
2986,156
2987,156
2988,156
2989,156
2990,156
2991,156
2992,156
2993,156
2994,156
2995,156
2996,156
2997,156
2998,156
2999,156
3000,156
3001,156
3002,156
3003,156
3004,156
3005,156
3006,156
3007,156
3008,156
3009,156
3010,156
3011,156
3012,156
3013,156
3014,156
3015,156
3016,156
3017,156
3018,156
3019,156
3020,156
3021,156
3022,156
3023,156
3024,156
3025,156
3026,156
3027,156
3028,156
3029,156
3030,156
3031,156
3032,156
3033,156
3034,156
3035,156
3036,156
3037,156
3038,156
3039,156
3040,155
3041,155
3042,155
3043,155
3044,155
3045,155
3046,155
3047,155
3048,155
3049,155
3050,155
3051,155
3052,155
3053,155
3054,155
3055,155
3056,155
3057,155
3058,155
3059,155
3060,155
3061,155
3062,155
3063,155
3064,155
3065,155
3066,155
3067,155
3068,154
3069,154
3070,154
3071,154
3072,154
3073,154
3074,154
3075,154
3076,154
3077,154
3078,154
3079,154
3080,154
3081,154
3082,154
3083,154
3084,154
3085,154
3086,154
3087,154
3088,153
3089,153
3090,153
3091,153
3092,153
3093,153
3094,153
3095,153
3096,153
3097,153
3098,153
3099,153
3100,153
3101,153
3102,153
3103,153
3104,153
3105,153
3106,153
3107,153
3108,153
3109,153
3110,153
3111,153
3112,153
3113,153
3114,152
3115,152
3116,152
3117,152
3118,152
3119,152
3120,152
3121,152
3122,152
3123,152
3124,152
3125,152
3126,152
3127,151
3128,151
3129,151
3130,151
3131,151
3132,151
3133,151
3134,151
3135,151
3136,151
3137,151
3138,150
3139,150
3140,150
3141,150
3142,150
3143,150
3144,150
3145,150
3146,150
3147,150
3148,150
3149,150
3150,150
3151,150
3152,150
3153,150
3154,150
3155,150
3156,150
3157,149
3158,149
3159,149
3160,149
3161,149
3162,149
3163,149
3164,149
3165,149
3166,149
3167,149
3168,149
3169,149
3170,149
3171,149
3172,149
3173,149
3174,149
3175,149
3176,149
3177,149
3178,148
3179,148
3180,148
3181,148
3182,148
3183,148
3184,148
3185,148
3186,148
3187,148
3188,148
3189,148
3190,148
3191,148
3192,148
3193,148
3194,148
3195,148
3196,148
3197,148
3198,148
3199,148
3200,148
3201,148
3202,148
3203,148
3204,148
3205,148
3206,148
3207,148
3208,148
3209,148
3210,148
3211,148
3212,148
3213,147
3214,147
3215,147
3216,147
3217,147
3218,147
3219,147
3220,147
3221,147
3222,147
3223,146
3224,146
3225,146
3226,146
3227,146
3228,146
3229,146
3230,146
3231,146
3232,146
3233,146
3234,146
3235,146
3236,146
3237,146
3238,145
3239,145
3240,145
3241,145
3242,145
3243,145
3244,145
3245,145
3246,145
3247,144
3248,144
3249,144
3250,144
3251,144
3252,144
3253,144
3254,144
3255,144
3256,144
3257,144
3258,144
3259,144
3260,144
3261,144
3262,144
3263,144
3264,144
3265,144
3266,144
3267,144
3268,144
3269,144
3270,144
3271,144
3272,144
3273,144
3274,144
3275,144
3276,144
3277,144
3278,144
3279,144
3280,144
3281,144
3282,144
3283,144
3284,144
3285,144
3286,144
3287,144
3288,144
3289,144
3290,144
3291,144
3292,144
3293,144
3294,144
3295,144
3296,144
3297,144
3298,144
3299,144
3300,144
3301,144
3302,144
3303,144
3304,144
3305,144
3306,144
3307,144
3308,144
3309,144
3310,144
3311,144
3312,144
3313,144
3314,144
3315,144
3316,144
3317,144
3318,144
3319,144
3320,144
3321,144
3322,144
3323,144
3324,144
3325,144
3326,144
3327,144
3328,144
3329,144
3330,144
3331,144
3332,144
3333,144
3334,144
3335,144
3336,144
3337,144
3338,144
3339,144
3340,144
3341,144
3342,144
3343,144
3344,144
3345,144
3346,144
3347,144
3348,143
3349,143
3350,143
3351,143
3352,143
3353,143
3354,143
3355,143
3356,142
3357,142
3358,142
3359,142
3360,142
3361,142
3362,142
3363,142
3364,142
3365,142
3366,142
3367,142
3368,142
3369,141
3370,140
3371,140
3372,140
3373,140
3374,140
3375,140
3376,140
3377,140
3378,140
3379,140
3380,140
3381,140
3382,140
3383,140
3384,140
3385,140
3386,140
3387,140
3388,140
3389,140
3390,140
3391,140
3392,140
3393,140
3394,140
3395,140
3396,140
3397,139
3398,139
3399,139
3400,139
3401,139
3402,139
3403,139
3404,139
3405,139
3406,139
3407,139
3408,139
3409,139
3410,139
3411,139
3412,139
3413,139
3414,139
3415,139
3416,139
3417,139
3418,139
3419,139
3420,139
3421,139
3422,139
3423,139
3424,139
3425,139
3426,139
3427,139
3428,139
3429,139
3430,139
3431,139
3432,139
3433,139
3434,139
3435,139
3436,139
3437,139
3438,139
3439,139
3440,139
3441,139
3442,139
3443,139
3444,139
3445,139
3446,139
3447,139
3448,139
3449,139
3450,139
3451,139
3452,138
3453,137
3454,137
3455,137
3456,137
3457,137
3458,137
3459,137
3460,136
3461,136
3462,136
3463,136
3464,136
3465,136
3466,136
3467,136
3468,136
3469,136
3470,136
3471,136
3472,136
3473,136
3474,136
3475,136
3476,136
3477,136
3478,136
3479,135
3480,135
3481,135
3482,135
3483,135
3484,135
3485,135
3486,135
3487,135
3488,135
3489,135
3490,135
3491,135
3492,135
3493,135
3494,135
3495,135
3496,135
3497,135
3498,135
3499,135
3500,135
3501,135
3502,135
3503,135
3504,135
3505,135
3506,135
3507,135
3508,135
3509,135
3510,135
3511,135
3512,135
3513,135
3514,135
3515,135
3516,135
3517,135
3518,135
3519,135
3520,135
3521,135
3522,135
3523,135
3524,135
3525,135
3526,135
3527,135
3528,135
3529,135
3530,135
3531,135
3532,134
3533,134
3534,134
3535,134
3536,134
3537,134
3538,133
3539,133
3540,133
3541,133
3542,133
3543,133
3544,133
3545,133
3546,133
3547,133
3548,133
3549,133
3550,133
3551,133
3552,133
3553,133
3554,133
3555,133
3556,133
3557,133
3558,133
3559,133
3560,133
3561,133
3562,133
3563,133
3564,133
3565,133
3566,133
3567,133
3568,133
3569,133
3570,133
3571,133
3572,133
3573,133
3574,133
3575,133
3576,133
3577,133
3578,132
3579,132
3580,132
3581,132
3582,132
3583,132
3584,132
3585,131
3586,131
3587,131
3588,131
3589,131
3590,131
3591,131
3592,131
3593,131
3594,131
3595,131
3596,131
3597,131
3598,131
3599,131
3600,131
3601,131
3602,131
3603,131
3604,131
3605,131
3606,131
3607,131
3608,131
3609,131
3610,131
3611,131
3612,131
3613,131
3614,131
3615,131
3616,131
3617,131
3618,131
3619,131
3620,131
3621,131
3622,131
3623,131
3624,131
3625,131
3626,131
3627,131
3628,131
3629,131
3630,130
3631,130
3632,130
3633,130
3634,130
3635,130
3636,130
3637,130
3638,130
3639,130
3640,130
3641,130
3642,130
3643,130
3644,130
3645,130
3646,130
3647,130
3648,130
3649,130
3650,130
3651,130
3652,130
3653,129
3654,129
3655,129
3656,129
3657,129
3658,129
3659,129
3660,129
3661,129
3662,129
3663,129
3664,129
3665,129
3666,129
3667,129
3668,129
3669,129
3670,129
3671,129
3672,129
3673,129
3674,129
3675,129
3676,129
3677,129
3678,129
3679,129
3680,129
3681,129
3682,129
3683,129
3684,129
3685,129
3686,129
3687,129
3688,129
3689,129
3690,129
3691,129
3692,129
3693,129
3694,129
3695,129
3696,129
3697,129
3698,129
3699,128
3700,128
3701,128
3702,128
3703,127
3704,127
3705,127
3706,127
3707,127
3708,127
3709,127
3710,127
3711,127
3712,127
3713,127
3714,127
3715,127
3716,127
3717,127
3718,127
3719,127
3720,127
3721,127
3722,127
3723,127
3724,127
3725,126
3726,126
3727,126
3728,126
3729,126
3730,126
3731,126
3732,126
3733,126
3734,126
3735,126
3736,126
3737,126
3738,126
3739,126
3740,126
3741,126
3742,126
3743,126
3744,126
3745,126
3746,126
3747,126
3748,126
3749,126
3750,126
3751,126
3752,126
3753,126
3754,126
3755,126
3756,126
3757,126
3758,126
3759,126
3760,126
3761,126
3762,126
3763,126
3764,126
3765,126
3766,126
3767,126
3768,126
3769,126
3770,126
3771,126
3772,126
3773,126
3774,126
3775,126
3776,126
3777,126
3778,126
3779,126
3780,126
3781,126
3782,126
3783,126
3784,126
3785,126
3786,126
3787,126
3788,126
3789,126
3790,125
3791,125
3792,125
3793,125
3794,125
3795,125
3796,125
3797,125
3798,125
3799,125
3800,125
3801,125
3802,124
3803,124
3804,124
3805,124
3806,124
3807,124
3808,124
3809,124
3810,124
3811,124
3812,124
3813,124
3814,124
3815,124
3816,124
3817,124
3818,124
3819,124
3820,124
3821,124
3822,124
3823,124
3824,124
3825,124
3826,124
3827,124
3828,124
3829,124
3830,124
3831,124
3832,124
3833,124
3834,124
3835,124
3836,124
3837,124
3838,124
3839,124
3840,124
3841,124
3842,124
3843,124
3844,124
3845,124
3846,123
3847,123
3848,123
3849,123
3850,123
3851,123
3852,123
3853,123
3854,123
3855,123
3856,123
3857,123
3858,123
3859,123
3860,122
3861,122
3862,122
3863,122
3864,122
3865,122
3866,122
3867,121
3868,121
3869,121
3870,121
3871,121
3872,121
3873,121
3874,121
3875,121
3876,121
3877,121
3878,121
3879,121
3880,121
3881,121
3882,121
3883,121
3884,121
3885,121
3886,121
3887,121
3888,121
3889,121
3890,121
3891,121
3892,121
3893,121
3894,121
3895,121
3896,121
3897,121
3898,121
3899,121
3900,121
3901,121
3902,121
3903,121
3904,121
3905,121
3906,121
3907,121
3908,121
3909,121
3910,121
3911,121
3912,121
3913,121
3914,121
3915,121
3916,121
3917,121
3918,121
3919,121
3920,121
3921,121
3922,121
3923,121
3924,121
3925,121
3926,121
3927,121
3928,121
3929,121
3930,121
3931,121
3932,121
3933,121
3934,121
3935,121
3936,121
3937,121
3938,121
3939,121
3940,121
3941,121
3942,121
3943,121
3944,121
3945,121
3946,121
3947,121
3948,121
3949,121
3950,121
3951,121
3952,121
3953,121
3954,121
3955,121
3956,121
3957,121
3958,121
3959,121
3960,121
3961,121
3962,121
3963,121
3964,121
3965,121
3966,121
3967,121
3968,121
3969,121
3970,121
3971,121
3972,121
3973,121
3974,121
3975,121
3976,121
3977,121
3978,121
3979,121
3980,121
3981,121
3982,121
3983,121
3984,121
3985,121
3986,121
3987,121
3988,121
3989,121
3990,121
3991,121
3992,121
3993,121
3994,121
3995,121
3996,121
3997,121
3998,121
3999,121
4000,121
4001,121
4002,121
4003,121
4004,121
4005,121
4006,121
4007,121
4008,121
4009,121
4010,121
4011,121
4012,121
4013,121
4014,121
4015,121
4016,121
4017,121
4018,121
4019,121
4020,121
4021,121
4022,121
4023,121
4024,121
4025,121
4026,121
4027,121
4028,121
4029,121
4030,121
4031,121
4032,121
4033,121
4034,121
4035,121
4036,121
4037,121
4038,121
4039,121
4040,121
4041,121
4042,121
4043,121
4044,121
4045,121
4046,121
4047,121
4048,121
4049,121
4050,121
4051,121
4052,121
4053,121
4054,121
4055,121
4056,120
4057,120
4058,120
4059,120
4060,120
4061,120
4062,120
4063,120
4064,120
4065,120
4066,120
4067,120
4068,120
4069,120
4070,120
4071,120
4072,120
4073,120
4074,120
4075,120
4076,120
4077,120
4078,120
4079,120
4080,120
4081,120
4082,120
4083,120
4084,120
4085,120
4086,120
4087,120
4088,120
4089,120
4090,120
4091,120
4092,120
4093,120
4094,120
4095,120
4096,120
4097,120
4098,120
4099,120
4100,120
4101,120
4102,120
4103,120
4104,120
4105,120
4106,120
4107,120
4108,120
4109,120
4110,120
4111,120
4112,120
4113,120
4114,119
4115,119
4116,119
4117,119
4118,119
4119,119
4120,119
4121,119
4122,119
4123,119
4124,119
4125,119
4126,119
4127,119
4128,119
4129,119
4130,119
4131,119
4132,119
4133,119
4134,119
4135,119
4136,119
4137,119
4138,119
4139,119
4140,119
4141,119
4142,119
4143,119
4144,119
4145,119
4146,119
4147,119
4148,119
4149,119
4150,119
4151,119
4152,119
4153,119
4154,119
4155,119
4156,119
4157,119
4158,119
4159,119
4160,119
4161,119
4162,119
4163,119
4164,119
4165,119
4166,119
4167,119
4168,119
4169,119
4170,119
4171,119
4172,119
4173,119
4174,119
4175,119
4176,119
4177,119
4178,119
4179,119
4180,119
4181,119
4182,119
4183,119
4184,119
4185,119
4186,119
4187,119
4188,119
4189,119
4190,119
4191,119
4192,119
4193,119
4194,119
4195,119
4196,119
4197,119
4198,119
4199,119
4200,119
4201,119
4202,119
4203,119
4204,119
4205,119
4206,119
4207,119
4208,119
4209,119
4210,119
4211,119
4212,119
4213,119
4214,119
4215,119
4216,119
4217,119
4218,119
4219,119
4220,119
4221,119
4222,119
4223,119
4224,119
4225,119
4226,119
4227,119
4228,119
4229,119
4230,119
4231,119
4232,119
4233,119
4234,119
4235,119
4236,119
4237,119
4238,119
4239,119
4240,119
4241,119
4242,119
4243,119
4244,119
4245,119
4246,119
4247,119
4248,119
4249,119
4250,119
4251,119
4252,119
4253,119
4254,119
4255,119
4256,119
4257,119
4258,119
4259,119
4260,119
4261,119
4262,119
4263,119
4264,119
4265,119
4266,119
4267,119
4268,119
4269,119
4270,119
4271,119
4272,119
4273,119
4274,119
4275,119
4276,119
4277,119
4278,119
4279,119
4280,119
4281,119
4282,119
4283,119
4284,119
4285,119
4286,119
4287,119
4288,119
4289,119
4290,119
4291,119
4292,119
4293,119
4294,119
4295,119
4296,119
4297,119
4298,119
4299,119
4300,119
4301,119
4302,119
4303,119
4304,119
4305,119
4306,119
4307,119
4308,119
4309,119
4310,119
4311,119
4312,119
4313,119
4314,119
4315,119
4316,119
4317,119
4318,119
4319,119
4320,119
4321,119
4322,119
4323,119
4324,119
4325,119
4326,119
4327,119
4328,119
4329,119
4330,119
4331,119
4332,119
4333,119
4334,119
4335,119
4336,119
4337,119
4338,119
4339,119
4340,119
4341,119
4342,119
4343,119
4344,119
4345,119
4346,119
4347,119
4348,119
4349,119
4350,119
4351,119
4352,119
4353,119
4354,119
4355,119
4356,119
4357,119
4358,119
4359,119
4360,119
4361,119
4362,119
4363,119
4364,119
4365,119
4366,119
4367,119
4368,119
4369,119
4370,119
4371,119
4372,119
4373,119
4374,119
4375,119
4376,119
4377,119
4378,119
4379,119
4380,119
4381,119
4382,119
4383,119
4384,119
4385,119
4386,119
4387,119
4388,119
4389,119
4390,119
4391,119
4392,119
4393,119
4394,119
4395,119
4396,119
4397,119
4398,119
4399,119
4400,119
4401,119
4402,119
4403,119
4404,119
4405,119
4406,119
4407,119
4408,119
4409,119
4410,119
4411,119
4412,119
4413,119
4414,119
4415,119
4416,119
4417,119
4418,119
4419,119
4420,119
4421,119
4422,119
4423,119
4424,119
4425,119
4426,119
4427,119
4428,119
4429,119
4430,119
4431,119
4432,119
4433,119
4434,119
4435,119
4436,119
4437,119
4438,119
4439,119
4440,119
4441,119
4442,119
4443,119
4444,119
4445,119
4446,119
4447,119
4448,119
4449,119
4450,119
4451,119
4452,119
4453,119
4454,119
4455,119
4456,119
4457,119
4458,119
4459,119
4460,119
4461,119
4462,119
4463,119
4464,119
4465,119
4466,119
4467,119
4468,119
4469,119
4470,119
4471,119
4472,119
4473,119
4474,119
4475,119
4476,119
4477,119
4478,119
4479,119
4480,119
4481,119
4482,119
4483,119
4484,119
4485,119
4486,119
4487,119
4488,119
4489,119
4490,119
4491,119
4492,119
4493,119
4494,119
4495,119
4496,119
4497,119
4498,119
4499,119
4500,119
4501,119
4502,119
4503,119
4504,119
4505,119
4506,119
4507,119
4508,119
4509,119
4510,119
4511,119
4512,119
4513,119
4514,118
4515,118
4516,118
4517,118
4518,118
4519,118
4520,118
4521,118
4522,118
4523,118
4524,118
4525,118
4526,118
4527,118
4528,118
4529,118
4530,118
4531,118
4532,118
4533,118
4534,118
4535,118
4536,118
4537,118
4538,118
4539,118
4540,118
4541,118
4542,118
4543,118
4544,118
4545,118
4546,118
4547,118
4548,118
4549,118
4550,118
4551,118
4552,118
4553,118
4554,118
4555,118
4556,118
4557,118
4558,118
4559,118
4560,118
4561,118
4562,118
4563,118
4564,118
4565,118
4566,118
4567,118
4568,118
4569,118
4570,118
4571,118
4572,118
4573,118
4574,118
4575,118
4576,118
4577,118
4578,118
4579,118
4580,118
4581,118
4582,118
4583,118
4584,118
4585,118
4586,118
4587,118
4588,118
4589,118
4590,118
4591,118
4592,118
4593,118
4594,118
4595,118
4596,118
4597,118
4598,118
4599,118
4600,118
4601,118
4602,118
4603,118
4604,118
4605,118
4606,118
4607,118
4608,118
4609,118
4610,118
4611,118
4612,118
4613,118
4614,118
4615,118
4616,118
4617,118
4618,118
4619,118
4620,118
4621,118
4622,118
4623,118
4624,118
4625,118
4626,118
4627,118
4628,117
4629,117
4630,117
4631,117
4632,117
4633,117
4634,117
4635,117
4636,117
4637,117
4638,117
4639,117
4640,117
4641,117
4642,117
4643,117
4644,117
4645,117
4646,117
4647,117
4648,117
4649,117
4650,117
4651,117
4652,117
4653,117
4654,117
4655,117
4656,117
4657,117
4658,117
4659,117
4660,117
4661,117
4662,117
4663,117
4664,117
4665,117
4666,117
4667,117
4668,117
4669,117
4670,117
4671,117
4672,117
4673,117
4674,117
4675,117
4676,117
4677,117
4678,117
4679,117
4680,117
4681,117
4682,117
4683,117
4684,117
4685,117
4686,117
4687,117
4688,117
4689,117
4690,117
4691,117
4692,117
4693,117
4694,117
4695,117
4696,117
4697,117
4698,117
4699,117
4700,117
4701,117
4702,117
4703,117
4704,117
4705,117
4706,117
4707,117
4708,117
4709,117
4710,117
4711,117
4712,117
4713,117
4714,117
4715,117
4716,117
4717,117
4718,117
4719,116
4720,116
4721,116
4722,116
4723,116
4724,116
4725,116
4726,116
4727,116
4728,116
4729,116
4730,116
4731,116
4732,116
4733,116
4734,116
4735,116
4736,116
4737,116
4738,116
4739,116
4740,116
4741,116
4742,116
4743,115
4744,115
4745,115
4746,115
4747,115
4748,115
4749,115
4750,115
4751,115
4752,115
4753,115
4754,115
4755,115
4756,115
4757,114
4758,114
4759,114
4760,114
4761,113
4762,112
4763,112
4764,112
4765,112
4766,111
4767,111
4768,110
4769,110
4770,109
4771,108
4772,107
4773,105
4774,104
4775,101
4776,100
4777,98
4778,96
4779,95
4780,95
4781,94
4782,93
4783,92
4784,91
4785,91
4786,91
4787,91
4788,91
4789,91
4790,91
4791,91
4792,91
4793,91
4794,91
4795,91
4796,91
4797,91
4798,91
4799,91
4800,91
4801,91
4802,91
4803,91
4804,91
4805,91
4806,91
4807,91
4808,91
4809,91
4810,91
4811,91
4812,91
4813,91
4814,91
4815,91
4816,91
4817,91
4818,91
4819,91
4820,91
4821,91
4822,91
4823,91
4824,91
4825,91
4826,91
4827,91
4828,91
4829,91
4830,91
4831,91
4832,91
4833,91
4834,91
4835,91
4836,91
4837,91
4838,91
4839,91
4840,91
4841,91
4842,91
4843,91
4844,91
4845,91
4846,91
4847,91
4848,91
4849,91
4850,91
4851,91
4852,91
4853,91
4854,91
4855,91
4856,91
4857,91
4858,91
4859,91
4860,91
4861,91
4862,91
4863,91
4864,91
4865,91
4866,91
4867,91
4868,91
4869,91
4870,91
4871,91
4872,91
4873,91
4874,91
4875,91
4876,91
4877,91
4878,91
4879,91
4880,91
4881,91
4882,91
4883,91
4884,91
4885,90
4886,90
4887,90
4888,90
4889,90
4890,90
4891,90
4892,90
4893,90
4894,90
4895,90
4896,90
4897,90
4898,90
4899,90
4900,90
4901,90
4902,90
4903,90
4904,90
4905,90
4906,90
4907,90
4908,90
4909,90
4910,90
4911,90
4912,90
4913,90
4914,90
4915,90
4916,90
4917,90
4918,90
4919,90
4920,90
4921,90
4922,90
4923,90
4924,90
4925,90
4926,90
4927,90
4928,90
4929,90
4930,90
4931,90
4932,90
4933,90
4934,90
4935,90
4936,90
4937,90
4938,90
4939,90
4940,90
4941,90
4942,90
4943,90
4944,90
4945,90
4946,90
4947,90
4948,90
4949,90
4950,90
4951,90
4952,90
4953,90
4954,90
4955,90
4956,90
4957,90
4958,90
4959,90
4960,90
4961,90
4962,90
4963,90
4964,90
4965,90
4966,90
4967,90
4968,90
4969,90
4970,89
4971,89
4972,89
4973,89
4974,89
4975,89
4976,89
4977,89
4978,89
4979,89
4980,89
4981,89
4982,89
4983,89
4984,89
4985,89
4986,89
4987,88
4988,88
4989,88
4990,88
4991,88
4992,88
4993,88
4994,88
4995,88
4996,88
4997,88
4998,88
4999,88
5000,88
5001,88
5002,88
5003,88
5004,88
5005,88
5006,88
5007,88
5008,88
5009,88
5010,88
5011,88
5012,88
5013,88
5014,88
5015,88
5016,88
5017,88
5018,88
5019,88
5020,88
5021,88
5022,88
5023,88
5024,88
5025,88
5026,88
5027,88
5028,88
5029,88
5030,88
5031,88
5032,88
5033,88
5034,88
5035,88
5036,88
5037,88
5038,88
5039,88
5040,88
5041,88
5042,88
5043,88
5044,88
5045,88
5046,88
5047,88
5048,88
5049,88
5050,88
5051,88
5052,88
5053,88
5054,88
5055,88
5056,88
5057,88
5058,88
5059,88
5060,88
5061,88
5062,88
5063,88
5064,88
5065,88
5066,88
5067,88
5068,88
5069,88
5070,88
5071,88
5072,88
5073,88
5074,88
5075,88
5076,88
5077,88
5078,88
5079,88
5080,88
5081,88
5082,88
5083,88
5084,88
5085,88
5086,88
5087,88
5088,88
5089,87
5090,87
5091,87
5092,87
5093,87
5094,87
5095,87
5096,87
5097,87
5098,87
5099,87
5100,87
5101,87
5102,87
5103,87
5104,87
5105,87
5106,87
5107,87
5108,87
5109,87
5110,87
5111,87
5112,87
5113,87
5114,87
5115,87
5116,87
5117,87
5118,87
5119,87
5120,87
5121,87
5122,87
5123,87
5124,87
5125,87
5126,87
5127,87
5128,87
5129,87
5130,87
5131,87
5132,87
5133,87
5134,87
5135,87
5136,87
5137,87
5138,87
5139,87
5140,87
5141,87
5142,87
5143,87
5144,87
5145,87
5146,87
5147,87
5148,87
5149,87
5150,87
5151,87
5152,87
5153,87
5154,87
5155,87
5156,87
5157,87
5158,87
5159,87
5160,87
5161,87
5162,87
5163,87
5164,87
5165,87
5166,87
5167,87
5168,87
5169,87
5170,87
5171,87
5172,87
5173,87
5174,87
5175,87
5176,87
5177,87
5178,87
5179,87
5180,87
5181,87
5182,87
5183,87
5184,87
5185,87
5186,87
5187,87
5188,87
5189,87
5190,87
5191,87
5192,87
5193,87
5194,87
5195,87
5196,87
5197,87
5198,87
5199,87
5200,87
5201,87
5202,87
5203,87
5204,87
5205,87
5206,87
5207,87
5208,87
5209,87
5210,87
5211,87
5212,87
5213,87
5214,87
5215,87
5216,87
5217,87
5218,87
5219,87
5220,87
5221,87
5222,87
5223,87
5224,87
5225,87
5226,87
5227,87
5228,87
5229,87
5230,87
5231,87
5232,87
5233,87
5234,87
5235,87
5236,87
5237,87
5238,87
5239,87
5240,87
5241,87
5242,87
5243,87
5244,87
5245,87
5246,87
5247,87
5248,87
5249,87
5250,87
5251,87
5252,87
5253,87
5254,87
5255,87
5256,87
5257,87
5258,87
5259,87
5260,87
5261,87
5262,87
5263,87
5264,87
5265,87
5266,87
5267,87
5268,87
5269,87
5270,87
5271,87
5272,87
5273,87
5274,87
5275,87
5276,87
5277,87
5278,87
5279,87
5280,87
5281,87
5282,87
5283,87
5284,87
5285,87
5286,87
5287,87
5288,87
5289,87
5290,87
5291,87
5292,87
5293,87
5294,87
5295,87
5296,87
5297,87
5298,87
5299,87
5300,87
5301,87
5302,87
5303,87
5304,87
5305,87
5306,87
5307,87
5308,87
5309,87
5310,87
5311,87
5312,87
5313,87
5314,87
5315,87
5316,87
5317,87
5318,87
5319,87
5320,87
5321,87
5322,87
5323,87
5324,87
5325,87
5326,87
5327,87
5328,87
5329,87
5330,87
5331,87
5332,87
5333,87
5334,87
5335,87
5336,87
5337,87
5338,87
5339,87
5340,87
5341,87
5342,87
5343,87
5344,87
5345,87
5346,87
5347,87
5348,87
5349,87
5350,87
5351,87
5352,87
5353,87
5354,87
5355,87
5356,87
5357,87
5358,87
5359,87
5360,87
5361,87
5362,87
5363,87
5364,87
5365,87
5366,87
5367,87
5368,87
5369,87
5370,87
5371,87
5372,87
5373,87
5374,87
5375,87
5376,87
5377,87
5378,87
5379,87
5380,87
5381,87
5382,87
5383,87
5384,87
5385,87
5386,87
5387,87
5388,87
5389,87
5390,87
5391,87
5392,87
5393,87
5394,87
5395,87
5396,87
5397,87
5398,87
5399,87
5400,87
5401,87
5402,87
5403,87
5404,87
5405,87
5406,87
5407,87
5408,87
5409,87
5410,87
5411,87
5412,87
5413,87
5414,87
5415,87
5416,87
5417,87
5418,87
5419,87
5420,87
5421,87
5422,87
5423,87
5424,87
5425,87
5426,87
5427,87
5428,87
5429,87
5430,87
5431,87
5432,87
5433,86
5434,86
5435,86
5436,86
5437,86
5438,86
5439,86
5440,86
5441,86
5442,86
5443,86
5444,86
5445,86
5446,86
5447,86
5448,86
5449,86
5450,86
5451,86
5452,86
5453,86
5454,86
5455,86
5456,86
5457,86
5458,86
5459,86
5460,86
5461,86
5462,86
5463,85
5464,85
5465,85
5466,85
5467,85
5468,85
5469,84
5470,84
5471,84
5472,84
5473,84
5474,84
5475,84
5476,84
5477,84
5478,84
5479,84
5480,84
5481,84
5482,84
5483,84
5484,84
5485,84
5486,84
5487,84
5488,84
5489,84
5490,84
5491,84
5492,84
5493,84
5494,84
5495,84
5496,84
5497,84
5498,84
5499,84
5500,84
5501,84
5502,84
5503,84
5504,84
5505,84
5506,84
5507,84
5508,84
5509,84
5510,84
5511,84
5512,84
5513,84
5514,84
5515,84
5516,84
5517,84
5518,84
5519,84
5520,84
5521,84
5522,84
5523,84
5524,84
5525,84
5526,84
5527,84
5528,84
5529,84
5530,84
5531,84
5532,84
5533,84
5534,84
5535,84
5536,84
5537,84
5538,84
5539,84
5540,84
5541,84
5542,84
5543,84
5544,84
5545,84
5546,84
5547,84
5548,84
5549,84
5550,84
5551,84
5552,84
5553,84
5554,84
5555,84
5556,84
5557,84
5558,84
5559,84
5560,84
5561,84
5562,84
5563,84
5564,84
5565,84
5566,84
5567,84
5568,84
5569,84
5570,84
5571,84
5572,84
5573,84
5574,84
5575,84
5576,84
5577,84
5578,84
5579,84
5580,84
5581,84
5582,84
5583,84
5584,84
5585,84
5586,84
5587,84
5588,84
5589,84
5590,84
5591,84
5592,84
5593,84
5594,84
5595,84
5596,84
5597,84
5598,84
5599,84
5600,84
5601,84
5602,84
5603,84
5604,84
5605,84
5606,84
5607,84
5608,84
5609,84
5610,84
5611,84
5612,84
5613,84
5614,84
5615,84
5616,84
5617,84
5618,84
5619,84
5620,84
5621,84
5622,84
5623,84
5624,84
5625,84
5626,84
5627,84
5628,84
5629,84
5630,84
5631,84
5632,84
5633,84
5634,84
5635,84
5636,84
5637,84
5638,84
5639,84
5640,84
5641,84
5642,84
5643,84
5644,84
5645,84
5646,84
5647,84
5648,83
5649,83
5650,83
5651,83
5652,83
5653,83
5654,83
5655,83
5656,83
5657,83
5658,83
5659,83
5660,83
5661,83
5662,83
5663,83
5664,83
5665,83
5666,83
5667,83
5668,83
5669,83
5670,83
5671,83
5672,83
5673,83
5674,83
5675,83
5676,83
5677,83
5678,83
5679,83
5680,83
5681,83
5682,83
5683,83
5684,83
5685,83
5686,83
5687,83
5688,83
5689,83
5690,83
5691,83
5692,83
5693,83
5694,83
5695,83
5696,83
5697,83
5698,83
5699,83
5700,83
5701,83
5702,83
5703,83
5704,83
5705,83
5706,83
5707,83
5708,83
5709,83
5710,83
5711,83
5712,83
5713,83
5714,83
5715,83
5716,83
5717,83
5718,83
5719,83
5720,83
5721,83
5722,83
5723,83
5724,83
5725,83
5726,83
5727,83
5728,83
5729,83
5730,83
5731,83
5732,83
5733,83
5734,83
5735,83
5736,83
5737,83
5738,83
5739,83
5740,83
5741,83
5742,83
5743,83
5744,83
5745,83
5746,83
5747,83
5748,83
5749,83
5750,83
5751,83
5752,83
5753,83
5754,83
5755,83
5756,83
5757,83
5758,83
5759,83
5760,83
5761,83
5762,83
5763,82
5764,82
5765,82
5766,82
5767,82
5768,82
5769,82
5770,82
5771,82
5772,82
5773,82
5774,82
5775,82
5776,82
5777,82
5778,82
5779,82
5780,82
5781,82
5782,82
5783,82
5784,82
5785,82
5786,82
5787,82
5788,82
5789,82
5790,82
5791,82
5792,82
5793,82
5794,82
5795,82
5796,82
5797,82
5798,82
5799,82
5800,82
5801,82
5802,82
5803,82
5804,82
5805,82
5806,82
5807,82
5808,82
5809,82
5810,82
5811,82
5812,82
5813,82
5814,82
5815,82
5816,82
5817,82
5818,82
5819,82
5820,82
5821,82
5822,82
5823,82
5824,82
5825,82
5826,82
5827,82
5828,82
5829,82
5830,82
5831,82
5832,82
5833,82
5834,82
5835,82
5836,82
5837,82
5838,82
5839,82
5840,82
5841,82
5842,82
5843,82
5844,82
5845,82
5846,82
5847,82
5848,81
5849,81
5850,81
5851,81
5852,81
5853,81
5854,81
5855,81
5856,81
5857,81
5858,81
5859,81
5860,81
5861,81
5862,81
5863,81
5864,81
5865,81
5866,81
5867,81
5868,81
5869,81
5870,81
5871,81
5872,81
5873,81
5874,81
5875,81
5876,81
5877,81
5878,81
5879,81
5880,81
5881,81
5882,81
5883,81
5884,81
5885,81
5886,81
5887,81
5888,81
5889,81
5890,81
5891,81
5892,81
5893,81
5894,81
5895,81
5896,81
5897,81
5898,81
5899,81
5900,81
5901,81
5902,81
5903,81
5904,81
5905,81
5906,81
5907,81
5908,81
5909,81
5910,81
5911,81
5912,81
5913,81
5914,81
5915,81
5916,81
5917,81
5918,81
5919,81
5920,81
5921,81
5922,81
5923,81
5924,81
5925,81
5926,81
5927,81
5928,81
5929,81
5930,81
5931,81
5932,81
5933,81
5934,81
5935,81
5936,81
5937,81
5938,81
5939,81
5940,81
5941,81
5942,81
5943,81
5944,81
5945,81
5946,81
5947,81
5948,81
5949,81
5950,81
5951,81
5952,81
5953,81
5954,81
5955,81
5956,81
5957,81
5958,81
5959,81
5960,81
5961,81
5962,81
5963,81
5964,81
5965,81
5966,81
5967,81
5968,81
5969,81
5970,81
5971,81
5972,81
5973,81
5974,81
5975,80
5976,80
5977,80
5978,80
5979,80
5980,80
5981,80
5982,80
5983,80
5984,80
5985,80
5986,80
5987,80
5988,80
5989,79
5990,79
5991,79
5992,79
5993,79
5994,79
5995,79
5996,79
5997,79
5998,79
5999,79
6000,79
6001,79
6002,78
6003,78
6004,78
6005,78
6006,78
6007,78
6008,78
6009,77
6010,77
6011,77
6012,77
6013,77
6014,77
6015,77
6016,77
6017,77
6018,77
6019,77
6020,77
6021,77
6022,77
6023,77
6024,77
6025,77
6026,77
6027,76
6028,75
6029,75
6030,75
6031,75
6032,75
6033,75
6034,75
6035,75
6036,75
6037,75
6038,75
6039,75
6040,75
6041,75
6042,75
6043,75
6044,75
6045,75
6046,75
6047,75
6048,75
6049,75
6050,75
6051,75
6052,75
6053,74
6054,74
6055,73
6056,73
6057,73
6058,73
6059,73
6060,73
6061,73
6062,73
6063,73
6064,73
6065,73
6066,73
6067,73
6068,73
6069,73
6070,73
6071,73
6072,73
6073,73
6074,73
6075,72
6076,72
6077,72
6078,72
6079,72
6080,72
6081,72
6082,72
6083,72
6084,72
6085,72
6086,72
6087,72
6088,72
6089,72
6090,72
6091,72
6092,72
6093,72
6094,72
6095,72
6096,72
6097,72
6098,72
6099,72
6100,72
6101,72
6102,72
6103,72
6104,72
6105,72
6106,72
6107,72
6108,72
6109,72
6110,72
6111,72
6112,72
6113,72
6114,72
6115,72
6116,72
6117,72
6118,72
6119,72
6120,72
6121,72
6122,72
6123,72
6124,72
6125,72
6126,72
6127,72
6128,72
6129,72
6130,72
6131,72
6132,72
6133,72
6134,72
6135,72
6136,72
6137,72
6138,72
6139,72
6140,72
6141,72
6142,72
6143,72
6144,72
6145,72
6146,72
6147,72
6148,72
6149,72
6150,72
6151,72
6152,72
6153,72
6154,72
6155,72
6156,72
6157,72
6158,72
6159,72
6160,72
6161,72
6162,72
6163,72
6164,72
6165,72
6166,72
6167,72
6168,72
6169,72
6170,72
6171,72
6172,72
6173,72
6174,72
6175,72
6176,72
6177,72
6178,72
6179,72
6180,72
6181,72
6182,72
6183,72
6184,72
6185,72
6186,72
6187,72
6188,72
6189,72
6190,72
6191,72
6192,72
6193,72
6194,72
6195,72
6196,72
6197,72
6198,72
6199,72
6200,72
6201,72
6202,72
6203,72
6204,72
6205,72
6206,72
6207,72
6208,72
6209,72
6210,72
6211,72
6212,72
6213,72
6214,72
6215,72
6216,72
6217,72
6218,72
6219,72
6220,72
6221,72
6222,72
6223,72
6224,72
6225,72
6226,72
6227,72
6228,72
6229,72
6230,72
6231,72
6232,72
6233,72
6234,72
6235,72
6236,72
6237,72
6238,72
6239,72
6240,72
6241,72
6242,71
6243,71
6244,71
6245,71
6246,71
6247,71
6248,71
6249,71
6250,71
6251,71
6252,71
6253,71
6254,71
6255,71
6256,71
6257,71
6258,71
6259,71
6260,71
6261,71
6262,71
6263,71
6264,71
6265,71
6266,71
6267,71
6268,71
6269,71
6270,71
6271,71
6272,71
6273,71
6274,71
6275,71
6276,71
6277,71
6278,71
6279,71
6280,71
6281,71
6282,71
6283,71
6284,71
6285,71
6286,71
6287,71
6288,71
6289,71
6290,71
6291,71
6292,71
6293,71
6294,71
6295,71
6296,71
6297,71
6298,71
6299,71
6300,71
6301,71
6302,71
6303,71
6304,71
6305,71
6306,71
6307,71
6308,71
6309,71
6310,71
6311,71
6312,71
6313,71
6314,71
6315,71
6316,71
6317,71
6318,71
6319,71
6320,71
6321,70
6322,70
6323,69
6324,69
6325,69
6326,69
6327,69
6328,69
6329,69
6330,69
6331,69
6332,69
6333,69
6334,69
6335,69
6336,69
6337,69
6338,69
6339,69
6340,69
6341,69
6342,69
6343,69
6344,69
6345,69
6346,69
6347,69
6348,69
6349,69
6350,69
6351,69
6352,69
6353,69
6354,69
6355,69
6356,69
6357,69
6358,69
6359,69
6360,69
6361,69
6362,68
6363,68
6364,68
6365,68
6366,68
6367,68
6368,68
6369,68
6370,68
6371,68
6372,68
6373,68
6374,68
6375,68
6376,68
6377,68
6378,68
6379,68
6380,68
6381,68
6382,68
6383,68
6384,68
6385,68
6386,68
6387,68
6388,68
6389,68
6390,68
6391,68
6392,68
6393,68
6394,68
6395,68
6396,68
6397,68
6398,68
6399,68
6400,68
6401,68
6402,68
6403,68
6404,68
6405,68
6406,68
6407,68
6408,68
6409,68
6410,68
6411,68
6412,68
6413,68
6414,68
6415,68
6416,68
6417,68
6418,68
6419,68
6420,68
6421,68
6422,68
6423,68
6424,68
6425,68
6426,67
6427,67
6428,67
6429,67
6430,67
6431,66
6432,66
6433,66
6434,66
6435,66
6436,66
6437,65
6438,65
6439,65
6440,65
6441,65
6442,65
6443,65
6444,65
6445,65
6446,65
6447,65
6448,65
6449,65
6450,65
6451,65
6452,65
6453,65
6454,65
6455,65
6456,65
6457,65
6458,65
6459,65
6460,65
6461,65
6462,65
6463,65
6464,65
6465,65
6466,65
6467,65
6468,65
6469,65
6470,65
6471,65
6472,65
6473,65
6474,65
6475,65
6476,65
6477,65
6478,65
6479,65
6480,65
6481,65
6482,65
6483,65
6484,65
6485,65
6486,65
6487,65
6488,65
6489,65
6490,65
6491,65
6492,65
6493,65
6494,65
6495,65
6496,65
6497,65
6498,65
6499,65
6500,65
6501,65
6502,65
6503,65
6504,65
6505,65
6506,65
6507,65
6508,65
6509,65
6510,65
6511,65
6512,65
6513,65
6514,65
6515,65
6516,65
6517,65
6518,65
6519,65
6520,65
6521,65
6522,65
6523,64
6524,64
6525,64
6526,64
6527,64
6528,64
6529,64
6530,64
6531,64
6532,64
6533,64
6534,64
6535,64
6536,64
6537,64
6538,64
6539,64
6540,64
6541,64
6542,64
6543,64
6544,64
6545,64
6546,64
6547,64
6548,64
6549,64
6550,64
6551,64
6552,64
6553,64
6554,64
6555,64
6556,64
6557,64
6558,63
6559,63
6560,63
6561,63
6562,62
6563,62
6564,62
6565,62
6566,62
6567,62
6568,62
6569,62
6570,62
6571,62
6572,62
6573,62
6574,62
6575,62
6576,62
6577,62
6578,62
6579,62
6580,62
6581,62
6582,62
6583,62
6584,62
6585,62
6586,62
6587,62
6588,62
6589,62
6590,62
6591,62
6592,62
6593,61
6594,61
6595,61
6596,61
6597,61
6598,61
6599,61
6600,61
6601,61
6602,61
6603,61
6604,61
6605,61
6606,61
6607,61
6608,61
6609,61
6610,61
6611,61
6612,61
6613,61
6614,61
6615,61
6616,61
6617,61
6618,61
6619,61
6620,61
6621,61
6622,61
6623,61
6624,61
6625,61
6626,61
6627,61
6628,61
6629,61
6630,61
6631,61
6632,61
6633,61
6634,61
6635,61
6636,61
6637,61
6638,61
6639,61
6640,61
6641,61
6642,61
6643,61
6644,61
6645,61
6646,61
6647,61
6648,61
6649,61
6650,61
6651,61
6652,61
6653,61
6654,61
6655,61
6656,61
6657,61
6658,61
6659,61
6660,61
6661,61
6662,61
6663,61
6664,61
6665,61
6666,61
6667,61
6668,61
6669,61
6670,61
6671,61
6672,61
6673,61
6674,61
6675,61
6676,61
6677,61
6678,61
6679,61
6680,61
6681,61
6682,61
6683,61
6684,61
6685,61
6686,61
6687,61
6688,61
6689,61
6690,61
6691,61
6692,61
6693,61
6694,61
6695,61
6696,61
6697,61
6698,61
6699,61
6700,61
6701,61
6702,61
6703,61
6704,61
6705,61
6706,61
6707,61
6708,61
6709,61
6710,61
6711,61
6712,61
6713,61
6714,61
6715,61
6716,61
6717,61
6718,61
6719,61
6720,61
6721,61
6722,61
6723,61
6724,61
6725,61
6726,61
6727,61
6728,61
6729,61
6730,61
6731,61
6732,61
6733,61
6734,61
6735,61
6736,61
6737,61
6738,61
6739,61
6740,61
6741,61
6742,61
6743,61
6744,61
6745,61
6746,61
6747,61
6748,61
6749,61
6750,61
6751,61
6752,61
6753,61
6754,61
6755,61
6756,61
6757,61
6758,61
6759,61
6760,61
6761,61
6762,61
6763,61
6764,61
6765,61
6766,61
6767,61
6768,61
6769,61
6770,61
6771,61
6772,61
6773,61
6774,61
6775,61
6776,61
6777,61
6778,61
6779,61
6780,61
6781,61
6782,61
6783,61
6784,61
6785,61
6786,61
6787,61
6788,61
6789,61
6790,61
6791,61
6792,61
6793,61
6794,61
6795,61
6796,61
6797,61
6798,61
6799,61
6800,61
6801,61
6802,61
6803,61
6804,61
6805,61
6806,61
6807,61
6808,61
6809,61
6810,61
6811,61
6812,61
6813,61
6814,61
6815,61
6816,61
6817,61
6818,61
6819,61
6820,61
6821,61
6822,61
6823,61
6824,61
6825,61
6826,61
6827,61
6828,61
6829,61
6830,61
6831,61
6832,61
6833,61
6834,61
6835,61
6836,61
6837,61
6838,61
6839,61
6840,61
6841,61
6842,61
6843,61
6844,61
6845,61
6846,61
6847,61
6848,61
6849,61
6850,61
6851,61
6852,61
6853,61
6854,61
6855,61
6856,61
6857,61
6858,61
6859,61
6860,61
6861,61
6862,61
6863,61
6864,61
6865,61
6866,61
6867,61
6868,61
6869,61
6870,61
6871,61
6872,61
6873,61
6874,61
6875,61
6876,61
6877,61
6878,61
6879,61
6880,61
6881,61
6882,61
6883,61
6884,61
6885,61
6886,61
6887,61
6888,61
6889,61
6890,61
6891,61
6892,61
6893,61
6894,61
6895,61
6896,61
6897,61
6898,61
6899,61
6900,61
6901,61
6902,61
6903,61
6904,61
6905,61
6906,61
6907,61
6908,61
6909,61
6910,61
6911,61
6912,60
6913,60
6914,60
6915,60
6916,59
6917,59
6918,57
6919,55
6920,55
6921,54
6922,50
6923,49
6924,49
6925,49
6926,49
6927,49
6928,48
6929,48
6930,48
6931,48
6932,48
6933,48
6934,47
6935,46
6936,45
6937,44
6938,43
6939,42
6940,41
6941,40
6942,39
6943,38
6944,37
6945,37
6946,37
6947,37
6948,37
6949,37
6950,37
6951,37
6952,37
6953,37
6954,37
6955,37
6956,37
6957,37
6958,37
6959,37
6960,37
6961,37
6962,37
6963,37
6964,37
6965,37
6966,37
6967,37
6968,37
6969,37
6970,37
6971,37
6972,37
6973,37
6974,37
6975,37
6976,37
6977,37
6978,37
6979,37
6980,37
6981,37
6982,37
6983,37
6984,37
6985,37
6986,37
6987,37
6988,37
6989,37
6990,37
6991,37
6992,37
6993,37
6994,37
6995,37
6996,37
6997,37
6998,37
6999,37
7000,37
7001,37
7002,37
7003,37
7004,37
7005,37
7006,37
7007,37
7008,37
7009,37
7010,37
7011,37
7012,37
7013,37
7014,37
7015,37
7016,37
7017,37
7018,37
7019,37
7020,37
7021,37
7022,37
7023,37
7024,37
7025,37
7026,37
7027,37
7028,37
7029,37
7030,37
7031,37
7032,37
7033,37
7034,37
7035,37
7036,37
7037,37
7038,37
7039,37
7040,37
7041,37
7042,37
7043,37
7044,37
7045,37
7046,37
7047,37
7048,37
7049,37
7050,37
7051,37
7052,37
7053,37
7054,37
7055,37
7056,37
7057,37
7058,37
7059,37
7060,37
7061,37
7062,37
7063,37
7064,37
7065,37
7066,37
7067,37
7068,37
7069,37
7070,37
7071,37
7072,37
7073,37
7074,37
7075,37
7076,37
7077,37
7078,37
7079,37
7080,37
7081,37
7082,37
7083,37
7084,37
7085,37
7086,37
7087,37
7088,37
7089,37
7090,37
7091,37
7092,37
7093,37
7094,37
7095,37
7096,37
7097,37
7098,37
7099,37
7100,37
7101,37
7102,37
7103,37
7104,37
7105,37
7106,37
7107,37
7108,37
7109,37
7110,37
7111,37
7112,37
7113,37
7114,37
7115,37
7116,37
7117,37
7118,37
7119,37
7120,37
7121,37
7122,37
7123,37
7124,37
7125,37
7126,37
7127,37
7128,37
7129,37
7130,37
7131,37
7132,37
7133,37
7134,37
7135,37
7136,37
7137,37
7138,37
7139,37
7140,37
7141,37
7142,37
7143,37
7144,37
7145,37
7146,37
7147,37
7148,37
7149,37
7150,37
7151,37
7152,37
7153,37
7154,37
7155,37
7156,37
7157,37
7158,37
7159,37
7160,37
7161,37
7162,37
7163,37
7164,37
7165,37
7166,37
7167,37
7168,37
7169,37
7170,37
7171,37
7172,37
7173,37
7174,37
7175,37
7176,37
7177,37
7178,37
7179,37
7180,37
7181,37
7182,37
7183,37
7184,37
7185,37
7186,37
7187,37
7188,37
7189,37
7190,37
7191,37
7192,37
7193,37
7194,37
7195,37
7196,37
7197,37
7198,37
7199,37
7200,37
7201,37
7202,37
7203,37
7204,37
7205,37
7206,37
7207,37
7208,37
7209,37
7210,37
7211,37
7212,37
7213,37
7214,37
7215,37
7216,37
7217,37
7218,37
7219,37
7220,37
7221,37
7222,37
7223,37
7224,37
7225,37
7226,37
7227,37
7228,37
7229,37
7230,37
7231,37
7232,37
7233,37
7234,37
7235,37
7236,37
7237,37
7238,37
7239,37
7240,37
7241,37
7242,37
7243,37
7244,37
7245,37
7246,37
7247,37
7248,37
7249,37
7250,37
7251,37
7252,37
7253,37
7254,37
7255,37
7256,37
7257,37
7258,37
7259,37
7260,37
7261,37
7262,37
7263,37
7264,37
7265,37
7266,37
7267,37
7268,37
7269,37
7270,37
7271,37
7272,37
7273,37
7274,37
7275,37
7276,37
7277,37
7278,37
7279,37
7280,37
7281,37
7282,37
7283,37
7284,37
7285,37
7286,37
7287,37
7288,37
7289,37
7290,37
7291,37
7292,37
7293,37
7294,37
7295,37
7296,37
7297,37
7298,37
7299,37
7300,37
7301,37
7302,37
7303,37
7304,37
7305,37
7306,37
7307,37
7308,37
7309,37
7310,37
7311,37
7312,37
7313,37
7314,37
7315,37
7316,37
7317,37
7318,37
7319,37
7320,37
7321,37
7322,37
7323,37
7324,37
7325,37
7326,37
7327,37
7328,37
7329,37
7330,37
7331,37
7332,37
7333,37
7334,37
7335,37
7336,37
7337,37
7338,37
7339,37
7340,37
7341,37
7342,37
7343,37
7344,37
7345,37
7346,37
7347,37
7348,37
7349,37
7350,37
7351,37
7352,37
7353,37
7354,37
7355,37
7356,37
7357,37
7358,37
7359,37
7360,37
7361,37
7362,37
7363,37
7364,37
7365,37
7366,37
7367,37
7368,37
7369,37
7370,37
7371,37
7372,37
7373,37
7374,37
7375,37
7376,37
7377,37
7378,37
7379,37
7380,37
7381,37
7382,37
7383,37
7384,37
7385,37
7386,37
7387,37
7388,37
7389,37
7390,37
7391,37
7392,37
7393,37
7394,37
7395,37
7396,37
7397,37
7398,37
7399,37
7400,37
7401,37
7402,37
7403,37
7404,37
7405,37
7406,37
7407,37
7408,37
7409,37
7410,37
7411,37
7412,37
7413,37
7414,37
7415,37
7416,37
7417,37
7418,37
7419,37
7420,37
7421,37
7422,37
7423,37
7424,37
7425,37
7426,37
7427,37
7428,37
7429,37
7430,37
7431,37
7432,37
7433,37
7434,37
7435,37
7436,37
7437,37
7438,37
7439,37
7440,37
7441,37
7442,37
7443,37
7444,37
7445,37
7446,37
7447,37
7448,37
7449,37
7450,37
7451,37
7452,37
7453,37
7454,37
7455,37
7456,37
7457,37
7458,37
7459,37
7460,37
7461,37
7462,37
7463,37
7464,37
7465,37
7466,37
7467,37
7468,37
7469,37
7470,37
7471,37
7472,37
7473,37
7474,37
7475,37
7476,37
7477,37
7478,37
7479,37
7480,37
7481,37
7482,37
7483,37
7484,37
7485,37
7486,37
7487,37
7488,37
7489,37
7490,37
7491,37
7492,37
7493,37
7494,37
7495,37
7496,37
7497,37
7498,37
7499,37
7500,37
7501,37
7502,37
7503,37
7504,37
7505,37
7506,37
7507,37
7508,37
7509,37
7510,37
7511,37
7512,37
7513,37
7514,37
7515,37
7516,37
7517,37
7518,37
7519,37
7520,37
7521,37
7522,37
7523,37
7524,37
7525,37
7526,37
7527,37
7528,37
7529,37
7530,37
7531,37
7532,37
7533,37
7534,37
7535,37
7536,37
7537,37
7538,37
7539,37
7540,37
7541,37
7542,37
7543,37
7544,37
7545,37
7546,37
7547,37
7548,37
7549,37
7550,37
7551,37
7552,37
7553,37
7554,37
7555,37
7556,37
7557,37
7558,37
7559,37
7560,37
7561,37
7562,37
7563,37
7564,37
7565,37
7566,37
7567,37
7568,37
7569,37
7570,37
7571,37
7572,37
7573,37
7574,37
7575,37
7576,37
7577,37
7578,37
7579,37
7580,37
7581,37
7582,37
7583,37
7584,37
7585,37
7586,37
7587,37
7588,37
7589,37
7590,37
7591,37
7592,37
7593,37
7594,37
7595,37
7596,37
7597,37
7598,37
7599,37
7600,37
7601,37
7602,37
7603,37
7604,37
7605,37
7606,37
7607,37
7608,37
7609,37
7610,37
7611,37
7612,37
7613,37
7614,37
7615,37
7616,37
7617,37
7618,37
7619,37
7620,37
7621,37
7622,37
7623,37
7624,37
7625,37
7626,37
7627,37
7628,37
7629,37
7630,37
7631,37
7632,37
7633,37
7634,37
7635,37
7636,37
7637,37
7638,37
7639,37
7640,37
7641,37
7642,37
7643,37
7644,37
7645,37
7646,37
7647,37
7648,37
7649,37
7650,37
7651,37
7652,37
7653,37
7654,37
7655,37
7656,37
7657,37
7658,37
7659,37
7660,37
7661,37
7662,37
7663,37
7664,37
7665,37
7666,37
7667,37
7668,37
7669,37
7670,37
7671,37
7672,37
7673,37
7674,37
7675,37
7676,37
7677,37
7678,37
7679,37
7680,37
7681,37
7682,37
7683,37
7684,37
7685,37
7686,37
7687,37
7688,37
7689,37
7690,37
7691,37
7692,37
7693,37
7694,37
7695,37
7696,37
7697,37
7698,37
7699,37
7700,37
7701,37
7702,37
7703,37
7704,37
7705,37
7706,37
7707,37
7708,37
7709,37
7710,37
7711,37
7712,37
7713,37
7714,37
7715,37
7716,37
7717,37
7718,37
7719,37
7720,37
7721,37
7722,37
7723,37
7724,37
7725,37
7726,37
7727,37
7728,37
7729,37
7730,37
7731,37
7732,37
7733,37
7734,37
7735,37
7736,37
7737,37
7738,37
7739,37
7740,37
7741,37
7742,37
7743,37
7744,37
7745,37
7746,37
7747,37
7748,37
7749,37
7750,37
7751,37
7752,37
7753,37
7754,37
7755,37
7756,37
7757,37
7758,37
7759,37
7760,37
7761,37
7762,37
7763,37
7764,37
7765,37
7766,37
7767,37
7768,37
7769,37
7770,37
7771,37
7772,37
7773,37
7774,37
7775,37
7776,37
7777,37
7778,37
7779,37
7780,37
7781,37
7782,37
7783,37
7784,37
7785,37
7786,37
7787,37
7788,37
7789,37
7790,37
7791,37
7792,37
7793,37
7794,37
7795,37
7796,37
7797,37
7798,37
7799,37
7800,37
7801,37
7802,37
7803,37
7804,37
7805,37
7806,37
7807,37
7808,37
7809,37
7810,37
7811,37
7812,37
7813,37
7814,37
7815,37
7816,37
7817,37
7818,37
7819,37
7820,37
7821,37
7822,37
7823,37
7824,37
7825,37
7826,37
7827,37
7828,37
7829,37
7830,37
7831,37
7832,37
7833,37
7834,37
7835,37
7836,37
7837,37
7838,37
7839,37
7840,37
7841,37
7842,37
7843,37
7844,37
7845,37
7846,37
7847,37
7848,37
7849,37
7850,37
7851,37
7852,37
7853,37
7854,37
7855,37
7856,37
7857,37
7858,37
7859,37
7860,37
7861,37
7862,37
7863,37
7864,37
7865,37
7866,37
7867,37
7868,37
7869,37
7870,37
7871,37
7872,37
7873,37
7874,37
7875,37
7876,37
7877,37
7878,37
7879,37
7880,37
7881,37
7882,37
7883,37
7884,37
7885,37
7886,37
7887,37
7888,37
7889,37
7890,37
7891,37
7892,37
7893,37
7894,37
7895,37
7896,37
7897,37
7898,37
7899,37
7900,37
7901,37
7902,37
7903,37
7904,37
7905,37
7906,37
7907,37
7908,37
7909,37
7910,37
7911,37
7912,37
7913,37
7914,37
7915,37
7916,37
7917,37
7918,37
7919,37
7920,37
7921,37
7922,37
7923,37
7924,37
7925,37
7926,37
7927,37
7928,37
7929,37
7930,37
7931,37
7932,37
7933,37
7934,37
7935,37
7936,37
7937,37
7938,37
7939,37
7940,37
7941,37
7942,37
7943,37
7944,37
7945,37
7946,37
7947,37
7948,37
7949,37
7950,37
7951,37
7952,37
7953,37
7954,37
7955,37
7956,37
7957,37
7958,37
7959,37
7960,37
7961,37
7962,37
7963,37
7964,37
7965,37
7966,37
7967,37
7968,37
7969,37
7970,37
7971,37
7972,37
7973,37
7974,37
7975,37
7976,37
7977,37
7978,37
7979,37
7980,37
7981,37
7982,37
7983,37
7984,37
7985,37
7986,37
7987,37
7988,37
7989,37
7990,37
7991,37
7992,37
7993,37
7994,37
7995,37
7996,37
7997,37
7998,37
7999,37
8000,37
8001,37
8002,37
8003,37
8004,37
8005,37
8006,37
8007,37
8008,37
8009,37
8010,37
8011,37
8012,37
8013,37
8014,37
8015,37
8016,37
8017,37
8018,37
8019,37
8020,37
8021,37
8022,37
8023,37
8024,37
8025,37
8026,37
8027,37
8028,37
8029,37
8030,37
8031,37
8032,37
8033,37
8034,37
8035,37
8036,37
8037,37
8038,37
8039,37
8040,37
8041,37
8042,37
8043,37
8044,37
8045,37
8046,37
8047,37
8048,37
8049,37
8050,37
8051,37
8052,37
8053,37
8054,37
8055,37
8056,37
8057,37
8058,37
8059,37
8060,37
8061,37
8062,37
8063,37
8064,37
8065,37
8066,37
8067,37
8068,37
8069,37
8070,37
8071,37
8072,37
8073,37
8074,37
8075,37
8076,37
8077,37
8078,37
8079,37
8080,37
8081,37
8082,37
8083,37
8084,37
8085,37
8086,37
8087,37
8088,37
8089,37
8090,37
8091,37
8092,37
8093,37
8094,37
8095,37
8096,37
8097,37
8098,37
8099,37
8100,37
8101,37
8102,37
8103,37
8104,37
8105,37
8106,37
8107,37
8108,37
8109,37
8110,37
8111,37
8112,37
8113,37
8114,37
8115,37
8116,37
8117,37
8118,37
8119,37
8120,37
8121,37
8122,37
8123,37
8124,37
8125,37
8126,37
8127,37
8128,37
8129,37
8130,37
8131,37
8132,37
8133,37
8134,37
8135,37
8136,37
8137,37
8138,37
8139,37
8140,37
8141,37
8142,37
8143,37
8144,37
8145,37
8146,37
8147,37
8148,37
8149,37
8150,37
8151,37
8152,37
8153,37
8154,37
8155,37
8156,37
8157,37
8158,36
8159,36
8160,36
8161,36
8162,36
8163,36
8164,36
8165,36
8166,36
8167,36
8168,36
8169,36
8170,36
8171,36
8172,36
8173,36
8174,36
8175,36
8176,36
8177,36
8178,36
8179,36
8180,36
8181,36
8182,36
8183,36
8184,36
8185,36
8186,36
8187,36
8188,36
8189,35
8190,35
8191,35
8192,35
8193,34
8194,34
8195,34
8196,34
8197,34
8198,34
8199,34
8200,34
8201,33
8202,33
8203,33
8204,33
8205,33
8206,33
8207,33
8208,33
8209,33
8210,33
8211,33
8212,33
8213,33
8214,33
8215,33
8216,32
8217,32
8218,32
8219,31
8220,30
8221,30
8222,29
8223,29
8224,28
8225,28
8226,28
8227,28
8228,27
8229,27
8230,26
8231,26
8232,25
8233,25
8234,24
8235,23
8236,22
8237,21
8238,19
8239,18
8240,16
8241,15
8242,15
8243,11
8244,10
8245,9
8246,7
8247,5
8248,4
8249,3
8250,2
8251,1
