,pso
0,300
1,300
2,300
3,300
4,300
5,300
6,300
7,300
8,300
9,300
10,300
11,300
12,300
13,300
14,300
15,300
16,300
17,300
18,300
19,300
20,300
21,300
22,300
23,300
24,300
25,300
26,300
27,300
28,300
29,300
30,300
31,300
32,300
33,300
34,300
35,300
36,300
37,300
38,300
39,300
40,300
41,300
42,300
43,300
44,300
45,300
46,300
47,300
48,300
49,300
50,300
51,300
52,300
53,300
54,300
55,300
56,300
57,300
58,300
59,300
60,300
61,300
62,300
63,300
64,300
65,300
66,300
67,300
68,300
69,300
70,300
71,300
72,300
73,300
74,300
75,300
76,300
77,300
78,300
79,300
80,300
81,300
82,300
83,300
84,300
85,300
86,300
87,300
88,300
89,300
90,300
91,300
92,300
93,300
94,300
95,300
96,300
97,300
98,300
99,300
100,300
101,300
102,300
103,300
104,300
105,300
106,300
107,300
108,300
109,300
110,300
111,300
112,300
113,300
114,300
115,300
116,300
117,300
118,300
119,300
120,300
121,300
122,300
123,300
124,300
125,300
126,300
127,300
128,300
129,300
130,300
131,300
132,300
133,300
134,300
135,300
136,300
137,300
138,300
139,300
140,300
141,300
142,300
143,300
144,300
145,300
146,300
147,300
148,300
149,300
150,300
151,300
152,300
153,300
154,300
155,300
156,300
157,300
158,300
159,300
160,300
161,300
162,300
163,300
164,300
165,300
166,300
167,300
168,300
169,300
170,300
171,300
172,300
173,300
174,300
175,300
176,300
177,300
178,300
179,300
180,300
181,300
182,300
183,300
184,300
185,300
186,300
187,300
188,300
189,300
190,300
191,300
192,300
193,300
194,300
195,300
196,300
197,300
198,300
199,300
200,300
201,300
202,300
203,300
204,300
205,300
206,300
207,300
208,300
209,300
210,300
211,300
212,300
213,300
214,300
215,300
216,300
217,300
218,300
219,300
220,300
221,300
222,300
223,300
224,300
225,300
226,300
227,300
228,300
229,300
230,300
231,300
232,300
233,300
234,300
235,300
236,300
237,300
238,300
239,300
240,300
241,300
242,300
243,300
244,300
245,300
246,300
247,300
248,300
249,300
250,300
251,300
252,300
253,300
254,300
255,300
256,300
257,300
258,300
259,300
260,300
261,300
262,300
263,300
264,300
265,300
266,300
267,300
268,300
269,300
270,300
271,300
272,300
273,300
274,300
275,300
276,300
277,300
278,300
279,300
280,300
281,300
282,300
283,300
284,300
285,300
286,300
287,300
288,300
289,300
290,300
291,300
292,300
293,300
294,300
295,300
296,300
297,300
298,300
299,300
300,300
301,300
302,300
303,300
304,300
305,300
306,300
307,300
308,300
309,300
310,300
311,300
312,300
313,300
314,300
315,300
316,300
317,300
318,300
319,300
320,300
321,300
322,300
323,300
324,300
325,300
326,300
327,300
328,300
329,300
330,300
331,300
332,300
333,300
334,300
335,300
336,300
337,300
338,300
339,300
340,300
341,300
342,300
343,300
344,300
345,300
346,300
347,300
348,300
349,300
350,300
351,300
352,300
353,300
354,300
355,300
356,300
357,300
358,300
359,300
360,300
361,300
362,300
363,300
364,300
365,300
366,300
367,300
368,300
369,300
370,300
371,300
372,300
373,300
374,300
375,300
376,300
377,300
378,300
379,300
380,300
381,300
382,300
383,300
384,300
385,300
386,300
387,300
388,300
389,300
390,300
391,300
392,300
393,300
394,300
395,300
396,300
397,300
398,300
399,300
400,300
401,300
402,300
403,300
404,300
405,300
406,300
407,300
408,300
409,300
410,300
411,300
412,300
413,300
414,300
415,300
416,300
417,300
418,300
419,300
420,300
421,300
422,300
423,300
424,300
425,300
426,300
427,300
428,300
429,300
430,300
431,300
432,300
433,300
434,300
435,300
436,300
437,300
438,300
439,300
440,300
441,300
442,300
443,300
444,300
445,300
446,300
447,300
448,300
449,300
450,300
451,300
452,300
453,300
454,300
455,300
456,300
457,300
458,300
459,300
460,300
461,300
462,300
463,300
464,300
465,300
466,300
467,300
468,300
469,300
470,300
471,300
472,300
473,300
474,300
475,300
476,300
477,300
478,300
479,300
480,300
481,300
482,300
483,300
484,300
485,300
486,300
487,300
488,300
489,300
490,300
491,300
492,300
493,300
494,300
495,300
496,300
497,300
498,300
499,300
500,300
501,300
502,300
503,300
504,300
505,300
506,300
507,300
508,300
509,300
510,300
511,300
512,300
513,300
514,300
515,300
516,300
517,300
518,300
519,300
520,300
521,300
522,300
523,300
524,300
525,300
526,300
527,300
528,300
529,300
530,300
531,300
532,300
533,300
534,300
535,300
536,300
537,300
538,300
539,300
540,300
541,300
542,300
543,300
544,300
545,300
546,300
547,300
548,300
549,300
550,300
551,300
552,300
553,300
554,300
555,300
556,300
557,300
558,300
559,300
560,300
561,300
562,300
563,300
564,300
565,300
566,300
567,300
568,300
569,300
570,300
571,300
572,300
573,300
574,300
575,300
576,300
577,300
578,300
579,300
580,300
581,300
582,300
583,300
584,300
585,300
586,300
587,300
588,300
589,300
590,300
591,300
592,300
593,300
594,300
595,300
596,300
597,300
598,300
599,300
600,300
601,300
602,300
603,300
604,300
605,300
606,300
607,300
608,300
609,300
610,300
611,300
612,300
613,300
614,300
615,300
616,300
617,300
618,300
619,300
620,300
621,300
622,300
623,300
624,300
625,300
626,300
627,300
628,300
629,300
630,300
631,300
632,300
633,300
634,300
635,300
636,300
637,300
638,300
639,300
640,300
641,300
642,300
643,300
644,300
645,300
646,300
647,300
648,300
649,300
650,300
651,300
652,300
653,300
654,300
655,300
656,300
657,300
658,300
659,300
660,300
661,300
662,300
663,300
664,300
665,300
666,300
667,300
668,300
669,300
670,300
671,300
672,300
673,300
674,300
675,300
676,300
677,300
678,300
679,300
680,300
681,300
682,300
683,300
684,300
685,300
686,300
687,300
688,300
689,300
690,300
691,300
692,300
693,300
694,300
695,300
696,300
697,300
698,300
699,300
700,300
701,300
702,300
703,300
704,300
705,300
706,300
707,300
708,300
709,300
710,300
711,300
712,300
713,300
714,300
715,300
716,300
717,300
718,300
719,300
720,300
721,300
722,300
723,300
724,300
725,300
726,300
727,300
728,300
729,300
730,300
731,300
732,300
733,300
734,300
735,300
736,300
737,300
738,300
739,300
740,300
741,300
742,300
743,300
744,300
745,300
746,300
747,300
748,300
749,300
750,300
751,300
752,300
753,300
754,300
755,300
756,300
757,300
758,300
759,300
760,300
761,300
762,300
763,300
764,300
765,300
766,300
767,300
768,300
769,300
770,300
771,300
772,300
773,300
774,300
775,300
776,300
777,300
778,300
779,300
780,300
781,300
782,300
783,300
784,300
785,300
786,300
787,300
788,300
789,300
790,300
791,300
792,300
793,300
794,300
795,300
796,300
797,300
798,300
799,300
800,300
801,300
802,300
803,300
804,300
805,300
806,300
807,300
808,300
809,300
810,300
811,300
812,300
813,300
814,300
815,300
816,300
817,300
818,300
819,300
820,300
821,300
822,300
823,300
824,300
825,300
826,300
827,300
828,300
829,300
830,300
831,300
832,300
833,300
834,300
835,300
836,300
837,300
838,300
839,300
840,300
841,300
842,300
843,300
844,300
845,300
846,300
847,300
848,300
849,300
850,300
851,300
852,300
853,300
854,300
855,300
856,300
857,300
858,300
859,300
860,300
861,300
862,300
863,300
864,300
865,300
866,300
867,300
868,300
869,300
870,300
871,300
872,300
873,300
874,300
875,300
876,300
877,300
878,300
879,300
880,300
881,300
882,300
883,300
884,300
885,300
886,300
887,300
888,300
889,300
890,300
891,300
892,300
893,300
894,300
895,300
896,300
897,300
898,300
899,300
900,300
901,300
902,300
903,300
904,300
905,300
906,300
907,300
908,300
909,300
910,300
911,300
912,300
913,300
914,300
915,300
916,300
917,300
918,300
919,300
920,300
921,300
922,300
923,300
924,300
925,300
926,300
927,300
928,300
929,300
930,300
931,300
932,300
933,300
934,300
935,300
936,300
937,300
938,300
939,300
940,300
941,300
942,300
943,300
944,300
945,300
946,300
947,300
948,300
949,300
950,300
951,300
952,300
953,300
954,300
955,300
956,300
957,300
958,300
959,300
960,300
961,300
962,300
963,300
964,300
965,300
966,300
967,300
968,300
969,300
970,300
971,300
972,300
973,300
974,300
975,300
976,300
977,300
978,300
979,300
980,300
981,300
982,300
983,300
984,300
985,300
986,300
987,300
988,300
989,300
990,300
991,300
992,300
993,300
994,300
995,300
996,300
997,300
998,300
999,300
1000,300
1001,300
1002,300
1003,300
1004,300
1005,300
1006,300
1007,300
1008,300
1009,300
1010,300
1011,300
1012,300
1013,300
1014,300
1015,300
1016,300
1017,300
1018,300
1019,300
1020,300
1021,300
1022,300
1023,300
1024,300
1025,300
1026,300
1027,300
1028,300
1029,300
1030,300
1031,300
1032,300
1033,300
1034,300
1035,300
1036,300
1037,300
1038,300
1039,300
1040,300
1041,300
1042,300
1043,300
1044,300
1045,300
1046,300
1047,300
1048,300
1049,300
1050,300
1051,300
1052,300
1053,300
1054,300
1055,300
1056,300
1057,300
1058,300
1059,300
1060,300
1061,300
1062,300
1063,300
1064,300
1065,300
1066,300
1067,300
1068,300
1069,300
1070,300
1071,300
1072,300
1073,300
1074,300
1075,300
1076,300
1077,300
1078,300
1079,300
1080,300
1081,300
1082,300
1083,300
1084,300
1085,300
1086,300
1087,300
1088,300
1089,300
1090,300
1091,300
1092,300
1093,300
1094,300
1095,300
1096,300
1097,300
1098,300
1099,300
1100,300
1101,300
1102,300
1103,300
1104,300
1105,300
1106,300
1107,300
1108,300
1109,300
1110,300
1111,300
1112,300
1113,300
1114,300
1115,300
1116,300
1117,300
1118,300
1119,300
1120,300
1121,300
1122,300
1123,300
1124,300
1125,300
1126,300
1127,300
1128,300
1129,300
1130,300
1131,300
1132,300
1133,300
1134,300
1135,300
1136,300
1137,300
1138,300
1139,300
1140,300
1141,300
1142,300
1143,300
1144,300
1145,300
1146,300
1147,300
1148,300
1149,300
1150,300
1151,300
1152,300
1153,300
1154,300
1155,300
1156,300
1157,300
1158,300
1159,300
1160,300
1161,300
1162,300
1163,300
1164,300
1165,300
1166,300
1167,300
1168,300
1169,300
1170,300
1171,300
1172,300
1173,300
1174,300
1175,300
1176,300
1177,300
1178,300
1179,300
1180,300
1181,300
1182,300
1183,300
1184,300
1185,300
1186,300
1187,300
1188,300
1189,300
1190,300
1191,300
1192,300
1193,300
1194,300
1195,300
1196,300
1197,300
1198,300
1199,299
1200,299
1201,299
1202,299
1203,299
1204,299
1205,299
1206,299
1207,299
1208,299
1209,299
1210,299
1211,299
1212,299
1213,299
1214,299
1215,299
1216,299
1217,299
1218,299
1219,299
1220,299
1221,299
1222,299
1223,299
1224,299
1225,299
1226,299
1227,299
1228,299
1229,299
1230,299
1231,299
1232,299
1233,299
1234,299
1235,299
1236,299
1237,299
1238,299
1239,299
1240,299
1241,299
1242,299
1243,299
1244,299
1245,299
1246,299
1247,299
1248,299
1249,299
1250,299
1251,299
1252,299
1253,299
1254,299
1255,299
1256,299
1257,299
1258,299
1259,299
1260,299
1261,299
1262,299
1263,299
1264,299
1265,299
1266,299
1267,299
1268,299
1269,299
1270,299
1271,299
1272,299
1273,299
1274,299
1275,299
1276,299
1277,299
1278,299
1279,299
1280,299
1281,299
1282,299
1283,299
1284,299
1285,299
1286,299
1287,299
1288,299
1289,299
1290,299
1291,299
1292,299
1293,299
1294,299
1295,299
1296,299
1297,299
1298,299
1299,299
1300,299
1301,299
1302,299
1303,299
1304,299
1305,299
1306,299
1307,299
1308,299
1309,299
1310,299
1311,299
1312,299
1313,299
1314,299
1315,299
1316,299
1317,299
1318,299
1319,299
1320,299
1321,299
1322,299
1323,299
1324,299
1325,299
1326,299
1327,299
1328,299
1329,299
1330,299
1331,299
1332,299
1333,299
1334,299
1335,299
1336,299
1337,299
1338,299
1339,299
1340,299
1341,299
1342,299
1343,299
1344,299
1345,299
1346,299
1347,299
1348,299
1349,299
1350,299
1351,299
1352,299
1353,299
1354,299
1355,299
1356,299
1357,299
1358,299
1359,299
1360,299
1361,299
1362,299
1363,299
1364,299
1365,299
1366,299
1367,299
1368,299
1369,299
1370,299
1371,299
1372,299
1373,299
1374,299
1375,299
1376,299
1377,299
1378,299
1379,299
1380,299
1381,299
1382,299
1383,299
1384,299
1385,299
1386,299
1387,299
1388,299
1389,299
1390,299
1391,299
1392,299
1393,299
1394,299
1395,299
1396,299
1397,299
1398,299
1399,299
1400,299
1401,299
1402,299
1403,299
1404,299
1405,299
1406,299
1407,299
1408,299
1409,299
1410,299
1411,299
1412,299
1413,299
1414,299
1415,299
1416,299
1417,299
1418,299
1419,299
1420,299
1421,299
1422,299
1423,299
1424,299
1425,299
1426,299
1427,299
1428,299
1429,299
1430,299
1431,299
1432,299
1433,299
1434,299
1435,299
1436,299
1437,299
1438,299
1439,299
1440,299
1441,299
1442,299
1443,299
1444,299
1445,299
1446,299
1447,299
1448,299
1449,299
1450,299
1451,299
1452,299
1453,299
1454,299
1455,299
1456,299
1457,299
1458,299
1459,299
1460,299
1461,299
1462,299
1463,299
1464,299
1465,299
1466,299
1467,299
1468,299
1469,299
1470,299
1471,299
1472,299
1473,299
1474,299
1475,299
1476,299
1477,299
1478,299
1479,299
1480,299
1481,299
1482,299
1483,299
1484,299
1485,299
1486,299
1487,299
1488,299
1489,299
1490,299
1491,299
1492,299
1493,299
1494,299
1495,299
1496,299
1497,299
1498,299
1499,299
1500,299
1501,299
1502,299
1503,299
1504,299
1505,299
1506,299
1507,299
1508,299
1509,299
1510,299
1511,299
1512,299
1513,299
1514,299
1515,299
1516,299
1517,299
1518,299
1519,299
1520,299
1521,299
1522,299
1523,299
1524,299
1525,299
1526,299
1527,299
1528,299
1529,299
1530,299
1531,299
1532,299
1533,299
1534,299
1535,299
1536,299
1537,299
1538,299
1539,299
1540,299
1541,299
1542,299
1543,299
1544,299
1545,299
1546,299
1547,299
1548,299
1549,299
1550,299
1551,299
1552,299
1553,299
1554,299
1555,299
1556,299
1557,299
1558,299
1559,299
1560,299
1561,299
1562,299
1563,299
1564,299
1565,299
1566,299
1567,299
1568,299
1569,299
1570,299
1571,299
1572,299
1573,299
1574,299
1575,299
1576,299
1577,299
1578,299
1579,299
1580,299
1581,299
1582,299
1583,299
1584,299
1585,299
1586,299
1587,299
1588,299
1589,299
1590,299
1591,299
1592,299
1593,299
1594,299
1595,299
1596,299
1597,299
1598,299
1599,299
1600,299
1601,299
1602,299
1603,299
1604,299
1605,299
1606,299
1607,299
1608,299
1609,299
1610,299
1611,299
1612,299
1613,299
1614,299
1615,299
1616,299
1617,299
1618,299
1619,299
1620,299
1621,299
1622,299
1623,299
1624,299
1625,299
1626,299
1627,299
1628,299
1629,299
1630,299
1631,299
1632,299
1633,299
1634,299
1635,299
1636,299
1637,299
1638,299
1639,299
1640,299
1641,299
1642,299
1643,299
1644,299
1645,299
1646,299
1647,299
1648,299
1649,299
1650,299
1651,299
1652,299
1653,299
1654,299
1655,299
1656,299
1657,299
1658,299
1659,299
1660,299
1661,299
1662,299
1663,299
1664,299
1665,299
1666,299
1667,299
1668,299
1669,299
1670,299
1671,299
1672,299
1673,299
1674,299
1675,299
1676,299
1677,299
1678,299
1679,299
1680,299
1681,299
1682,299
1683,299
1684,299
1685,299
1686,299
1687,299
1688,299
1689,299
1690,299
1691,299
1692,299
1693,299
1694,299
1695,299
1696,299
1697,299
1698,299
1699,299
1700,299
1701,299
1702,299
1703,299
1704,299
1705,299
1706,299
1707,299
1708,299
1709,299
1710,299
1711,299
1712,299
1713,299
1714,299
1715,299
1716,299
1717,299
1718,299
1719,299
1720,299
1721,299
1722,299
1723,299
1724,299
1725,299
1726,299
1727,299
1728,299
1729,299
1730,299
1731,299
1732,299
1733,299
1734,299
1735,299
1736,299
1737,299
1738,299
1739,299
1740,299
1741,299
1742,299
1743,299
1744,299
1745,299
1746,299
1747,299
1748,299
1749,299
1750,299
1751,299
1752,299
1753,299
1754,299
1755,299
1756,299
1757,299
1758,299
1759,299
1760,299
1761,299
1762,299
1763,299
1764,299
1765,299
1766,299
1767,299
1768,299
1769,299
1770,299
1771,299
1772,299
1773,299
1774,299
1775,299
1776,299
1777,299
1778,299
1779,299
1780,299
1781,299
1782,299
1783,299
1784,299
1785,299
1786,299
1787,299
1788,299
1789,299
1790,299
1791,299
1792,299
1793,299
1794,299
1795,299
1796,299
1797,299
1798,299
1799,299
1800,299
1801,299
1802,299
1803,299
1804,299
1805,299
1806,299
1807,299
1808,299
1809,299
1810,299
1811,299
1812,299
1813,299
1814,299
1815,299
1816,299
1817,299
1818,299
1819,299
1820,299
1821,299
1822,299
1823,299
1824,299
1825,299
1826,299
1827,299
1828,299
1829,299
1830,299
1831,299
1832,299
1833,299
1834,299
1835,299
1836,299
1837,299
1838,299
1839,299
1840,299
1841,299
1842,299
1843,299
1844,299
1845,299
1846,299
1847,299
1848,299
1849,299
1850,299
1851,299
1852,299
1853,299
1854,299
1855,299
1856,299
1857,299
1858,299
1859,299
1860,299
1861,299
1862,299
1863,299
1864,299
1865,299
1866,299
1867,299
1868,299
1869,299
1870,299
1871,299
1872,299
1873,299
1874,299
1875,299
1876,299
1877,299
1878,299
1879,299
1880,299
1881,299
1882,299
1883,299
1884,299
1885,299
1886,299
1887,299
1888,299
1889,299
1890,299
1891,299
1892,299
1893,299
1894,299
1895,299
1896,299
1897,299
1898,299
1899,299
1900,299
1901,299
1902,299
1903,299
1904,299
1905,299
1906,299
1907,299
1908,299
1909,299
1910,299
1911,299
1912,299
1913,299
1914,299
1915,299
1916,299
1917,299
1918,299
1919,299
1920,299
1921,299
1922,299
1923,299
1924,299
1925,299
1926,299
1927,299
1928,299
1929,299
1930,299
1931,299
1932,299
1933,299
1934,299
1935,299
1936,299
1937,299
1938,299
1939,299
1940,299
1941,299
1942,299
1943,299
1944,299
1945,299
1946,299
1947,299
1948,299
1949,299
1950,299
1951,299
1952,299
1953,299
1954,299
1955,299
1956,299
1957,299
1958,299
1959,298
1960,298
1961,298
1962,298
1963,298
1964,298
1965,298
1966,298
1967,298
1968,298
1969,298
1970,298
1971,298
1972,298
1973,298
1974,298
1975,298
1976,298
1977,298
1978,298
1979,298
1980,298
1981,298
1982,298
1983,298
1984,298
1985,298
1986,298
1987,298
1988,298
1989,298
1990,298
1991,298
1992,298
1993,298
1994,298
1995,298
1996,298
1997,298
1998,298
1999,298
2000,297
2001,297
2002,297
2003,297
2004,297
2005,297
2006,297
2007,297
2008,297
2009,297
2010,297
2011,297
2012,297
2013,297
2014,297
2015,297
2016,297
2017,297
2018,297
2019,297
2020,297
2021,297
2022,297
2023,297
2024,297
2025,297
2026,297
2027,297
2028,297
2029,297
2030,297
2031,297
2032,297
2033,297
2034,297
2035,297
2036,297
2037,297
2038,297
2039,297
2040,297
2041,297
2042,297
2043,297
2044,297
2045,297
2046,297
2047,297
2048,297
2049,297
2050,297
2051,297
2052,297
2053,297
2054,297
2055,297
2056,297
2057,297
2058,297
2059,297
2060,297
2061,297
2062,297
2063,297
2064,297
2065,297
2066,297
2067,297
2068,297
2069,297
2070,297
2071,297
2072,297
2073,297
2074,297
2075,297
2076,297
2077,297
2078,297
2079,297
2080,297
2081,297
2082,297
2083,297
2084,297
2085,297
2086,297
2087,297
2088,297
2089,297
2090,297
2091,297
2092,297
2093,297
2094,297
2095,297
2096,297
2097,297
2098,297
2099,297
2100,297
2101,297
2102,297
2103,297
2104,297
2105,297
2106,297
2107,297
2108,297
2109,297
2110,297
2111,297
2112,297
2113,297
2114,297
2115,297
2116,297
2117,297
2118,297
2119,297
2120,297
2121,297
2122,297
2123,297
2124,296
2125,296
2126,296
2127,296
2128,296
2129,296
2130,296
2131,296
2132,296
2133,296
2134,296
2135,296
2136,296
2137,296
2138,296
2139,296
2140,296
2141,296
2142,296
2143,296
2144,296
2145,296
2146,296
2147,296
2148,296
2149,296
2150,296
2151,296
2152,296
2153,296
2154,296
2155,296
2156,296
2157,296
2158,295
2159,294
2160,293
2161,293
2162,293
2163,293
2164,293
2165,293
2166,293
2167,292
2168,292
2169,292
2170,291
2171,291
2172,291
2173,290
2174,290
2175,290
2176,289
2177,288
2178,287
2179,287
2180,287
2181,286
2182,285
2183,284
2184,284
2185,282
2186,281
2187,280
2188,278
2189,277
2190,277
2191,277
2192,276
2193,275
2194,275
2195,274
2196,272
2197,272
2198,270
2199,268
2200,268
2201,267
2202,266
2203,265
2204,264
2205,263
2206,262
2207,260
2208,259
2209,258
2210,257
2211,256
2212,255
2213,252
2214,251
2215,250
2216,247
2217,246
2218,245
2219,244
2220,243
2221,242
2222,242
2223,242
2224,242
2225,242
2226,242
2227,242
2228,242
2229,242
2230,242
2231,242
2232,242
2233,242
2234,242
2235,242
2236,242
2237,242
2238,242
2239,242
2240,242
2241,242
2242,242
2243,242
2244,242
2245,242
2246,242
2247,242
2248,242
2249,242
2250,242
2251,242
2252,242
2253,242
2254,242
2255,242
2256,242
2257,242
2258,242
2259,242
2260,242
2261,242
2262,242
2263,242
2264,242
2265,242
2266,242
2267,242
2268,242
2269,242
2270,242
2271,242
2272,242
2273,242
2274,242
2275,242
2276,242
2277,242
2278,242
2279,242
2280,242
2281,242
2282,242
2283,242
2284,242
2285,242
2286,241
2287,241
2288,241
2289,241
2290,241
2291,241
2292,241
2293,241
2294,241
2295,241
2296,241
2297,241
2298,241
2299,241
2300,241
2301,241
2302,241
2303,241
2304,241
2305,241
2306,241
2307,241
2308,241
2309,241
2310,241
2311,241
2312,241
2313,241
2314,241
2315,241
2316,241
2317,241
2318,241
2319,241
2320,241
2321,241
2322,241
2323,241
2324,241
2325,241
2326,241
2327,241
2328,241
2329,241
2330,241
2331,241
2332,241
2333,241
2334,241
2335,241
2336,241
2337,241
2338,241
2339,241
2340,241
2341,241
2342,241
2343,241
2344,241
2345,241
2346,241
2347,241
2348,241
2349,241
2350,241
2351,241
2352,241
2353,241
2354,241
2355,241
2356,241
2357,241
2358,241
2359,241
2360,241
2361,241
2362,241
2363,241
2364,241
2365,241
2366,241
2367,241
2368,241
2369,241
2370,240
2371,240
2372,240
2373,240
2374,240
2375,240
2376,240
2377,240
2378,240
2379,240
2380,240
2381,240
2382,240
2383,240
2384,240
2385,240
2386,240
2387,240
2388,240
2389,240
2390,240
2391,240
2392,240
2393,240
2394,240
2395,240
2396,240
2397,240
2398,240
2399,240
2400,240
2401,240
2402,240
2403,240
2404,240
2405,240
2406,240
2407,240
2408,240
2409,240
2410,240
2411,240
2412,240
2413,240
2414,240
2415,240
2416,240
2417,240
2418,240
2419,240
2420,240
2421,240
2422,240
2423,240
2424,240
2425,240
2426,240
2427,240
2428,240
2429,240
2430,240
2431,240
2432,240
2433,240
2434,240
2435,240
2436,240
2437,240
2438,240
2439,240
2440,240
2441,240
2442,240
2443,240
2444,240
2445,240
2446,240
2447,240
2448,240
2449,240
2450,240
2451,240
2452,240
2453,240
2454,240
2455,240
2456,240
2457,240
2458,240
2459,240
2460,240
2461,240
2462,240
2463,240
2464,240
2465,240
2466,240
2467,240
2468,240
2469,240
2470,240
2471,240
2472,240
2473,240
2474,240
2475,240
2476,240
2477,240
2478,240
2479,240
2480,240
2481,240
2482,240
2483,240
2484,240
2485,240
2486,240
2487,240
2488,240
2489,240
2490,240
2491,240
2492,240
2493,240
2494,240
2495,240
2496,240
2497,240
2498,240
2499,240
2500,240
2501,240
2502,240
2503,240
2504,239
2505,239
2506,239
2507,239
2508,239
2509,239
2510,239
2511,239
2512,238
2513,238
2514,237
2515,237
2516,237
2517,236
2518,236
2519,236
2520,236
2521,236
2522,236
2523,235
2524,235
2525,235
2526,235
2527,235
2528,235
2529,235
2530,235
2531,235
2532,235
2533,235
2534,234
2535,234
2536,233
2537,232
2538,232
2539,232
2540,232
2541,232
2542,232
2543,231
2544,229
2545,229
2546,229
2547,228
2548,228
2549,227
2550,226
2551,226
2552,226
2553,224
2554,223
2555,223
2556,221
2557,220
2558,219
2559,218
2560,216
2561,214
2562,212
2563,211
2564,210
2565,209
2566,208
2567,207
2568,204
2569,203
2570,201
2571,200
2572,199
2573,197
2574,196
2575,195
2576,194
2577,193
2578,192
2579,191
2580,190
2581,189
2582,187
2583,186
2584,185
2585,184
2586,181
2587,179
2588,177
2589,175
2590,175
2591,175
2592,175
2593,175
2594,175
2595,175
2596,175
2597,175
2598,175
2599,175
2600,175
2601,175
2602,175
2603,175
2604,175
2605,175
2606,175
2607,175
2608,175
2609,175
2610,175
2611,175
2612,175
2613,175
2614,175
2615,175
2616,175
2617,175
2618,175
2619,175
2620,175
2621,175
2622,175
2623,175
2624,175
2625,175
2626,175
2627,175
2628,175
2629,175
2630,175
2631,175
2632,175
2633,175
2634,175
2635,175
2636,175
2637,175
2638,175
2639,175
2640,175
2641,175
2642,175
2643,175
2644,175
2645,175
2646,175
2647,175
2648,175
2649,175
2650,175
2651,175
2652,175
2653,175
2654,175
2655,175
2656,175
2657,175
2658,175
2659,175
2660,175
2661,175
2662,175
2663,175
2664,175
2665,175
2666,175
2667,175
2668,175
2669,175
2670,175
2671,175
2672,175
2673,175
2674,175
2675,175
2676,175
2677,175
2678,175
2679,175
2680,175
2681,175
2682,175
2683,175
2684,175
2685,175
2686,175
2687,175
2688,175
2689,175
2690,175
2691,175
2692,175
2693,175
2694,175
2695,175
2696,175
2697,175
2698,175
2699,175
2700,175
2701,175
2702,175
2703,175
2704,175
2705,175
2706,175
2707,175
2708,175
2709,175
2710,175
2711,175
2712,175
2713,175
2714,175
2715,175
2716,175
2717,175
2718,175
2719,175
2720,175
2721,175
2722,175
2723,175
2724,175
2725,175
2726,175
2727,175
2728,175
2729,175
2730,175
2731,175
2732,175
2733,175
2734,175
2735,175
2736,175
2737,175
2738,175
2739,175
2740,175
2741,175
2742,175
2743,175
2744,175
2745,175
2746,174
2747,174
2748,174
2749,174
2750,174
2751,174
2752,174
2753,174
2754,174
2755,174
2756,174
2757,174
2758,174
2759,174
2760,174
2761,174
2762,174
2763,174
2764,174
2765,174
2766,174
2767,174
2768,174
2769,174
2770,174
2771,174
2772,174
2773,174
2774,174
2775,174
2776,174
2777,174
2778,174
2779,174
2780,174
2781,174
2782,174
2783,174
2784,174
2785,174
2786,174
2787,174
2788,174
2789,174
2790,174
2791,174
2792,174
2793,174
2794,174
2795,174
2796,174
2797,174
2798,174
2799,174
2800,174
2801,174
2802,174
2803,174
2804,174
2805,174
2806,174
2807,174
2808,174
2809,174
2810,174
2811,174
2812,174
2813,174
2814,174
2815,174
2816,174
2817,174
2818,174
2819,174
2820,174
2821,174
2822,174
2823,174
2824,173
2825,173
2826,173
2827,173
2828,173
2829,173
2830,173
2831,173
2832,173
2833,173
2834,173
2835,173
2836,173
2837,173
2838,173
2839,173
2840,173
2841,173
2842,173
2843,173
2844,173
2845,173
2846,173
2847,173
2848,173
2849,173
2850,173
2851,173
2852,173
2853,173
2854,173
2855,173
2856,173
2857,173
2858,173
2859,173
2860,173
2861,173
2862,173
2863,173
2864,173
2865,173
2866,173
2867,173
2868,173
2869,173
2870,173
2871,173
2872,173
2873,173
2874,173
2875,173
2876,173
2877,173
2878,173
2879,173
2880,173
2881,173
2882,173
2883,173
2884,173
2885,173
2886,173
2887,173
2888,173
2889,173
2890,173
2891,173
2892,173
2893,173
2894,173
2895,173
2896,173
2897,173
2898,173
2899,173
2900,173
2901,173
2902,173
2903,173
2904,173
2905,173
2906,172
2907,172
2908,172
2909,172
2910,172
2911,172
2912,172
2913,172
2914,172
2915,172
2916,172
2917,172
2918,172
2919,172
2920,172
2921,172
2922,172
2923,172
2924,172
2925,172
2926,172
2927,172
2928,172
2929,172
2930,172
2931,172
2932,172
2933,172
2934,172
2935,172
2936,172
2937,172
2938,172
2939,172
2940,172
2941,172
2942,172
2943,172
2944,172
2945,172
2946,172
2947,172
2948,172
2949,172
2950,172
2951,172
2952,171
2953,171
2954,171
2955,171
2956,171
2957,171
2958,171
2959,171
2960,171
2961,171
2962,171
2963,171
2964,171
2965,171
2966,170
2967,170
2968,170
2969,170
2970,170
2971,170
2972,170
2973,170
2974,170
2975,170
2976,170
2977,170
2978,170
2979,170
2980,170
2981,170
2982,170
2983,170
2984,170
2985,170
2986,170
2987,170
2988,170
2989,170
2990,170
2991,170
2992,170
2993,170
2994,170
2995,170
2996,170
2997,170
2998,170
2999,170
3000,169
3001,169
3002,169
3003,169
3004,169
3005,169
3006,169
3007,169
3008,169
3009,169
3010,169
3011,169
3012,169
3013,169
3014,169
3015,169
3016,169
3017,169
3018,169
3019,169
3020,169
3021,169
3022,169
3023,169
3024,169
3025,169
3026,169
3027,169
3028,169
3029,169
3030,169
3031,169
3032,169
3033,169
3034,169
3035,169
3036,169
3037,169
3038,169
3039,169
3040,169
3041,169
3042,169
3043,169
3044,169
3045,169
3046,169
3047,169
3048,169
3049,169
3050,169
3051,169
3052,169
3053,169
3054,169
3055,169
3056,169
3057,169
3058,169
3059,169
3060,169
3061,169
3062,169
3063,169
3064,169
3065,169
3066,169
3067,169
3068,169
3069,169
3070,169
3071,169
3072,169
3073,169
3074,169
3075,169
3076,169
3077,169
3078,169
3079,169
3080,169
3081,169
3082,169
3083,168
3084,168
3085,168
3086,168
3087,168
3088,168
3089,168
3090,168
3091,168
3092,168
3093,168
3094,168
3095,168
3096,168
3097,168
3098,168
3099,168
3100,167
3101,167
3102,167
3103,167
3104,167
3105,167
3106,167
3107,167
3108,167
3109,167
3110,167
3111,167
3112,167
3113,167
3114,167
3115,167
3116,167
3117,167
3118,166
3119,166
3120,166
3121,166
3122,166
3123,166
3124,166
3125,166
3126,166
3127,166
3128,166
3129,166
3130,166
3131,166
3132,166
3133,166
3134,166
3135,166
3136,166
3137,166
3138,166
3139,166
3140,166
3141,166
3142,166
3143,166
3144,166
3145,166
3146,166
3147,166
3148,166
3149,166
3150,165
3151,165
3152,165
3153,165
3154,165
3155,165
3156,165
3157,165
3158,165
3159,165
3160,165
3161,165
3162,165
3163,165
3164,165
3165,165
3166,165
3167,165
3168,165
3169,164
3170,164
3171,164
3172,164
3173,164
3174,164
3175,164
3176,164
3177,164
3178,164
3179,164
3180,164
3181,164
3182,164
3183,164
3184,164
3185,164
3186,164
3187,164
3188,164
3189,164
3190,164
3191,163
3192,163
3193,163
3194,163
3195,163
3196,163
3197,163
3198,163
3199,163
3200,163
3201,163
3202,163
3203,163
3204,163
3205,163
3206,163
3207,163
3208,163
3209,163
3210,163
3211,163
3212,163
3213,163
3214,163
3215,163
3216,163
3217,163
3218,163
3219,163
3220,163
3221,163
3222,163
3223,163
3224,163
3225,163
3226,163
3227,163
3228,163
3229,163
3230,163
3231,163
3232,163
3233,163
3234,163
3235,163
3236,163
3237,163
3238,163
3239,163
3240,163
3241,163
3242,163
3243,163
3244,163
3245,163
3246,163
3247,162
3248,161
3249,161
3250,161
3251,161
3252,161
3253,161
3254,161
3255,161
3256,161
3257,161
3258,161
3259,161
3260,161
3261,161
3262,161
3263,161
3264,161
3265,161
3266,161
3267,161
3268,161
3269,161
3270,161
3271,161
3272,161
3273,161
3274,161
3275,161
3276,161
3277,161
3278,161
3279,161
3280,161
3281,161
3282,161
3283,161
3284,161
3285,161
3286,161
3287,161
3288,161
3289,161
3290,161
3291,161
3292,161
3293,161
3294,161
3295,161
3296,161
3297,161
3298,161
3299,161
3300,161
3301,161
3302,161
3303,161
3304,161
3305,161
3306,161
3307,161
3308,161
3309,161
3310,161
3311,161
3312,161
3313,161
3314,161
3315,161
3316,161
3317,161
3318,161
3319,161
3320,161
3321,161
3322,161
3323,161
3324,161
3325,161
3326,161
3327,161
3328,161
3329,161
3330,161
3331,161
3332,161
3333,161
3334,161
3335,160
3336,160
3337,160
3338,160
3339,160
3340,160
3341,160
3342,160
3343,160
3344,160
3345,160
3346,160
3347,160
3348,160
3349,160
3350,160
3351,160
3352,160
3353,160
3354,160
3355,160
3356,160
3357,160
3358,160
3359,160
3360,159
3361,159
3362,159
3363,159
3364,159
3365,158
3366,158
3367,158
3368,158
3369,158
3370,158
3371,158
3372,158
3373,158
3374,158
3375,158
3376,158
3377,158
3378,158
3379,158
3380,158
3381,158
3382,158
3383,158
3384,158
3385,158
3386,158
3387,158
3388,158
3389,158
3390,158
3391,158
3392,158
3393,158
3394,158
3395,158
3396,158
3397,158
3398,158
3399,158
3400,158
3401,158
3402,158
3403,158
3404,158
3405,158
3406,158
3407,158
3408,158
3409,158
3410,158
3411,158
3412,158
3413,158
3414,158
3415,158
3416,158
3417,158
3418,158
3419,158
3420,158
3421,158
3422,158
3423,158
3424,158
3425,158
3426,158
3427,158
3428,158
3429,158
3430,158
3431,158
3432,157
3433,157
3434,157
3435,157
3436,156
3437,156
3438,156
3439,156
3440,156
3441,156
3442,156
3443,156
3444,156
3445,156
3446,156
3447,156
3448,156
3449,156
3450,156
3451,156
3452,156
3453,156
3454,156
3455,156
3456,156
3457,156
3458,156
3459,156
3460,156
3461,155
3462,155
3463,155
3464,155
3465,155
3466,155
3467,155
3468,155
3469,155
3470,155
3471,155
3472,155
3473,155
3474,154
3475,153
3476,153
3477,153
3478,153
3479,153
3480,153
3481,153
3482,153
3483,152
3484,152
3485,152
3486,152
3487,152
3488,151
3489,151
3490,151
3491,151
3492,151
3493,151
3494,151
3495,151
3496,151
3497,151
3498,151
3499,151
3500,151
3501,151
3502,151
3503,151
3504,151
3505,151
3506,151
3507,151
3508,151
3509,151
3510,151
3511,151
3512,151
3513,151
3514,151
3515,151
3516,151
3517,151
3518,150
3519,150
3520,150
3521,150
3522,150
3523,150
3524,150
3525,150
3526,150
3527,150
3528,150
3529,150
3530,150
3531,150
3532,150
3533,150
3534,150
3535,150
3536,150
3537,150
3538,150
3539,149
3540,149
3541,149
3542,149
3543,149
3544,149
3545,149
3546,149
3547,149
3548,149
3549,149
3550,149
3551,149
3552,149
3553,149
3554,149
3555,149
3556,149
3557,149
3558,149
3559,149
3560,149
3561,149
3562,149
3563,149
3564,149
3565,149
3566,149
3567,149
3568,149
3569,149
3570,149
3571,149
3572,149
3573,149
3574,149
3575,149
3576,149
3577,149
3578,149
3579,149
3580,149
3581,149
3582,149
3583,149
3584,149
3585,149
3586,149
3587,149
3588,149
3589,149
3590,149
3591,149
3592,149
3593,149
3594,149
3595,149
3596,149
3597,149
3598,149
3599,149
3600,149
3601,149
3602,149
3603,149
3604,149
3605,149
3606,149
3607,149
3608,149
3609,149
3610,149
3611,149
3612,149
3613,149
3614,149
3615,149
3616,149
3617,149
3618,149
3619,149
3620,149
3621,149
3622,149
3623,149
3624,149
3625,149
3626,149
3627,149
3628,149
3629,149
3630,149
3631,149
3632,149
3633,149
3634,149
3635,149
3636,149
3637,149
3638,149
3639,149
3640,149
3641,149
3642,149
3643,149
3644,149
3645,149
3646,149
3647,149
3648,149
3649,149
3650,149
3651,149
3652,149
3653,149
3654,149
3655,149
3656,149
3657,149
3658,149
3659,149
3660,149
3661,149
3662,149
3663,149
3664,149
3665,149
3666,149
3667,149
3668,149
3669,149
3670,149
3671,149
3672,149
3673,149
3674,149
3675,149
3676,149
3677,149
3678,149
3679,148
3680,148
3681,148
3682,148
3683,148
3684,148
3685,148
3686,148
3687,148
3688,148
3689,148
3690,148
3691,148
3692,148
3693,148
3694,148
3695,148
3696,148
3697,148
3698,148
3699,148
3700,148
3701,148
3702,148
3703,148
3704,148
3705,148
3706,148
3707,148
3708,148
3709,148
3710,148
3711,148
3712,148
3713,148
3714,148
3715,148
3716,148
3717,148
3718,148
3719,148
3720,148
3721,148
3722,148
3723,148
3724,148
3725,148
3726,148
3727,148
3728,148
3729,148
3730,148
3731,148
3732,148
3733,148
3734,148
3735,148
3736,148
3737,148
3738,148
3739,148
3740,148
3741,148
3742,147
3743,147
3744,147
3745,147
3746,147
3747,147
3748,147
3749,147
3750,147
3751,147
3752,147
3753,147
3754,147
3755,147
3756,147
3757,147
3758,147
3759,147
3760,147
3761,147
3762,147
3763,147
3764,147
3765,147
3766,147
3767,147
3768,146
3769,146
3770,146
3771,146
3772,146
3773,145
3774,145
3775,145
3776,145
3777,145
3778,145
3779,145
3780,145
3781,145
3782,145
3783,145
3784,145
3785,145
3786,145
3787,145
3788,145
3789,145
3790,145
3791,145
3792,145
3793,145
3794,145
3795,145
3796,145
3797,145
3798,145
3799,145
3800,145
3801,145
3802,145
3803,145
3804,145
3805,145
3806,145
3807,145
3808,145
3809,145
3810,145
3811,145
3812,145
3813,145
3814,145
3815,145
3816,145
3817,145
3818,145
3819,145
3820,145
3821,145
3822,145
3823,145
3824,145
3825,145
3826,145
3827,145
3828,145
3829,145
3830,145
3831,145
3832,145
3833,145
3834,145
3835,145
3836,145
3837,145
3838,145
3839,145
3840,145
3841,145
3842,145
3843,145
3844,145
3845,145
3846,145
3847,145
3848,145
3849,145
3850,145
3851,145
3852,145
3853,145
3854,145
3855,145
3856,145
3857,145
3858,145
3859,145
3860,145
3861,145
3862,145
3863,145
3864,145
3865,145
3866,145
3867,144
3868,144
3869,144
3870,144
3871,144
3872,144
3873,144
3874,144
3875,144
3876,144
3877,144
3878,144
3879,144
3880,144
3881,144
3882,144
3883,144
3884,144
3885,144
3886,144
3887,144
3888,144
3889,144
3890,144
3891,144
3892,144
3893,144
3894,144
3895,144
3896,144
3897,144
3898,144
3899,144
3900,144
3901,144
3902,144
3903,144
3904,144
3905,144
3906,144
3907,144
3908,144
3909,144
3910,143
3911,143
3912,143
3913,143
3914,143
3915,143
3916,143
3917,143
3918,143
3919,143
3920,143
3921,143
3922,143
3923,142
3924,142
3925,142
3926,141
3927,141
3928,141
3929,141
3930,141
3931,141
3932,141
3933,141
3934,141
3935,141
3936,141
3937,141
3938,141
3939,141
3940,141
3941,141
3942,141
3943,141
3944,141
3945,141
3946,141
3947,141
3948,141
3949,141
3950,141
3951,141
3952,141
3953,141
3954,141
3955,141
3956,141
3957,141
3958,141
3959,141
3960,141
3961,141
3962,141
3963,141
3964,141
3965,141
3966,141
3967,141
3968,141
3969,141
3970,141
3971,141
3972,141
3973,141
3974,141
3975,141
3976,141
3977,141
3978,141
3979,141
3980,141
3981,141
3982,141
3983,141
3984,141
3985,141
3986,141
3987,141
3988,141
3989,141
3990,141
3991,141
3992,141
3993,141
3994,141
3995,141
3996,140
3997,140
3998,140
3999,140
4000,140
4001,140
4002,140
4003,140
4004,140
4005,140
4006,140
4007,140
4008,140
4009,140
4010,140
4011,140
4012,140
4013,140
4014,140
4015,140
4016,140
4017,140
4018,140
4019,140
4020,140
4021,140
4022,140
4023,140
4024,140
4025,140
4026,140
4027,140
4028,140
4029,140
4030,140
4031,140
4032,140
4033,140
4034,140
4035,140
4036,139
4037,139
4038,139
4039,139
4040,139
4041,139
4042,139
4043,139
4044,139
4045,139
4046,139
4047,139
4048,139
4049,139
4050,139
4051,139
4052,139
4053,139
4054,139
4055,139
4056,139
4057,139
4058,139
4059,139
4060,139
4061,139
4062,139
4063,139
4064,139
4065,139
4066,139
4067,139
4068,138
4069,138
4070,138
4071,138
4072,138
4073,138
4074,138
4075,138
4076,138
4077,138
4078,138
4079,138
4080,138
4081,138
4082,138
4083,138
4084,138
4085,138
4086,138
4087,138
4088,138
4089,138
4090,138
4091,138
4092,138
4093,138
4094,138
4095,138
4096,138
4097,138
4098,138
4099,138
4100,138
4101,138
4102,138
4103,138
4104,138
4105,138
4106,138
4107,138
4108,138
4109,138
4110,138
4111,138
4112,138
4113,138
4114,138
4115,138
4116,138
4117,138
4118,138
4119,138
4120,138
4121,138
4122,138
4123,138
4124,138
4125,137
4126,137
4127,137
4128,137
4129,137
4130,137
4131,137
4132,137
4133,137
4134,137
4135,137
4136,137
4137,137
4138,137
4139,137
4140,137
4141,137
4142,137
4143,137
4144,137
4145,137
4146,137
4147,137
4148,137
4149,137
4150,136
4151,136
4152,136
4153,136
4154,135
4155,135
4156,135
4157,135
4158,135
4159,135
4160,135
4161,135
4162,135
4163,135
4164,135
4165,135
4166,135
4167,135
4168,135
4169,135
4170,135
4171,135
4172,135
4173,135
4174,135
4175,135
4176,135
4177,135
4178,135
4179,135
4180,135
4181,135
4182,135
4183,135
4184,135
4185,135
4186,135
4187,135
4188,135
4189,135
4190,135
4191,135
4192,135
4193,135
4194,135
4195,134
4196,134
4197,134
4198,134
4199,134
4200,134
4201,134
4202,134
4203,134
4204,134
4205,134
4206,134
4207,134
4208,133
4209,133
4210,133
4211,133
4212,133
4213,133
4214,133
4215,133
4216,133
4217,133
4218,133
4219,133
4220,133
4221,133
4222,133
4223,133
4224,133
4225,133
4226,133
4227,133
4228,133
4229,133
4230,133
4231,133
4232,133
4233,133
4234,133
4235,133
4236,133
4237,133
4238,133
4239,133
4240,133
4241,133
4242,133
4243,133
4244,133
4245,133
4246,133
4247,133
4248,133
4249,133
4250,133
4251,133
4252,133
4253,133
4254,133
4255,133
4256,133
4257,133
4258,133
4259,133
4260,133
4261,133
4262,133
4263,133
4264,133
4265,133
4266,133
4267,133
4268,133
4269,133
4270,133
4271,133
4272,133
4273,133
4274,133
4275,133
4276,133
4277,133
4278,133
4279,133
4280,133
4281,133
4282,133
4283,133
4284,133
4285,133
4286,133
4287,133
4288,133
4289,133
4290,133
4291,133
4292,133
4293,133
4294,133
4295,133
4296,133
4297,133
4298,133
4299,133
4300,133
4301,133
4302,133
4303,133
4304,133
4305,133
4306,133
4307,133
4308,133
4309,133
4310,133
4311,133
4312,133
4313,133
4314,133
4315,133
4316,133
4317,133
4318,133
4319,133
4320,133
4321,133
4322,133
4323,133
4324,133
4325,133
4326,133
4327,133
4328,133
4329,133
4330,133
4331,133
4332,133
4333,133
4334,133
4335,133
4336,132
4337,132
4338,132
4339,132
4340,132
4341,132
4342,132
4343,132
4344,132
4345,131
4346,131
4347,131
4348,131
4349,130
4350,130
4351,130
4352,130
4353,129
4354,129
4355,129
4356,128
4357,128
4358,128
4359,127
4360,127
4361,127
4362,127
4363,127
4364,127
4365,127
4366,125
4367,125
4368,124
4369,123
4370,122
4371,121
4372,120
4373,119
4374,118
4375,117
4376,116
4377,115
4378,113
4379,111
4380,109
4381,106
4382,104
4383,103
4384,102
4385,101
4386,100
4387,99
4388,98
4389,98
4390,98
4391,98
4392,98
4393,98
4394,98
4395,98
4396,98
4397,98
4398,98
4399,98
4400,98
4401,98
4402,98
4403,98
4404,97
4405,97
4406,97
4407,97
4408,97
4409,97
4410,97
4411,97
4412,97
4413,97
4414,97
4415,97
4416,97
4417,97
4418,97
4419,97
4420,97
4421,97
4422,97
4423,97
4424,97
4425,97
4426,97
4427,97
4428,97
4429,97
4430,97
4431,97
4432,97
4433,97
4434,97
4435,97
4436,97
4437,97
4438,97
4439,97
4440,97
4441,97
4442,97
4443,97
4444,97
4445,97
4446,97
4447,97
4448,97
4449,97
4450,97
4451,97
4452,97
4453,97
4454,97
4455,97
4456,97
4457,97
4458,97
4459,97
4460,97
4461,97
4462,97
4463,97
4464,97
4465,97
4466,97
4467,97
4468,97
4469,97
4470,97
4471,97
4472,97
4473,97
4474,97
4475,97
4476,97
4477,97
4478,97
4479,97
4480,97
4481,97
4482,97
4483,97
4484,97
4485,97
4486,97
4487,97
4488,97
4489,97
4490,97
4491,97
4492,97
4493,97
4494,97
4495,97
4496,97
4497,97
4498,97
4499,97
4500,97
4501,97
4502,97
4503,97
4504,97
4505,97
4506,97
4507,97
4508,97
4509,97
4510,97
4511,97
4512,97
4513,97
4514,97
4515,97
4516,97
4517,97
4518,97
4519,97
4520,97
4521,97
4522,97
4523,97
4524,97
4525,97
4526,97
4527,97
4528,97
4529,97
4530,97
4531,97
4532,97
4533,97
4534,97
4535,97
4536,97
4537,97
4538,97
4539,97
4540,97
4541,97
4542,97
4543,97
4544,97
4545,97
4546,97
4547,97
4548,97
4549,97
4550,97
4551,97
4552,97
4553,97
4554,97
4555,97
4556,97
4557,97
4558,97
4559,97
4560,97
4561,97
4562,97
4563,97
4564,97
4565,97
4566,97
4567,97
4568,97
4569,97
4570,97
4571,97
4572,97
4573,97
4574,97
4575,97
4576,97
4577,97
4578,97
4579,97
4580,97
4581,97
4582,97
4583,97
4584,97
4585,97
4586,97
4587,97
4588,97
4589,97
4590,97
4591,97
4592,97
4593,97
4594,97
4595,97
4596,97
4597,97
4598,97
4599,97
4600,97
4601,97
4602,97
4603,97
4604,97
4605,97
4606,97
4607,97
4608,97
4609,97
4610,97
4611,97
4612,97
4613,97
4614,97
4615,97
4616,97
4617,97
4618,97
4619,97
4620,97
4621,97
4622,97
4623,97
4624,97
4625,97
4626,97
4627,97
4628,97
4629,97
4630,97
4631,97
4632,97
4633,97
4634,97
4635,97
4636,97
4637,97
4638,97
4639,97
4640,97
4641,97
4642,97
4643,97
4644,97
4645,97
4646,97
4647,97
4648,97
4649,97
4650,97
4651,97
4652,97
4653,97
4654,97
4655,97
4656,97
4657,97
4658,97
4659,97
4660,97
4661,97
4662,97
4663,97
4664,97
4665,97
4666,97
4667,97
4668,97
4669,97
4670,97
4671,97
4672,97
4673,97
4674,97
4675,97
4676,97
4677,97
4678,97
4679,97
4680,97
4681,97
4682,97
4683,97
4684,97
4685,97
4686,97
4687,97
4688,97
4689,97
4690,97
4691,97
4692,97
4693,97
4694,97
4695,97
4696,97
4697,97
4698,97
4699,97
4700,97
4701,97
4702,97
4703,97
4704,97
4705,97
4706,97
4707,97
4708,97
4709,97
4710,97
4711,97
4712,97
4713,97
4714,97
4715,97
4716,97
4717,97
4718,97
4719,97
4720,97
4721,97
4722,97
4723,97
4724,97
4725,97
4726,97
4727,97
4728,97
4729,97
4730,97
4731,97
4732,97
4733,97
4734,97
4735,97
4736,97
4737,97
4738,97
4739,97
4740,97
4741,97
4742,97
4743,97
4744,97
4745,97
4746,97
4747,97
4748,97
4749,97
4750,97
4751,97
4752,97
4753,97
4754,97
4755,97
4756,97
4757,97
4758,97
4759,97
4760,97
4761,97
4762,97
4763,97
4764,97
4765,97
4766,97
4767,97
4768,97
4769,97
4770,97
4771,97
4772,97
4773,97
4774,97
4775,97
4776,97
4777,97
4778,97
4779,97
4780,97
4781,97
4782,97
4783,97
4784,97
4785,97
4786,97
4787,97
4788,97
4789,97
4790,97
4791,97
4792,97
4793,97
4794,97
4795,97
4796,97
4797,97
4798,97
4799,97
4800,97
4801,97
4802,97
4803,97
4804,97
4805,97
4806,97
4807,97
4808,97
4809,97
4810,97
4811,97
4812,97
4813,97
4814,97
4815,97
4816,97
4817,97
4818,97
4819,97
4820,96
4821,96
4822,96
4823,96
4824,96
4825,96
4826,96
4827,96
4828,96
4829,96
4830,96
4831,96
4832,96
4833,96
4834,96
4835,96
4836,96
4837,96
4838,96
4839,96
4840,96
4841,96
4842,96
4843,96
4844,96
4845,96
4846,96
4847,96
4848,96
4849,96
4850,96
4851,96
4852,96
4853,96
4854,96
4855,96
4856,96
4857,96
4858,96
4859,95
4860,95
4861,95
4862,95
4863,95
4864,95
4865,95
4866,95
4867,95
4868,95
4869,95
4870,95
4871,95
4872,95
4873,95
4874,95
4875,95
4876,95
4877,95
4878,95
4879,95
4880,95
4881,95
4882,95
4883,95
4884,95
4885,95
4886,95
4887,95
4888,95
4889,95
4890,95
4891,95
4892,95
4893,95
4894,95
4895,95
4896,95
4897,95
4898,95
4899,95
4900,95
4901,94
4902,94
4903,94
4904,94
4905,94
4906,94
4907,94
4908,94
4909,94
4910,94
4911,94
4912,94
4913,94
4914,94
4915,94
4916,94
4917,94
4918,94
4919,94
4920,94
4921,94
4922,94
4923,94
4924,94
4925,94
4926,94
4927,94
4928,94
4929,94
4930,94
4931,94
4932,94
4933,94
4934,94
4935,94
4936,94
4937,94
4938,94
4939,94
4940,94
4941,94
4942,94
4943,94
4944,94
4945,94
4946,94
4947,94
4948,94
4949,94
4950,94
4951,94
4952,94
4953,94
4954,94
4955,94
4956,94
4957,94
4958,94
4959,94
4960,94
4961,94
4962,94
4963,94
4964,94
4965,94
4966,94
4967,94
4968,94
4969,94
4970,94
4971,94
4972,94
4973,94
4974,94
4975,94
4976,94
4977,94
4978,94
4979,94
4980,94
4981,94
4982,94
4983,94
4984,94
4985,94
4986,94
4987,94
4988,94
4989,94
4990,94
4991,94
4992,94
4993,94
4994,94
4995,94
4996,94
4997,94
4998,94
4999,93
