,pso
0,301
1,301
2,301
3,301
4,301
5,301
6,301
7,301
8,301
9,301
10,301
11,301
12,301
13,301
14,301
15,301
16,301
17,301
18,301
19,301
20,301
21,301
22,301
23,301
24,301
25,301
26,301
27,301
28,301
29,301
30,301
31,301
32,301
33,301
34,301
35,301
36,301
37,301
38,301
39,301
40,301
41,301
42,301
43,301
44,301
45,301
46,301
47,301
48,301
49,301
50,301
51,301
52,301
53,301
54,301
55,301
56,301
57,301
58,301
59,301
60,301
61,301
62,301
63,301
64,301
65,301
66,301
67,301
68,301
69,301
70,301
71,301
72,301
73,301
74,301
75,301
76,301
77,301
78,301
79,301
80,301
81,301
82,301
83,301
84,301
85,301
86,301
87,301
88,301
89,301
90,301
91,301
92,301
93,301
94,301
95,301
96,301
97,301
98,301
99,301
100,301
101,301
102,301
103,301
104,301
105,301
106,301
107,301
108,301
109,301
110,301
111,301
112,301
113,301
114,301
115,301
116,301
117,301
118,301
119,301
120,301
121,301
122,301
123,301
124,301
125,301
126,301
127,301
128,301
129,301
130,301
131,301
132,301
133,301
134,301
135,301
136,301
137,301
138,301
139,301
140,301
141,301
142,301
143,301
144,301
145,301
146,301
147,301
148,301
149,301
150,301
151,301
152,301
153,301
154,301
155,301
156,301
157,301
158,301
159,301
160,301
161,301
162,301
163,301
164,301
165,301
166,301
167,301
168,301
169,301
170,301
171,301
172,301
173,301
174,301
175,301
176,301
177,301
178,301
179,301
180,301
181,301
182,301
183,301
184,301
185,301
186,301
187,301
188,301
189,301
190,301
191,301
192,301
193,301
194,301
195,301
196,301
197,301
198,301
199,301
200,301
201,301
202,301
203,301
204,301
205,301
206,301
207,301
208,301
209,301
210,301
211,301
212,301
213,301
214,301
215,301
216,301
217,301
218,301
219,301
220,301
221,301
222,301
223,301
224,301
225,301
226,301
227,301
228,301
229,301
230,301
231,301
232,301
233,301
234,301
235,301
236,301
237,301
238,301
239,301
240,301
241,301
242,301
243,301
244,301
245,301
246,301
247,301
248,301
249,301
250,301
251,301
252,301
253,301
254,301
255,301
256,301
257,301
258,301
259,301
260,301
261,301
262,301
263,301
264,301
265,301
266,301
267,301
268,301
269,301
270,301
271,301
272,301
273,301
274,301
275,301
276,301
277,301
278,301
279,301
280,301
281,301
282,301
283,301
284,301
285,301
286,301
287,301
288,301
289,301
290,301
291,301
292,301
293,301
294,301
295,301
296,301
297,301
298,301
299,301
300,301
301,301
302,301
303,301
304,301
305,301
306,301
307,301
308,301
309,301
310,301
311,301
312,301
313,301
314,301
315,301
316,301
317,301
318,301
319,301
320,301
321,301
322,301
323,301
324,301
325,301
326,301
327,301
328,301
329,301
330,301
331,301
332,301
333,301
334,301
335,301
336,301
337,301
338,301
339,301
340,301
341,301
342,301
343,301
344,301
345,301
346,301
347,301
348,301
349,301
350,301
351,301
352,301
353,301
354,301
355,301
356,301
357,301
358,301
359,301
360,301
361,301
362,301
363,301
364,301
365,301
366,301
367,301
368,301
369,301
370,301
371,301
372,301
373,301
374,301
375,301
376,301
377,301
378,301
379,301
380,301
381,301
382,301
383,301
384,301
385,301
386,301
387,301
388,301
389,301
390,301
391,301
392,301
393,301
394,301
395,301
396,301
397,301
398,301
399,301
400,301
401,301
402,301
403,301
404,301
405,301
406,301
407,301
408,301
409,301
410,301
411,301
412,301
413,301
414,301
415,301
416,301
417,301
418,301
419,301
420,301
421,301
422,301
423,301
424,301
425,301
426,301
427,301
428,301
429,301
430,301
431,301
432,301
433,301
434,301
435,301
436,301
437,301
438,301
439,301
440,301
441,301
442,301
443,301
444,301
445,301
446,301
447,301
448,301
449,301
450,301
451,301
452,301
453,301
454,301
455,301
456,301
457,301
458,301
459,301
460,301
461,301
462,301
463,301
464,301
465,301
466,301
467,301
468,301
469,301
470,301
471,301
472,301
473,301
474,301
475,301
476,301
477,301
478,301
479,301
480,301
481,301
482,301
483,301
484,301
485,301
486,301
487,301
488,301
489,301
490,301
491,301
492,301
493,301
494,301
495,301
496,301
497,301
498,301
499,301
500,301
501,301
502,301
503,301
504,301
505,301
506,301
507,301
508,301
509,301
510,301
511,301
512,301
513,301
514,301
515,301
516,301
517,301
518,301
519,301
520,301
521,301
522,301
523,301
524,301
525,301
526,301
527,301
528,301
529,301
530,301
531,301
532,301
533,301
534,301
535,301
536,301
537,301
538,301
539,301
540,301
541,301
542,301
543,301
544,301
545,301
546,301
547,301
548,301
549,301
550,301
551,301
552,301
553,301
554,301
555,301
556,301
557,301
558,301
559,301
560,301
561,301
562,301
563,301
564,301
565,301
566,301
567,301
568,301
569,301
570,301
571,301
572,301
573,301
574,301
575,301
576,301
577,301
578,301
579,301
580,301
581,301
582,301
583,301
584,301
585,301
586,301
587,301
588,301
589,301
590,301
591,301
592,301
593,301
594,301
595,301
596,301
597,301
598,301
599,301
600,301
601,301
602,301
603,301
604,301
605,301
606,301
607,301
608,301
609,301
610,301
611,301
612,301
613,301
614,301
615,301
616,301
617,301
618,301
619,301
620,301
621,301
622,301
623,301
624,301
625,301
626,301
627,301
628,301
629,301
630,301
631,301
632,301
633,301
634,301
635,301
636,301
637,301
638,301
639,301
640,301
641,301
642,301
643,301
644,301
645,301
646,301
647,301
648,301
649,301
650,301
651,301
652,301
653,301
654,301
655,301
656,301
657,301
658,301
659,301
660,301
661,301
662,301
663,301
664,301
665,301
666,301
667,301
668,301
669,301
670,301
671,301
672,301
673,301
674,301
675,301
676,301
677,301
678,301
679,301
680,301
681,301
682,301
683,301
684,301
685,301
686,301
687,301
688,301
689,301
690,301
691,301
692,301
693,301
694,301
695,301
696,301
697,301
698,301
699,301
700,301
701,301
702,301
703,301
704,301
705,301
706,301
707,301
708,301
709,301
710,301
711,301
712,301
713,301
714,301
715,301
716,301
717,301
718,301
719,301
720,301
721,301
722,301
723,301
724,301
725,301
726,301
727,301
728,301
729,301
730,301
731,301
732,301
733,301
734,301
735,301
736,301
737,301
738,301
739,301
740,301
741,301
742,301
743,301
744,301
745,301
746,301
747,301
748,301
749,301
750,301
751,301
752,301
753,301
754,301
755,301
756,301
757,301
758,301
759,301
760,301
761,301
762,301
763,301
764,301
765,301
766,301
767,301
768,301
769,301
770,301
771,301
772,301
773,301
774,301
775,301
776,301
777,301
778,301
779,301
780,301
781,301
782,301
783,301
784,301
785,301
786,301
787,301
788,301
789,301
790,301
791,301
792,301
793,301
794,301
795,301
796,301
797,301
798,301
799,301
800,301
801,301
802,301
803,301
804,301
805,301
806,301
807,301
808,301
809,301
810,301
811,301
812,301
813,301
814,301
815,301
816,301
817,301
818,301
819,301
820,301
821,301
822,301
823,301
824,301
825,301
826,301
827,301
828,301
829,301
830,301
831,301
832,301
833,301
834,301
835,301
836,301
837,301
838,301
839,301
840,301
841,301
842,301
843,301
844,301
845,301
846,301
847,301
848,301
849,301
850,301
851,301
852,301
853,301
854,301
855,301
856,301
857,301
858,301
859,301
860,301
861,301
862,301
863,301
864,301
865,301
866,301
867,301
868,301
869,301
870,301
871,301
872,301
873,301
874,301
875,301
876,301
877,301
878,301
879,301
880,301
881,301
882,301
883,301
884,301
885,301
886,301
887,301
888,301
889,301
890,301
891,301
892,301
893,301
894,301
895,301
896,301
897,301
898,301
899,301
900,301
901,301
902,301
903,301
904,301
905,301
906,301
907,301
908,301
909,301
910,301
911,301
912,301
913,301
914,301
915,301
916,301
917,301
918,301
919,301
920,301
921,301
922,301
923,301
924,301
925,301
926,301
927,301
928,301
929,301
930,301
931,301
932,301
933,301
934,301
935,301
936,301
937,301
938,301
939,301
940,301
941,301
942,301
943,301
944,301
945,301
946,301
947,301
948,301
949,301
950,301
951,301
952,301
953,301
954,301
955,301
956,301
957,301
958,301
959,301
960,301
961,301
962,301
963,301
964,301
965,301
966,301
967,301
968,301
969,301
970,301
971,301
972,301
973,301
974,301
975,301
976,301
977,301
978,301
979,301
980,301
981,301
982,301
983,301
984,301
985,301
986,301
987,301
988,301
989,301
990,301
991,301
992,301
993,301
994,301
995,301
996,301
997,301
998,301
999,301
1000,301
1001,301
1002,301
1003,301
1004,301
1005,301
1006,301
1007,301
1008,301
1009,301
1010,301
1011,301
1012,301
1013,301
1014,301
1015,301
1016,301
1017,301
1018,301
1019,301
1020,301
1021,301
1022,301
1023,301
1024,301
1025,301
1026,301
1027,301
1028,301
1029,301
1030,301
1031,301
1032,301
1033,301
1034,301
1035,301
1036,301
1037,301
1038,301
1039,301
1040,301
1041,301
1042,301
1043,301
1044,301
1045,301
1046,301
1047,301
1048,301
1049,301
1050,301
1051,301
1052,301
1053,301
1054,301
1055,301
1056,301
1057,301
1058,301
1059,301
1060,301
1061,301
1062,301
1063,301
1064,301
1065,301
1066,301
1067,301
1068,301
1069,301
1070,301
1071,301
1072,301
1073,301
1074,301
1075,301
1076,301
1077,301
1078,301
1079,301
1080,301
1081,301
1082,301
1083,301
1084,301
1085,301
1086,301
1087,301
1088,301
1089,301
1090,301
1091,301
1092,301
1093,301
1094,301
1095,301
1096,301
1097,301
1098,301
1099,301
1100,301
1101,301
1102,301
1103,301
1104,301
1105,301
1106,301
1107,301
1108,301
1109,301
1110,301
1111,301
1112,301
1113,301
1114,301
1115,301
1116,301
1117,301
1118,301
1119,301
1120,301
1121,301
1122,301
1123,301
1124,301
1125,301
1126,301
1127,301
1128,301
1129,301
1130,301
1131,301
1132,301
1133,301
1134,301
1135,301
1136,301
1137,301
1138,301
1139,301
1140,301
1141,301
1142,301
1143,301
1144,301
1145,301
1146,301
1147,301
1148,301
1149,301
1150,301
1151,301
1152,301
1153,301
1154,301
1155,301
1156,301
1157,301
1158,301
1159,301
1160,301
1161,301
1162,301
1163,301
1164,301
1165,301
1166,301
1167,301
1168,301
1169,301
1170,301
1171,301
1172,301
1173,301
1174,301
1175,301
1176,301
1177,301
1178,301
1179,301
1180,301
1181,301
1182,301
1183,301
1184,301
1185,301
1186,301
1187,301
1188,301
1189,301
1190,301
1191,301
1192,301
1193,301
1194,301
1195,301
1196,301
1197,301
1198,301
1199,301
1200,301
1201,301
1202,301
1203,301
1204,301
1205,301
1206,301
1207,301
1208,301
1209,301
1210,301
1211,301
1212,301
1213,301
1214,301
1215,301
1216,301
1217,301
1218,301
1219,301
1220,301
1221,301
1222,301
1223,301
1224,301
1225,301
1226,301
1227,301
1228,301
1229,301
1230,301
1231,301
1232,301
1233,301
1234,301
1235,301
1236,301
1237,301
1238,301
1239,301
1240,301
1241,301
1242,301
1243,301
1244,301
1245,301
1246,301
1247,301
1248,301
1249,301
1250,301
1251,301
1252,301
1253,301
1254,301
1255,301
1256,301
1257,301
1258,301
1259,301
1260,301
1261,301
1262,301
1263,301
1264,301
1265,301
1266,301
1267,301
1268,301
1269,301
1270,301
1271,301
1272,301
1273,301
1274,301
1275,301
1276,301
1277,301
1278,301
1279,301
1280,301
1281,301
1282,301
1283,301
1284,301
1285,301
1286,301
1287,301
1288,301
1289,301
1290,301
1291,301
1292,301
1293,301
1294,301
1295,301
1296,301
1297,301
1298,301
1299,301
1300,301
1301,301
1302,301
1303,301
1304,301
1305,301
1306,301
1307,301
1308,301
1309,301
1310,301
1311,301
1312,301
1313,301
1314,301
1315,301
1316,301
1317,301
1318,301
1319,301
1320,301
1321,301
1322,300
1323,300
1324,300
1325,300
1326,300
1327,300
1328,300
1329,299
1330,299
1331,299
1332,299
1333,297
1334,297
1335,296
1336,295
1337,295
1338,294
1339,294
1340,293
1341,293
1342,293
1343,292
1344,290
1345,288
1346,286
1347,286
1348,285
1349,284
1350,284
1351,284
1352,282
1353,281
1354,280
1355,278
1356,277
1357,276
1358,275
1359,274
1360,271
1361,266
1362,263
1363,259
1364,256
1365,254
1366,253
1367,250
1368,249
1369,249
1370,249
1371,249
1372,249
1373,249
1374,249
1375,249
1376,249
1377,249
1378,249
1379,249
1380,249
1381,249
1382,249
1383,249
1384,249
1385,249
1386,249
1387,249
1388,249
1389,249
1390,249
1391,249
1392,249
1393,249
1394,249
1395,249
1396,249
1397,249
1398,249
1399,249
1400,249
1401,249
1402,249
1403,249
1404,249
1405,249
1406,249
1407,249
1408,249
1409,249
1410,249
1411,249
1412,249
1413,249
1414,249
1415,249
1416,249
1417,249
1418,249
1419,249
1420,249
1421,249
1422,249
1423,249
1424,249
1425,249
1426,249
1427,249
1428,249
1429,249
1430,249
1431,249
1432,249
1433,249
1434,249
1435,249
1436,249
1437,249
1438,249
1439,249
1440,249
1441,249
1442,249
1443,249
1444,249
1445,249
1446,249
1447,249
1448,249
1449,249
1450,249
1451,249
1452,249
1453,249
1454,249
1455,249
1456,249
1457,249
1458,249
1459,249
1460,249
1461,249
1462,249
1463,249
1464,249
1465,249
1466,249
1467,249
1468,249
1469,249
1470,249
1471,249
1472,249
1473,249
1474,248
1475,248
1476,248
1477,248
1478,248
1479,248
1480,248
1481,248
1482,248
1483,248
1484,247
1485,247
1486,247
1487,246
1488,245
1489,245
1490,244
1491,243
1492,243
1493,242
1494,241
1495,241
1496,241
1497,240
1498,240
1499,240
1500,239
1501,237
1502,235
1503,234
1504,232
1505,230
1506,229
1507,229
1508,228
1509,224
1510,224
1511,223
1512,220
1513,218
1514,216
1515,215
1516,212
1517,210
1518,208
1519,207
1520,206
1521,205
1522,203
1523,201
1524,198
1525,197
1526,194
1527,192
1528,190
1529,189
1530,185
1531,183
1532,183
1533,183
1534,183
1535,183
1536,183
1537,183
1538,183
1539,183
1540,183
1541,183
1542,183
1543,183
1544,183
1545,183
1546,183
1547,183
1548,183
1549,183
1550,183
1551,183
1552,183
1553,183
1554,183
1555,183
1556,183
1557,183
1558,183
1559,183
1560,183
1561,183
1562,183
1563,183
1564,183
1565,183
1566,183
1567,183
1568,183
1569,183
1570,183
1571,183
1572,183
1573,183
1574,183
1575,183
1576,183
1577,183
1578,183
1579,183
1580,183
1581,183
1582,183
1583,183
1584,183
1585,183
1586,183
1587,183
1588,183
1589,183
1590,183
1591,183
1592,183
1593,183
1594,183
1595,183
1596,183
1597,183
1598,183
1599,183
1600,183
1601,183
1602,183
1603,183
1604,183
1605,183
1606,183
1607,183
1608,183
1609,183
1610,183
1611,183
1612,183
1613,183
1614,183
1615,183
1616,183
1617,183
1618,183
1619,183
1620,183
1621,183
1622,183
1623,183
1624,183
1625,183
1626,183
1627,183
1628,183
1629,183
1630,183
1631,183
1632,183
1633,183
1634,183
1635,183
1636,183
1637,183
1638,183
1639,183
1640,183
1641,183
1642,183
1643,183
1644,183
1645,183
1646,183
1647,183
1648,183
1649,183
1650,183
1651,183
1652,183
1653,183
1654,183
1655,183
1656,183
1657,183
1658,183
1659,183
1660,183
1661,183
1662,183
1663,183
1664,183
1665,183
1666,183
1667,183
1668,183
1669,183
1670,183
1671,183
1672,183
1673,183
1674,183
1675,183
1676,183
1677,183
1678,183
1679,183
1680,183
1681,183
1682,183
1683,183
1684,183
1685,183
1686,183
1687,183
1688,183
1689,183
1690,183
1691,183
1692,183
1693,183
1694,183
1695,183
1696,183
1697,183
1698,183
1699,183
1700,183
1701,183
1702,183
1703,183
1704,183
1705,183
1706,183
1707,183
1708,183
1709,183
1710,183
1711,183
1712,183
1713,183
1714,183
1715,183
1716,183
1717,183
1718,183
1719,183
1720,183
1721,183
1722,183
1723,183
1724,183
1725,183
1726,183
1727,183
1728,183
1729,183
1730,183
1731,183
1732,183
1733,183
1734,183
1735,183
1736,183
1737,183
1738,183
1739,183
1740,183
1741,183
1742,183
1743,183
1744,183
1745,183
1746,183
1747,183
1748,183
1749,183
1750,183
1751,183
1752,183
1753,183
1754,183
1755,183
1756,183
1757,183
1758,183
1759,183
1760,183
1761,183
1762,183
1763,183
1764,183
1765,183
1766,183
1767,183
1768,183
1769,183
1770,183
1771,183
1772,183
1773,183
1774,183
1775,183
1776,183
1777,183
1778,183
1779,183
1780,183
1781,183
1782,183
1783,183
1784,183
1785,183
1786,183
1787,183
1788,183
1789,183
1790,183
1791,183
1792,183
1793,183
1794,183
1795,183
1796,183
1797,183
1798,183
1799,183
1800,183
1801,183
1802,183
1803,183
1804,183
1805,183
1806,183
1807,183
1808,183
1809,183
1810,183
1811,183
1812,183
1813,183
1814,183
1815,183
1816,183
1817,183
1818,183
1819,183
1820,183
1821,183
1822,183
1823,183
1824,183
1825,183
1826,183
1827,183
1828,183
1829,183
1830,183
1831,183
1832,183
1833,183
1834,183
1835,183
1836,183
1837,183
1838,183
1839,183
1840,183
1841,183
1842,183
1843,183
1844,183
1845,183
1846,183
1847,183
1848,183
1849,183
1850,183
1851,183
1852,183
1853,183
1854,183
1855,183
1856,183
1857,183
1858,183
1859,183
1860,183
1861,183
1862,183
1863,183
1864,183
1865,183
1866,183
1867,183
1868,183
1869,183
1870,183
1871,183
1872,183
1873,183
1874,183
1875,183
1876,183
1877,183
1878,183
1879,183
1880,183
1881,183
1882,183
1883,183
1884,183
1885,183
1886,183
1887,183
1888,183
1889,183
1890,183
1891,183
1892,183
1893,183
1894,183
1895,183
1896,183
1897,183
1898,183
1899,183
1900,183
1901,183
1902,183
1903,183
1904,183
1905,183
1906,183
1907,183
1908,183
1909,183
1910,183
1911,183
1912,183
1913,183
1914,183
1915,183
1916,183
1917,183
1918,183
1919,183
1920,183
1921,183
1922,182
1923,182
1924,182
1925,182
1926,182
1927,182
1928,182
1929,182
1930,182
1931,182
1932,182
1933,182
1934,182
1935,182
1936,182
1937,182
1938,182
1939,182
1940,182
1941,182
1942,182
1943,182
1944,182
1945,182
1946,182
1947,182
1948,182
1949,182
1950,182
1951,182
1952,182
1953,182
1954,182
1955,182
1956,182
1957,182
1958,182
1959,182
1960,182
1961,182
1962,182
1963,182
1964,182
1965,182
1966,182
1967,182
1968,182
1969,182
1970,182
1971,182
1972,182
1973,182
1974,182
1975,182
1976,182
1977,182
1978,182
1979,181
1980,181
1981,181
1982,181
1983,181
1984,180
1985,180
1986,180
1987,180
1988,180
1989,180
1990,180
1991,180
1992,180
1993,180
1994,180
1995,180
1996,180
1997,180
1998,180
1999,180
2000,180
2001,180
2002,180
2003,180
2004,180
2005,180
2006,180
2007,180
2008,180
2009,180
2010,180
2011,180
2012,180
2013,180
2014,180
2015,180
2016,180
2017,180
2018,180
2019,180
2020,180
2021,180
2022,180
2023,179
2024,178
2025,177
2026,177
2027,176
2028,176
2029,174
2030,171
2031,167
2032,165
2033,163
2034,160
2035,158
2036,156
2037,155
2038,154
2039,152
2040,149
2041,146
2042,143
2043,139
2044,135
2045,133
2046,131
2047,129
2048,126
2049,125
2050,122
2051,122
2052,122
2053,122
2054,122
2055,122
2056,122
2057,122
2058,122
2059,122
2060,122
2061,122
2062,122
2063,122
2064,122
2065,122
2066,122
2067,122
2068,122
2069,122
2070,122
2071,122
2072,122
2073,122
2074,122
2075,122
2076,122
2077,122
2078,122
2079,122
2080,122
2081,122
2082,122
2083,122
2084,122
2085,121
2086,121
2087,121
2088,121
2089,121
2090,121
2091,121
2092,121
2093,121
2094,121
2095,121
2096,121
2097,121
2098,121
2099,121
2100,121
2101,120
2102,120
2103,120
2104,118
2105,118
2106,118
2107,116
2108,115
2109,113
2110,112
2111,111
2112,110
2113,108
2114,106
2115,99
2116,93
2117,90
2118,85
2119,82
2120,81
2121,80
2122,77
2123,74
2124,69
2125,68
2126,66
2127,66
2128,66
2129,66
2130,66
2131,66
2132,66
2133,66
2134,66
2135,66
2136,66
2137,66
2138,65
2139,65
2140,65
2141,65
2142,65
2143,65
2144,65
2145,65
2146,65
2147,65
2148,65
2149,65
2150,65
2151,65
2152,65
2153,65
2154,65
2155,65
2156,65
2157,65
2158,65
2159,65
2160,65
2161,65
2162,65
2163,65
2164,65
2165,65
2166,65
2167,65
2168,65
2169,65
2170,65
2171,65
2172,65
2173,65
2174,65
2175,65
2176,65
2177,65
2178,65
2179,65
2180,65
2181,65
2182,65
2183,65
2184,65
2185,65
2186,65
2187,65
2188,65
2189,65
2190,65
2191,65
2192,65
2193,65
2194,65
2195,65
2196,65
2197,65
2198,65
2199,65
2200,65
2201,65
2202,65
2203,65
2204,65
2205,65
2206,65
2207,65
2208,65
2209,65
2210,65
2211,65
2212,65
2213,65
2214,65
2215,65
2216,65
2217,65
2218,65
2219,65
2220,65
2221,65
2222,65
2223,65
2224,65
2225,65
2226,65
2227,65
2228,65
2229,65
2230,65
2231,65
2232,65
2233,65
2234,65
2235,65
2236,65
2237,65
2238,65
2239,65
2240,65
2241,65
2242,65
2243,65
2244,65
2245,65
2246,65
2247,65
2248,65
2249,65
2250,65
2251,65
2252,65
2253,65
2254,65
2255,65
2256,65
2257,64
2258,64
2259,63
2260,63
2261,63
2262,62
2263,60
2264,57
2265,55
2266,52
2267,48
2268,46
2269,46
2270,44
2271,41
2272,37
2273,33
2274,28
2275,24
2276,22
2277,18
2278,13
2279,10
2280,6
2281,3
2282,2
