,pso
0,301
1,301
2,301
3,301
4,301
5,301
6,301
7,301
8,301
9,301
10,301
11,301
12,301
13,301
14,301
15,301
16,301
17,301
18,301
19,301
20,301
21,301
22,301
23,301
24,301
25,301
26,301
27,301
28,301
29,301
30,301
31,301
32,301
33,301
34,301
35,301
36,301
37,301
38,301
39,301
40,301
41,301
42,301
43,301
44,301
45,301
46,301
47,301
48,301
49,301
50,301
51,301
52,301
53,301
54,301
55,301
56,301
57,301
58,301
59,301
60,301
61,301
62,301
63,301
64,301
65,301
66,301
67,301
68,301
69,301
70,301
71,301
72,301
73,301
74,301
75,301
76,301
77,301
78,301
79,301
80,301
81,301
82,301
83,301
84,301
85,301
86,301
87,301
88,301
89,301
90,301
91,301
92,301
93,301
94,301
95,301
96,301
97,301
98,301
99,301
100,301
101,301
102,301
103,301
104,301
105,301
106,301
107,301
108,301
109,301
110,301
111,301
112,301
113,301
114,301
115,301
116,301
117,301
118,301
119,301
120,301
121,301
122,301
123,301
124,301
125,301
126,301
127,301
128,301
129,301
130,301
131,301
132,301
133,301
134,301
135,301
136,301
137,301
138,301
139,301
140,301
141,301
142,301
143,301
144,301
145,301
146,301
147,301
148,301
149,301
150,301
151,301
152,301
153,301
154,301
155,301
156,301
157,301
158,301
159,301
160,301
161,301
162,301
163,301
164,301
165,301
166,301
167,301
168,301
169,301
170,301
171,301
172,301
173,301
174,301
175,301
176,301
177,301
178,301
179,301
180,301
181,301
182,301
183,301
184,301
185,301
186,301
187,301
188,301
189,301
190,301
191,301
192,301
193,301
194,301
195,301
196,301
197,301
198,301
199,301
200,301
201,301
202,301
203,301
204,301
205,301
206,301
207,301
208,301
209,301
210,301
211,301
212,301
213,301
214,301
215,301
216,301
217,301
218,301
219,301
220,301
221,301
222,301
223,301
224,301
225,301
226,301
227,301
228,301
229,301
230,301
231,301
232,301
233,301
234,301
235,301
236,301
237,301
238,301
239,301
240,301
241,301
242,301
243,301
244,301
245,301
246,301
247,301
248,301
249,301
250,301
251,301
252,301
253,301
254,301
255,301
256,301
257,301
258,301
259,301
260,301
261,301
262,301
263,301
264,301
265,301
266,301
267,301
268,301
269,301
270,301
271,301
272,301
273,301
274,301
275,301
276,301
277,301
278,301
279,301
280,301
281,301
282,301
283,301
284,301
285,301
286,301
287,301
288,301
289,301
290,301
291,301
292,301
293,301
294,301
295,301
296,301
297,301
298,301
299,301
300,301
301,301
302,301
303,301
304,301
305,301
306,301
307,301
308,301
309,301
310,301
311,301
312,301
313,301
314,301
315,301
316,301
317,301
318,301
319,301
320,301
321,301
322,301
323,301
324,301
325,301
326,301
327,301
328,301
329,301
330,301
331,301
332,301
333,301
334,301
335,301
336,301
337,301
338,301
339,301
340,301
341,301
342,301
343,301
344,301
345,301
346,301
347,301
348,301
349,301
350,301
351,301
352,301
353,301
354,301
355,301
356,301
357,301
358,301
359,301
360,301
361,301
362,301
363,301
364,301
365,301
366,301
367,301
368,301
369,301
370,301
371,301
372,301
373,301
374,301
375,301
376,301
377,301
378,301
379,301
380,301
381,301
382,301
383,301
384,301
385,301
386,301
387,301
388,301
389,301
390,301
391,301
392,301
393,301
394,301
395,301
396,301
397,301
398,301
399,301
400,301
401,301
402,301
403,301
404,301
405,301
406,301
407,301
408,301
409,301
410,301
411,301
412,301
413,301
414,301
415,301
416,301
417,301
418,301
419,301
420,301
421,301
422,301
423,301
424,301
425,301
426,301
427,301
428,301
429,301
430,301
431,301
432,301
433,301
434,301
435,301
436,301
437,301
438,301
439,301
440,301
441,301
442,301
443,301
444,301
445,301
446,301
447,301
448,301
449,301
450,301
451,301
452,301
453,301
454,301
455,301
456,301
457,301
458,301
459,301
460,301
461,301
462,301
463,301
464,301
465,301
466,301
467,301
468,301
469,301
470,301
471,301
472,301
473,301
474,301
475,301
476,301
477,301
478,301
479,301
480,301
481,301
482,301
483,301
484,301
485,301
486,301
487,301
488,301
489,301
490,301
491,301
492,301
493,301
494,301
495,301
496,301
497,301
498,301
499,301
500,301
501,301
502,301
503,301
504,301
505,301
506,301
507,301
508,301
509,301
510,301
511,301
512,301
513,301
514,301
515,301
516,301
517,301
518,301
519,301
520,301
521,301
522,301
523,301
524,301
525,301
526,301
527,301
528,301
529,301
530,301
531,301
532,301
533,301
534,301
535,301
536,301
537,301
538,301
539,301
540,301
541,301
542,301
543,301
544,301
545,301
546,301
547,301
548,301
549,301
550,301
551,301
552,301
553,301
554,301
555,301
556,301
557,301
558,301
559,301
560,301
561,301
562,301
563,301
564,301
565,301
566,301
567,301
568,301
569,301
570,301
571,301
572,301
573,301
574,301
575,301
576,301
577,301
578,301
579,301
580,301
581,301
582,301
583,301
584,301
585,301
586,301
587,301
588,301
589,301
590,301
591,301
592,301
593,301
594,301
595,301
596,301
597,301
598,301
599,301
600,301
601,301
602,301
603,301
604,301
605,301
606,301
607,301
608,301
609,301
610,301
611,301
612,301
613,301
614,301
615,301
616,301
617,301
618,301
619,301
620,301
621,301
622,301
623,301
624,301
625,301
626,301
627,301
628,301
629,301
630,301
631,301
632,301
633,301
634,301
635,301
636,301
637,301
638,301
639,301
640,301
641,301
642,301
643,301
644,301
645,301
646,301
647,301
648,301
649,301
650,301
651,301
652,301
653,301
654,301
655,301
656,301
657,301
658,301
659,301
660,301
661,301
662,301
663,301
664,301
665,301
666,301
667,301
668,301
669,301
670,301
671,301
672,301
673,301
674,301
675,301
676,301
677,301
678,301
679,301
680,301
681,301
682,301
683,301
684,301
685,301
686,301
687,301
688,301
689,301
690,301
691,301
692,301
693,301
694,301
695,301
696,301
697,301
698,301
699,301
700,301
701,301
702,301
703,301
704,301
705,301
706,301
707,301
708,301
709,301
710,301
711,301
712,301
713,301
714,301
715,301
716,301
717,301
718,301
719,301
720,301
721,301
722,301
723,301
724,301
725,301
726,301
727,301
728,301
729,301
730,301
731,301
732,301
733,301
734,301
735,301
736,301
737,301
738,301
739,301
740,301
741,301
742,301
743,301
744,301
745,301
746,301
747,301
748,301
749,301
750,301
751,301
752,301
753,301
754,301
755,301
756,301
757,301
758,301
759,301
760,301
761,301
762,301
763,301
764,301
765,301
766,301
767,301
768,301
769,301
770,301
771,301
772,301
773,301
774,301
775,301
776,301
777,301
778,301
779,301
780,301
781,301
782,301
783,301
784,301
785,301
786,301
787,301
788,301
789,301
790,301
791,301
792,301
793,301
794,301
795,301
796,301
797,301
798,301
799,301
800,301
801,301
802,301
803,301
804,301
805,301
806,301
807,301
808,301
809,301
810,301
811,301
812,301
813,301
814,301
815,301
816,301
817,301
818,301
819,301
820,301
821,301
822,301
823,301
824,301
825,301
826,300
827,300
828,300
829,300
830,300
831,300
832,300
833,300
834,300
835,300
836,300
837,300
838,300
839,300
840,300
841,300
842,300
843,300
844,300
845,300
846,300
847,300
848,300
849,300
850,300
851,300
852,300
853,300
854,300
855,300
856,300
857,300
858,300
859,300
860,300
861,300
862,300
863,300
864,300
865,300
866,300
867,300
868,300
869,300
870,300
871,300
872,300
873,300
874,300
875,300
876,300
877,300
878,300
879,300
880,300
881,300
882,300
883,300
884,300
885,300
886,300
887,300
888,300
889,300
890,299
891,299
892,299
893,299
894,299
895,299
896,299
897,299
898,299
899,299
900,299
901,299
902,299
903,299
904,299
905,299
906,299
907,299
908,299
909,299
910,299
911,299
912,299
913,299
914,299
915,299
916,299
917,299
918,299
919,299
920,299
921,299
922,299
923,299
924,299
925,299
926,299
927,299
928,299
929,299
930,299
931,299
932,299
933,299
934,299
935,299
936,299
937,299
938,299
939,299
940,299
941,299
942,299
943,299
944,299
945,299
946,299
947,299
948,299
949,299
950,299
951,299
952,299
953,299
954,298
955,298
956,298
957,298
958,298
959,298
960,298
961,298
962,298
963,298
964,298
965,298
966,298
967,298
968,298
969,298
970,298
971,298
972,298
973,298
974,298
975,298
976,298
977,298
978,298
979,298
980,298
981,298
982,298
983,298
984,298
985,298
986,298
987,298
988,298
989,298
990,298
991,298
992,298
993,298
994,298
995,298
996,298
997,298
998,298
999,298
1000,298
1001,298
1002,298
1003,298
1004,298
1005,298
1006,298
1007,298
1008,298
1009,298
1010,298
1011,298
1012,298
1013,298
1014,298
1015,298
1016,298
1017,298
1018,298
1019,298
1020,298
1021,298
1022,298
1023,298
1024,298
1025,298
1026,298
1027,298
1028,298
1029,298
1030,298
1031,298
1032,298
1033,298
1034,298
1035,298
1036,298
1037,298
1038,298
1039,298
1040,298
1041,298
1042,298
1043,298
1044,298
1045,298
1046,298
1047,298
1048,298
1049,298
1050,298
1051,298
1052,298
1053,298
1054,298
1055,298
1056,298
1057,298
1058,298
1059,298
1060,298
1061,298
1062,298
1063,298
1064,298
1065,298
1066,298
1067,298
1068,298
1069,298
1070,298
1071,298
1072,298
1073,298
1074,298
1075,298
1076,298
1077,298
1078,298
1079,298
1080,298
1081,298
1082,298
1083,298
1084,298
1085,298
1086,298
1087,298
1088,298
1089,298
1090,298
1091,298
1092,298
1093,298
1094,298
1095,298
1096,298
1097,298
1098,298
1099,297
1100,297
1101,297
1102,297
1103,297
1104,297
1105,297
1106,297
1107,297
1108,297
1109,297
1110,297
1111,297
1112,297
1113,297
1114,297
1115,297
1116,297
1117,297
1118,297
1119,297
1120,297
1121,297
1122,297
1123,297
1124,297
1125,297
1126,297
1127,297
1128,297
1129,297
1130,297
1131,297
1132,297
1133,297
1134,297
1135,297
1136,297
1137,297
1138,297
1139,297
1140,297
1141,297
1142,296
1143,296
1144,296
1145,296
1146,296
1147,296
1148,296
1149,296
1150,296
1151,296
1152,296
1153,296
1154,296
1155,296
1156,296
1157,296
1158,296
1159,296
1160,296
1161,296
1162,296
1163,296
1164,296
1165,296
1166,296
1167,296
1168,296
1169,296
1170,296
1171,296
1172,296
1173,296
1174,296
1175,296
1176,296
1177,296
1178,296
1179,296
1180,296
1181,296
1182,296
1183,296
1184,296
1185,296
1186,296
1187,296
1188,296
1189,296
1190,296
1191,296
1192,296
1193,296
1194,296
1195,296
1196,296
1197,296
1198,296
1199,296
1200,296
1201,296
1202,296
1203,296
1204,296
1205,296
1206,296
1207,296
1208,296
1209,296
1210,296
1211,296
1212,296
1213,296
1214,296
1215,296
1216,296
1217,296
1218,296
1219,296
1220,296
1221,296
1222,296
1223,296
1224,296
1225,296
1226,296
1227,296
1228,296
1229,296
1230,296
1231,296
1232,296
1233,296
1234,296
1235,296
1236,296
1237,296
1238,296
1239,296
1240,296
1241,296
1242,296
1243,296
1244,296
1245,296
1246,296
1247,296
1248,296
1249,296
1250,296
1251,296
1252,296
1253,296
1254,296
1255,296
1256,296
1257,296
1258,296
1259,296
1260,296
1261,296
1262,296
1263,296
1264,296
1265,296
1266,296
1267,296
1268,296
1269,296
1270,296
1271,296
1272,296
1273,296
1274,296
1275,296
1276,296
1277,296
1278,296
1279,296
1280,296
1281,296
1282,296
1283,296
1284,296
1285,296
1286,296
1287,296
1288,296
1289,296
1290,296
1291,296
1292,296
1293,296
1294,296
1295,296
1296,296
1297,296
1298,296
1299,296
1300,296
1301,296
1302,296
1303,296
1304,296
1305,296
1306,296
1307,296
1308,296
1309,296
1310,296
1311,296
1312,296
1313,296
1314,296
1315,296
1316,296
1317,296
1318,296
1319,296
1320,296
1321,296
1322,296
1323,296
1324,296
1325,296
1326,296
1327,296
1328,296
1329,296
1330,296
1331,296
1332,296
1333,296
1334,296
1335,296
1336,296
1337,296
1338,296
1339,296
1340,296
1341,296
1342,296
1343,296
1344,296
1345,296
1346,296
1347,296
1348,296
1349,295
1350,295
1351,295
1352,294
1353,294
1354,294
1355,294
1356,294
1357,294
1358,294
1359,294
1360,294
1361,294
1362,294
1363,294
1364,294
1365,294
1366,294
1367,294
1368,294
1369,294
1370,294
1371,294
1372,294
1373,294
1374,294
1375,294
1376,294
1377,294
1378,294
1379,294
1380,294
1381,294
1382,294
1383,294
1384,294
1385,294
1386,294
1387,294
1388,294
1389,294
1390,294
1391,294
1392,294
1393,293
1394,293
1395,293
1396,293
1397,293
1398,293
1399,293
1400,293
1401,293
1402,293
1403,293
1404,293
1405,293
1406,293
1407,293
1408,293
1409,293
1410,293
1411,293
1412,293
1413,293
1414,293
1415,293
1416,293
1417,293
1418,293
1419,293
1420,293
1421,293
1422,293
1423,293
1424,293
1425,293
1426,293
1427,293
1428,293
1429,293
1430,293
1431,293
1432,293
1433,293
1434,293
1435,293
1436,293
1437,293
1438,293
1439,293
1440,293
1441,293
1442,293
1443,293
1444,293
1445,293
1446,292
1447,292
1448,292
1449,292
1450,292
1451,292
1452,292
1453,291
1454,291
1455,291
1456,291
1457,291
1458,291
1459,290
1460,290
1461,290
1462,290
1463,290
1464,290
1465,290
1466,290
1467,290
1468,290
1469,290
1470,290
1471,290
1472,290
1473,290
1474,290
1475,290
1476,290
1477,290
1478,290
1479,290
1480,290
1481,290
1482,290
1483,290
1484,290
1485,290
1486,290
1487,289
1488,289
1489,289
1490,289
1491,289
1492,289
1493,289
1494,289
1495,289
1496,289
1497,289
1498,289
1499,289
1500,289
1501,289
1502,289
1503,289
1504,289
1505,289
1506,289
1507,289
1508,289
1509,289
1510,289
1511,289
1512,289
1513,289
1514,289
1515,289
1516,289
1517,289
1518,289
1519,289
1520,289
1521,289
1522,289
1523,289
1524,289
1525,289
1526,289
1527,289
1528,289
1529,289
1530,289
1531,289
1532,289
1533,289
1534,289
1535,289
1536,289
1537,289
1538,289
1539,289
1540,289
1541,289
1542,289
1543,289
1544,289
1545,289
1546,289
1547,289
1548,289
1549,289
1550,289
1551,289
1552,289
1553,289
1554,289
1555,289
1556,289
1557,289
1558,289
1559,289
1560,289
1561,289
1562,289
1563,289
1564,289
1565,289
1566,289
1567,289
1568,289
1569,289
1570,289
1571,289
1572,289
1573,289
1574,289
1575,289
1576,289
1577,289
1578,289
1579,289
1580,289
1581,289
1582,289
1583,289
1584,289
1585,289
1586,289
1587,289
1588,289
1589,289
1590,289
1591,289
1592,289
1593,289
1594,289
1595,289
1596,289
1597,289
1598,289
1599,289
1600,289
1601,289
1602,289
1603,289
1604,289
1605,289
1606,289
1607,289
1608,289
1609,289
1610,289
1611,289
1612,289
1613,289
1614,289
1615,289
1616,289
1617,288
1618,288
1619,288
1620,288
1621,288
1622,288
1623,288
1624,288
1625,288
1626,288
1627,288
1628,288
1629,288
1630,288
1631,287
1632,287
1633,287
1634,287
1635,287
1636,287
1637,287
1638,287
1639,287
1640,287
1641,287
1642,287
1643,287
1644,287
1645,287
1646,287
1647,287
1648,287
1649,287
1650,287
1651,287
1652,287
1653,287
1654,287
1655,287
1656,287
1657,287
1658,287
1659,287
1660,287
1661,287
1662,287
1663,287
1664,287
1665,287
1666,287
1667,287
1668,287
1669,287
1670,287
1671,287
1672,287
1673,287
1674,287
1675,287
1676,287
1677,287
1678,287
1679,287
1680,287
1681,287
1682,287
1683,287
1684,287
1685,287
1686,287
1687,287
1688,287
1689,287
1690,287
1691,287
1692,287
1693,287
1694,287
1695,287
1696,287
1697,287
1698,287
1699,287
1700,287
1701,287
1702,287
1703,287
1704,287
1705,287
1706,287
1707,287
1708,287
1709,287
1710,287
1711,287
1712,287
1713,287
1714,287
1715,287
1716,287
1717,287
1718,287
1719,287
1720,287
1721,287
1722,286
1723,286
1724,286
1725,286
1726,286
1727,286
1728,286
1729,286
1730,286
1731,286
1732,286
1733,286
1734,286
1735,286
1736,286
1737,286
1738,286
1739,286
1740,286
1741,286
1742,286
1743,286
1744,286
1745,286
1746,286
1747,286
1748,286
1749,286
1750,286
1751,286
1752,286
1753,286
1754,286
1755,286
1756,286
1757,286
1758,286
1759,286
1760,286
1761,286
1762,286
1763,286
1764,286
1765,286
1766,286
1767,286
1768,286
1769,286
1770,286
1771,286
1772,286
1773,286
1774,286
1775,286
1776,286
1777,286
1778,286
1779,286
1780,285
1781,285
1782,285
1783,285
1784,285
1785,285
1786,285
1787,285
1788,285
1789,285
1790,285
1791,285
1792,285
1793,285
1794,285
1795,285
1796,285
1797,285
1798,285
1799,285
1800,285
1801,285
1802,285
1803,285
1804,285
1805,285
1806,285
1807,285
1808,285
1809,285
1810,284
1811,284
1812,284
1813,284
1814,283
1815,283
1816,283
1817,283
1818,283
1819,283
1820,283
1821,283
1822,283
1823,283
1824,283
1825,283
1826,283
1827,283
1828,282
1829,282
1830,282
1831,282
1832,282
1833,282
1834,282
1835,282
1836,282
1837,282
1838,282
1839,282
1840,282
1841,282
1842,282
1843,282
1844,282
1845,282
1846,282
1847,282
1848,282
1849,282
1850,282
1851,282
1852,282
1853,282
1854,282
1855,282
1856,282
1857,282
1858,282
1859,282
1860,282
1861,282
1862,282
1863,282
1864,282
1865,282
1866,281
1867,281
1868,281
1869,281
1870,281
1871,281
1872,281
1873,281
1874,281
1875,281
1876,281
1877,281
1878,281
1879,281
1880,281
1881,281
1882,281
1883,281
1884,281
1885,281
1886,281
1887,281
1888,281
1889,281
1890,281
1891,281
1892,281
1893,281
1894,281
1895,281
1896,281
1897,281
1898,281
1899,281
1900,281
1901,281
1902,281
1903,281
1904,281
1905,281
1906,281
1907,281
1908,281
1909,281
1910,281
1911,281
1912,281
1913,281
1914,281
1915,281
1916,281
1917,281
1918,281
1919,281
1920,281
1921,281
1922,281
1923,281
1924,281
1925,281
1926,281
1927,281
1928,281
1929,281
1930,281
1931,281
1932,281
1933,281
1934,281
1935,281
1936,281
1937,281
1938,281
1939,281
1940,281
1941,281
1942,281
1943,281
1944,281
1945,281
1946,281
1947,281
1948,281
1949,281
1950,281
1951,281
1952,281
1953,281
1954,281
1955,281
1956,281
1957,281
1958,281
1959,281
1960,281
1961,281
1962,281
1963,280
1964,280
1965,280
1966,280
1967,280
1968,280
1969,280
1970,280
1971,280
1972,280
1973,280
1974,280
1975,280
1976,280
1977,280
1978,280
1979,280
1980,280
1981,280
1982,280
1983,280
1984,280
1985,280
1986,280
1987,280
1988,280
1989,280
1990,280
1991,280
1992,280
1993,280
1994,280
1995,280
1996,280
1997,280
1998,280
1999,280
2000,280
2001,280
2002,280
2003,280
2004,280
2005,280
2006,280
2007,280
2008,280
2009,280
2010,280
2011,280
2012,280
2013,280
2014,280
2015,280
2016,280
2017,280
2018,280
2019,280
2020,280
2021,280
2022,280
2023,280
2024,280
2025,280
2026,280
2027,280
2028,280
2029,280
2030,280
2031,280
2032,280
2033,280
2034,280
2035,280
2036,280
2037,280
2038,280
2039,280
2040,280
2041,280
2042,280
2043,280
2044,280
2045,280
2046,280
2047,280
2048,280
2049,280
2050,280
2051,280
2052,280
2053,280
2054,280
2055,280
2056,280
2057,280
2058,280
2059,280
2060,280
2061,280
2062,280
2063,280
2064,280
2065,280
2066,280
2067,280
2068,280
2069,280
2070,280
2071,280
2072,280
2073,280
2074,280
2075,280
2076,280
2077,280
2078,280
2079,280
2080,280
2081,280
2082,280
2083,280
2084,280
2085,280
2086,280
2087,280
2088,279
2089,279
2090,278
2091,278
2092,278
2093,278
2094,278
2095,278
2096,278
2097,278
2098,278
2099,278
2100,278
2101,278
2102,278
2103,278
2104,278
2105,278
2106,278
2107,278
2108,278
2109,278
2110,278
2111,278
2112,278
2113,278
2114,278
2115,278
2116,278
2117,278
2118,278
2119,278
2120,278
2121,278
2122,278
2123,278
2124,278
2125,278
2126,278
2127,278
2128,278
2129,278
2130,278
2131,278
2132,278
2133,278
2134,278
2135,278
2136,278
2137,278
2138,278
2139,278
2140,278
2141,278
2142,278
2143,278
2144,278
2145,278
2146,278
2147,278
2148,278
2149,278
2150,278
2151,278
2152,278
2153,278
2154,278
2155,278
2156,278
2157,278
2158,278
2159,278
2160,278
2161,278
2162,278
2163,278
2164,278
2165,278
2166,278
2167,278
2168,278
2169,278
2170,278
2171,278
2172,278
2173,278
2174,278
2175,278
2176,278
2177,278
2178,278
2179,278
2180,278
2181,278
2182,278
2183,278
2184,278
2185,278
2186,278
2187,278
2188,278
2189,278
2190,278
2191,278
2192,278
2193,278
2194,278
2195,278
2196,278
2197,278
2198,278
2199,278
2200,278
2201,278
2202,278
2203,278
2204,278
2205,278
2206,278
2207,278
2208,278
2209,278
2210,278
2211,278
2212,278
2213,278
2214,278
2215,278
2216,278
2217,278
2218,278
2219,278
2220,278
2221,278
2222,278
2223,278
2224,278
2225,278
2226,278
2227,278
2228,278
2229,278
2230,278
2231,278
2232,278
2233,278
2234,278
2235,278
2236,278
2237,278
2238,278
2239,278
2240,278
2241,278
2242,278
2243,278
2244,278
2245,278
2246,278
2247,278
2248,278
2249,278
2250,278
2251,278
2252,278
2253,278
2254,278
2255,278
2256,278
2257,278
2258,278
2259,278
2260,278
2261,278
2262,278
2263,278
2264,278
2265,278
2266,278
2267,278
2268,278
2269,278
2270,278
2271,278
2272,278
2273,278
2274,277
2275,277
2276,277
2277,277
2278,277
2279,276
2280,276
2281,276
2282,276
2283,276
2284,276
2285,276
2286,276
2287,276
2288,276
2289,276
2290,276
2291,276
2292,276
2293,276
2294,276
2295,276
2296,276
2297,276
2298,276
2299,276
2300,276
2301,276
2302,276
2303,276
2304,276
2305,276
2306,276
2307,276
2308,276
2309,276
2310,276
2311,276
2312,276
2313,276
2314,276
2315,276
2316,276
2317,276
2318,276
2319,276
2320,276
2321,276
2322,276
2323,276
2324,276
2325,276
2326,276
2327,276
2328,276
2329,276
2330,276
2331,276
2332,276
2333,276
2334,276
2335,276
2336,276
2337,276
2338,276
2339,276
2340,276
2341,276
2342,276
2343,276
2344,276
2345,276
2346,276
2347,276
2348,276
2349,276
2350,276
2351,276
2352,276
2353,276
2354,276
2355,276
2356,276
2357,276
2358,276
2359,276
2360,276
2361,276
2362,276
2363,276
2364,276
2365,276
2366,276
2367,276
2368,276
2369,276
2370,276
2371,276
2372,276
2373,276
2374,276
2375,276
2376,276
2377,276
2378,276
2379,276
2380,276
2381,276
2382,276
2383,276
2384,276
2385,276
2386,276
2387,276
2388,276
2389,276
2390,276
2391,276
2392,276
2393,276
2394,276
2395,276
2396,276
2397,276
2398,276
2399,276
2400,276
2401,276
2402,276
2403,276
2404,276
2405,276
2406,276
2407,276
2408,276
2409,276
2410,276
2411,276
2412,276
2413,276
2414,276
2415,276
2416,276
2417,276
2418,276
2419,276
2420,276
2421,276
2422,276
2423,276
2424,276
2425,276
2426,276
2427,276
2428,276
2429,276
2430,276
2431,276
2432,276
2433,276
2434,276
2435,276
2436,276
2437,276
2438,276
2439,276
2440,276
2441,276
2442,276
2443,276
2444,276
2445,276
2446,276
2447,276
2448,276
2449,276
2450,276
2451,276
2452,276
2453,276
2454,276
2455,276
2456,276
2457,276
2458,276
2459,276
2460,276
2461,276
2462,276
2463,276
2464,276
2465,276
2466,276
2467,276
2468,276
2469,276
2470,276
2471,276
2472,276
2473,275
2474,275
2475,275
2476,275
2477,275
2478,275
2479,275
2480,275
2481,275
2482,275
2483,275
2484,275
2485,275
2486,275
2487,275
2488,275
2489,275
2490,275
2491,275
2492,275
2493,275
2494,275
2495,275
2496,275
2497,275
2498,275
2499,275
2500,275
2501,275
2502,275
2503,275
2504,274
2505,274
2506,274
2507,274
2508,274
2509,274
2510,274
2511,274
2512,274
2513,274
2514,274
2515,274
2516,274
2517,274
2518,274
2519,274
2520,274
2521,274
2522,274
2523,274
2524,274
2525,274
2526,274
2527,274
2528,274
2529,274
2530,274
2531,274
2532,274
2533,274
2534,274
2535,274
2536,274
2537,274
2538,274
2539,274
2540,274
2541,274
2542,274
2543,274
2544,274
2545,274
2546,274
2547,274
2548,274
2549,274
2550,274
2551,274
2552,274
2553,274
2554,274
2555,274
2556,274
2557,274
2558,274
2559,274
2560,274
2561,274
2562,274
2563,274
2564,274
2565,274
2566,274
2567,274
2568,274
2569,274
2570,274
2571,274
2572,274
2573,274
2574,274
2575,274
2576,274
2577,274
2578,274
2579,274
2580,274
2581,274
2582,274
2583,273
2584,273
2585,273
2586,273
2587,273
2588,273
2589,273
2590,273
2591,273
2592,273
2593,273
2594,273
2595,273
2596,273
2597,273
2598,273
2599,273
2600,273
2601,273
2602,273
2603,273
2604,273
2605,273
2606,273
2607,273
2608,273
2609,273
2610,273
2611,273
2612,273
2613,273
2614,273
2615,273
2616,273
2617,273
2618,273
2619,273
2620,273
2621,273
2622,273
2623,273
2624,273
2625,273
2626,273
2627,273
2628,273
2629,273
2630,273
2631,273
2632,273
2633,273
2634,273
2635,273
2636,273
2637,273
2638,273
2639,273
2640,273
2641,273
2642,273
2643,273
2644,273
2645,273
2646,273
2647,273
2648,273
2649,273
2650,273
2651,273
2652,273
2653,272
2654,272
2655,272
2656,272
2657,272
2658,272
2659,272
2660,272
2661,271
2662,271
2663,271
2664,270
2665,270
2666,270
2667,270
2668,270
2669,270
2670,270
2671,270
2672,269
2673,269
2674,269
2675,269
2676,269
2677,269
2678,269
2679,269
2680,269
2681,269
2682,269
2683,269
2684,269
2685,269
2686,269
2687,269
2688,269
2689,269
2690,269
2691,269
2692,269
2693,269
2694,269
2695,269
2696,269
2697,269
2698,269
2699,269
2700,269
2701,269
2702,269
2703,269
2704,269
2705,269
2706,269
2707,269
2708,269
2709,269
2710,269
2711,269
2712,269
2713,269
2714,269
2715,268
2716,268
2717,268
2718,268
2719,268
2720,268
2721,268
2722,268
2723,268
2724,268
2725,268
2726,268
2727,268
2728,268
2729,268
2730,268
2731,268
2732,268
2733,268
2734,268
2735,268
2736,268
2737,268
2738,268
2739,268
2740,268
2741,268
2742,268
2743,268
2744,268
2745,268
2746,268
2747,268
2748,268
2749,268
2750,268
2751,268
2752,268
2753,268
2754,268
2755,268
2756,268
2757,268
2758,268
2759,268
2760,268
2761,268
2762,268
2763,267
2764,267
2765,267
2766,267
2767,267
2768,267
2769,267
2770,267
2771,267
2772,267
2773,267
2774,267
2775,267
2776,267
2777,267
2778,267
2779,267
2780,267
2781,267
2782,267
2783,267
2784,267
2785,267
2786,267
2787,267
2788,267
2789,267
2790,267
2791,267
2792,267
2793,267
2794,267
2795,267
2796,267
2797,267
2798,267
2799,267
2800,267
2801,267
2802,267
2803,267
2804,266
2805,266
2806,266
2807,266
2808,266
2809,266
2810,266
2811,266
2812,266
2813,266
2814,266
2815,266
2816,266
2817,266
2818,266
2819,266
2820,266
2821,266
2822,266
2823,266
2824,266
2825,266
2826,266
2827,266
2828,266
2829,266
2830,266
2831,266
2832,266
2833,266
2834,266
2835,266
2836,266
2837,266
2838,266
2839,266
2840,266
2841,266
2842,266
2843,266
2844,266
2845,266
2846,266
2847,266
2848,266
2849,266
2850,266
2851,266
2852,266
2853,266
2854,266
2855,266
2856,266
2857,266
2858,266
2859,266
2860,266
2861,266
2862,266
2863,266
2864,266
2865,266
2866,266
2867,265
2868,265
2869,265
2870,265
2871,265
2872,265
2873,265
2874,265
2875,265
2876,265
2877,265
2878,265
2879,265
2880,265
2881,265
2882,265
2883,265
2884,265
2885,265
2886,265
2887,265
2888,265
2889,265
2890,264
2891,264
2892,264
2893,264
2894,264
2895,264
2896,264
2897,264
2898,264
2899,264
2900,264
2901,264
2902,264
2903,264
2904,264
2905,264
2906,264
2907,264
2908,264
2909,264
2910,264
2911,264
2912,264
2913,264
2914,264
2915,264
2916,264
2917,264
2918,264
2919,264
2920,264
2921,264
2922,264
2923,264
2924,264
2925,264
2926,264
2927,264
2928,264
2929,264
2930,264
2931,264
2932,264
2933,264
2934,264
2935,264
2936,264
2937,264
2938,264
2939,264
2940,264
2941,264
2942,264
2943,264
2944,264
2945,264
2946,264
2947,264
2948,264
2949,264
2950,264
2951,264
2952,264
2953,264
2954,264
2955,264
2956,264
2957,264
2958,264
2959,264
2960,264
2961,264
2962,264
2963,264
2964,264
2965,264
2966,264
2967,264
2968,264
2969,264
2970,264
2971,264
2972,264
2973,264
2974,264
2975,264
2976,264
2977,264
2978,264
2979,264
2980,263
2981,263
2982,263
2983,263
2984,263
2985,263
2986,263
2987,263
2988,263
2989,262
2990,262
2991,262
2992,262
2993,262
2994,262
2995,262
2996,262
2997,262
2998,262
2999,262
3000,262
3001,262
3002,262
3003,262
3004,262
3005,262
3006,262
3007,262
3008,262
3009,262
3010,262
3011,262
3012,262
3013,262
3014,262
3015,262
3016,262
3017,262
3018,262
3019,262
3020,262
3021,262
3022,262
3023,262
3024,262
3025,262
3026,262
3027,262
3028,262
3029,262
3030,262
3031,262
3032,262
3033,262
3034,262
3035,262
3036,262
3037,262
3038,262
3039,262
3040,262
3041,262
3042,262
3043,262
3044,262
3045,262
3046,262
3047,262
3048,262
3049,262
3050,262
3051,262
3052,262
3053,262
3054,262
3055,262
3056,262
3057,262
3058,262
3059,262
3060,262
3061,262
3062,262
3063,262
3064,262
3065,262
3066,262
3067,262
3068,262
3069,262
3070,262
3071,262
3072,262
3073,262
3074,262
3075,262
3076,262
3077,262
3078,262
3079,262
3080,262
3081,262
3082,262
3083,262
3084,262
3085,262
3086,262
3087,262
3088,262
3089,262
3090,262
3091,262
3092,262
3093,262
3094,262
3095,262
3096,262
3097,262
3098,262
3099,262
3100,262
3101,262
3102,262
3103,262
3104,262
3105,262
3106,262
3107,262
3108,262
3109,262
3110,262
3111,262
3112,262
3113,262
3114,262
3115,262
3116,262
3117,262
3118,262
3119,262
3120,262
3121,262
3122,262
3123,262
3124,262
3125,262
3126,262
3127,262
3128,262
3129,262
3130,262
3131,262
3132,262
3133,262
3134,262
3135,262
3136,262
3137,262
3138,262
3139,262
3140,262
3141,262
3142,262
3143,262
3144,262
3145,262
3146,262
3147,262
3148,262
3149,262
3150,262
3151,262
3152,262
3153,262
3154,262
3155,261
3156,261
3157,261
3158,261
3159,261
3160,261
3161,261
3162,261
3163,261
3164,261
3165,261
3166,260
3167,260
3168,260
3169,260
3170,260
3171,260
3172,260
3173,260
3174,260
3175,259
3176,259
3177,259
3178,259
3179,259
3180,259
3181,259
3182,259
3183,259
3184,259
3185,259
3186,258
3187,258
3188,258
3189,258
3190,258
3191,258
3192,258
3193,258
3194,258
3195,257
3196,257
3197,257
3198,257
3199,257
3200,257
3201,257
3202,257
3203,257
3204,257
3205,257
3206,257
3207,257
3208,256
3209,256
3210,256
3211,256
3212,256
3213,256
3214,256
3215,256
3216,256
3217,256
3218,256
3219,256
3220,256
3221,256
3222,256
3223,256
3224,256
3225,256
3226,256
3227,256
3228,256
3229,255
3230,255
3231,255
3232,255
3233,255
3234,255
3235,255
3236,255
3237,255
3238,255
3239,255
3240,255
3241,255
3242,255
3243,255
3244,253
3245,253
3246,253
3247,253
3248,253
3249,253
3250,253
3251,253
3252,253
3253,253
3254,253
3255,253
3256,253
3257,253
3258,253
3259,253
3260,253
3261,253
3262,253
3263,253
3264,253
3265,253
3266,253
3267,253
3268,253
3269,253
3270,253
3271,253
3272,253
3273,253
3274,253
3275,253
3276,253
3277,253
3278,253
3279,253
3280,253
3281,253
3282,253
3283,253
3284,252
3285,252
3286,252
3287,252
3288,252
3289,252
3290,252
3291,252
3292,252
3293,252
3294,252
3295,252
3296,252
3297,252
3298,252
3299,252
3300,252
3301,252
3302,252
3303,252
3304,252
3305,252
3306,252
3307,252
3308,252
3309,252
3310,252
3311,252
3312,252
3313,252
3314,252
3315,252
3316,252
3317,252
3318,252
3319,252
3320,252
3321,252
3322,252
3323,251
3324,251
3325,251
3326,251
3327,251
3328,251
3329,251
3330,250
3331,250
3332,250
3333,250
3334,250
3335,250
3336,250
3337,250
3338,250
3339,250
3340,250
3341,250
3342,250
3343,250
3344,250
3345,250
3346,250
3347,250
3348,250
3349,250
3350,250
3351,250
3352,250
3353,250
3354,250
3355,250
3356,250
3357,250
3358,250
3359,250
3360,250
3361,250
3362,250
3363,250
3364,250
3365,250
3366,250
3367,250
3368,250
3369,250
3370,250
3371,250
3372,250
3373,250
3374,250
3375,250
3376,250
3377,250
3378,250
3379,250
3380,250
3381,250
3382,250
3383,250
3384,250
3385,250
3386,248
3387,248
3388,248
3389,248
3390,247
3391,247
3392,247
3393,247
3394,247
3395,247
3396,247
3397,247
3398,247
3399,247
3400,247
3401,247
3402,247
3403,247
3404,247
3405,247
3406,247
3407,247
3408,247
3409,247
3410,247
3411,247
3412,247
3413,247
3414,247
3415,247
3416,247
3417,247
3418,247
3419,246
3420,246
3421,246
3422,246
3423,246
3424,246
3425,246
3426,246
3427,246
3428,246
3429,246
3430,246
3431,246
3432,246
3433,246
3434,246
3435,246
3436,246
3437,246
3438,246
3439,246
3440,246
3441,246
3442,246
3443,246
3444,246
3445,246
3446,246
3447,246
3448,246
3449,246
3450,246
3451,246
3452,246
3453,246
3454,246
3455,246
3456,246
3457,246
3458,246
3459,246
3460,246
3461,246
3462,246
3463,246
3464,245
3465,245
3466,245
3467,244
3468,244
3469,244
3470,244
3471,244
3472,244
3473,244
3474,244
3475,244
3476,244
3477,244
3478,244
3479,244
3480,244
3481,244
3482,244
3483,244
3484,244
3485,244
3486,244
3487,244
3488,244
3489,244
3490,244
3491,244
3492,244
3493,243
3494,243
3495,243
3496,243
3497,243
3498,243
3499,243
3500,243
3501,243
3502,243
3503,243
3504,243
3505,243
3506,243
3507,243
3508,243
3509,243
3510,243
3511,243
3512,243
3513,243
3514,243
3515,243
3516,243
3517,243
3518,243
3519,243
3520,243
3521,243
3522,243
3523,243
3524,243
3525,243
3526,243
3527,243
3528,243
3529,243
3530,242
3531,242
3532,242
3533,242
3534,242
3535,242
3536,242
3537,242
3538,242
3539,242
3540,242
3541,242
3542,242
3543,242
3544,242
3545,242
3546,242
3547,242
3548,242
3549,242
3550,242
3551,242
3552,242
3553,242
3554,242
3555,242
3556,242
3557,242
3558,242
3559,242
3560,242
3561,242
3562,242
3563,242
3564,242
3565,242
3566,242
3567,242
3568,242
3569,241
3570,241
3571,241
3572,241
3573,241
3574,241
3575,241
3576,241
3577,241
3578,241
3579,241
3580,241
3581,241
3582,241
3583,241
3584,241
3585,241
3586,241
3587,241
3588,241
3589,241
3590,241
3591,241
3592,241
3593,241
3594,241
3595,241
3596,241
3597,241
3598,241
3599,241
3600,241
3601,241
3602,241
3603,241
3604,241
3605,241
3606,241
3607,241
3608,240
3609,240
3610,240
3611,240
3612,240
3613,240
3614,240
3615,239
3616,239
3617,239
3618,239
3619,239
3620,239
3621,239
3622,239
3623,239
3624,239
3625,239
3626,238
3627,238
3628,238
3629,238
3630,238
3631,238
3632,238
3633,238
3634,238
3635,238
3636,238
3637,238
3638,238
3639,238
3640,238
3641,238
3642,238
3643,238
3644,238
3645,238
3646,238
3647,238
3648,238
3649,238
3650,238
3651,238
3652,238
3653,238
3654,238
3655,238
3656,238
3657,238
3658,238
3659,238
3660,238
3661,238
3662,238
3663,238
3664,238
3665,238
3666,238
3667,238
3668,238
3669,238
3670,238
3671,238
3672,238
3673,238
3674,238
3675,238
3676,238
3677,238
3678,238
3679,238
3680,238
3681,238
3682,237
3683,237
3684,237
3685,237
3686,237
3687,237
3688,237
3689,237
3690,237
3691,237
3692,237
3693,237
3694,237
3695,237
3696,237
3697,237
3698,237
3699,237
3700,237
3701,237
3702,237
3703,237
3704,237
3705,237
3706,237
3707,237
3708,237
3709,237
3710,237
3711,237
3712,237
3713,237
3714,237
3715,237
3716,237
3717,237
3718,237
3719,237
3720,237
3721,237
3722,237
3723,237
3724,237
3725,237
3726,237
3727,237
3728,237
3729,237
3730,237
3731,237
3732,237
3733,237
3734,236
3735,236
3736,236
3737,236
3738,236
3739,236
3740,236
3741,236
3742,236
3743,236
3744,236
3745,236
3746,236
3747,236
3748,236
3749,236
3750,236
3751,236
3752,236
3753,236
3754,236
3755,236
3756,236
3757,236
3758,236
3759,236
3760,236
3761,236
3762,235
3763,235
3764,235
3765,235
3766,235
3767,235
3768,235
3769,235
3770,235
3771,235
3772,235
3773,235
3774,235
3775,235
3776,235
3777,235
3778,235
3779,235
3780,235
3781,235
3782,235
3783,235
3784,235
3785,235
3786,235
3787,235
3788,235
3789,235
3790,235
3791,235
3792,235
3793,235
3794,235
3795,235
3796,235
3797,235
3798,235
3799,234
3800,234
3801,234
3802,234
3803,234
3804,234
3805,234
3806,234
3807,234
3808,234
3809,234
3810,234
3811,234
3812,234
3813,234
3814,234
3815,233
3816,233
3817,233
3818,233
3819,233
3820,233
3821,233
3822,233
3823,233
3824,233
3825,233
3826,233
3827,233
3828,233
3829,233
3830,233
3831,233
3832,233
3833,233
3834,233
3835,233
3836,233
3837,233
3838,233
3839,233
3840,233
3841,233
3842,233
3843,233
3844,233
3845,233
3846,233
3847,233
3848,233
3849,233
3850,233
3851,233
3852,233
3853,233
3854,233
3855,233
3856,233
3857,233
3858,233
3859,232
3860,232
3861,232
3862,232
3863,232
3864,232
3865,232
3866,232
3867,232
3868,232
3869,232
3870,232
3871,232
3872,232
3873,232
3874,232
3875,232
3876,232
3877,232
3878,232
3879,232
3880,232
3881,232
3882,231
3883,231
3884,231
3885,231
3886,231
3887,231
3888,231
3889,231
3890,231
3891,231
3892,231
3893,231
3894,231
3895,231
3896,231
3897,231
3898,231
3899,231
3900,231
3901,231
3902,231
3903,231
3904,231
3905,231
3906,231
3907,231
3908,231
3909,231
3910,231
3911,231
3912,231
3913,231
3914,231
3915,231
3916,231
3917,231
3918,231
3919,231
3920,231
3921,231
3922,231
3923,231
3924,231
3925,231
3926,231
3927,231
3928,231
3929,231
3930,231
3931,231
3932,231
3933,231
3934,231
3935,231
3936,231
3937,231
3938,231
3939,231
3940,231
3941,231
3942,231
3943,231
3944,231
3945,231
3946,231
3947,231
3948,231
3949,230
3950,230
3951,230
3952,230
3953,230
3954,230
3955,230
3956,230
3957,230
3958,230
3959,230
3960,230
3961,230
3962,230
3963,230
3964,230
3965,228
3966,228
3967,228
3968,228
3969,227
3970,227
3971,227
3972,226
3973,226
3974,226
3975,226
3976,226
3977,226
3978,226
3979,226
3980,226
3981,226
3982,226
3983,226
3984,226
3985,226
3986,226
3987,226
3988,226
3989,226
3990,226
3991,226
3992,226
3993,226
3994,226
3995,226
3996,226
3997,226
3998,226
3999,226
4000,226
4001,226
4002,226
4003,226
4004,226
4005,226
4006,226
4007,226
4008,226
4009,226
4010,226
4011,226
4012,226
4013,226
4014,226
4015,226
4016,226
4017,226
4018,226
4019,226
4020,226
4021,226
4022,226
4023,226
4024,226
4025,226
4026,226
4027,226
4028,226
4029,226
4030,226
4031,226
4032,225
4033,224
4034,224
4035,224
4036,224
4037,224
4038,224
4039,224
4040,224
4041,224
4042,224
4043,224
4044,224
4045,224
4046,224
4047,224
4048,224
4049,224
4050,224
4051,224
4052,224
4053,224
4054,224
4055,224
4056,224
4057,224
4058,224
4059,224
4060,224
4061,224
4062,224
4063,224
4064,224
4065,224
4066,224
4067,224
4068,224
4069,224
4070,224
4071,224
4072,224
4073,224
4074,224
4075,224
4076,224
4077,224
4078,224
4079,223
4080,223
4081,223
4082,223
4083,223
4084,223
4085,223
4086,223
4087,223
4088,223
4089,223
4090,223
4091,223
4092,223
4093,223
4094,223
4095,223
4096,223
4097,223
4098,223
4099,223
4100,223
4101,223
4102,223
4103,223
4104,223
4105,223
4106,223
4107,223
4108,223
4109,223
4110,223
4111,223
4112,223
4113,223
4114,223
4115,223
4116,223
4117,223
4118,223
4119,222
4120,222
4121,222
4122,222
4123,222
4124,222
4125,222
4126,222
4127,222
4128,222
4129,222
4130,222
4131,222
4132,222
4133,222
4134,222
4135,222
4136,222
4137,222
4138,222
4139,222
4140,222
4141,222
4142,222
4143,222
4144,222
4145,222
4146,222
4147,222
4148,222
4149,222
4150,222
4151,222
4152,222
4153,222
4154,222
4155,222
4156,222
4157,222
4158,222
4159,222
4160,222
4161,222
4162,222
4163,222
4164,222
4165,222
4166,222
4167,222
4168,222
4169,222
4170,222
4171,222
4172,222
4173,222
4174,222
4175,222
4176,222
4177,222
4178,222
4179,222
4180,222
4181,222
4182,222
4183,222
4184,222
4185,222
4186,222
4187,222
4188,222
4189,222
4190,222
4191,222
4192,222
4193,222
4194,222
4195,222
4196,222
4197,222
4198,222
4199,222
4200,222
4201,222
4202,222
4203,222
4204,222
4205,222
4206,222
4207,222
4208,222
4209,222
4210,222
4211,222
4212,222
4213,222
4214,222
4215,222
4216,222
4217,222
4218,222
4219,222
4220,222
4221,222
4222,222
4223,222
4224,222
4225,222
4226,222
4227,222
4228,222
4229,222
4230,222
4231,222
4232,222
4233,222
4234,222
4235,222
4236,222
4237,222
4238,222
4239,222
4240,222
4241,222
4242,222
4243,222
4244,222
4245,222
4246,222
4247,222
4248,222
4249,222
4250,222
4251,222
4252,222
4253,222
4254,222
4255,222
4256,222
4257,222
4258,222
4259,222
4260,222
4261,222
4262,222
4263,222
4264,222
4265,222
4266,222
4267,222
4268,222
4269,222
4270,222
4271,222
4272,222
4273,222
4274,222
4275,222
4276,222
4277,222
4278,222
4279,222
4280,222
4281,222
4282,222
4283,222
4284,222
4285,222
4286,222
4287,222
4288,222
4289,222
4290,222
4291,222
4292,222
4293,222
4294,222
4295,222
4296,222
4297,222
4298,222
4299,222
4300,222
4301,222
4302,222
4303,222
4304,222
4305,222
4306,222
4307,222
4308,222
4309,222
4310,221
4311,221
4312,221
4313,221
4314,221
4315,221
4316,221
4317,221
4318,221
4319,221
4320,221
4321,221
4322,221
4323,221
4324,221
4325,221
4326,221
4327,221
4328,221
4329,221
4330,221
4331,221
4332,221
4333,221
4334,221
4335,221
4336,221
4337,221
4338,221
4339,221
4340,221
4341,221
4342,221
4343,221
4344,221
4345,221
4346,221
4347,221
4348,221
4349,221
4350,221
4351,221
4352,221
4353,221
4354,221
4355,221
4356,221
4357,221
4358,221
4359,221
4360,221
4361,221
4362,221
4363,221
4364,221
4365,221
4366,221
4367,221
4368,221
4369,221
4370,221
4371,221
4372,221
4373,221
4374,221
4375,220
4376,220
4377,220
4378,220
4379,220
4380,220
4381,220
4382,220
4383,220
4384,220
4385,220
4386,220
4387,220
4388,220
4389,220
4390,220
4391,219
4392,219
4393,219
4394,219
4395,219
4396,219
4397,219
4398,219
4399,219
4400,219
4401,219
4402,219
4403,219
4404,219
4405,219
4406,219
4407,219
4408,219
4409,219
4410,219
4411,219
4412,219
4413,219
4414,219
4415,219
4416,219
4417,219
4418,219
4419,219
4420,219
4421,219
4422,219
4423,219
4424,218
4425,218
4426,218
4427,218
4428,218
4429,218
4430,218
4431,218
4432,218
4433,218
4434,218
4435,218
4436,218
4437,218
4438,218
4439,218
4440,218
4441,218
4442,218
4443,218
4444,218
4445,218
4446,218
4447,218
4448,218
4449,218
4450,218
4451,217
4452,217
4453,217
4454,217
4455,217
4456,217
4457,217
4458,217
4459,216
4460,216
4461,216
4462,215
4463,215
4464,215
4465,215
4466,215
4467,215
4468,215
4469,215
4470,215
4471,215
4472,215
4473,215
4474,215
4475,215
4476,215
4477,215
4478,215
4479,215
4480,215
4481,215
4482,215
4483,215
4484,215
4485,215
4486,215
4487,215
4488,215
4489,215
4490,215
4491,215
4492,215
4493,215
4494,215
4495,215
4496,215
4497,215
4498,215
4499,215
4500,215
4501,215
4502,215
4503,215
4504,215
4505,215
4506,215
4507,215
4508,215
4509,215
4510,215
4511,215
4512,215
4513,214
4514,214
4515,214
4516,214
4517,214
4518,214
4519,214
4520,214
4521,214
4522,214
4523,214
4524,214
4525,214
4526,214
4527,214
4528,214
4529,214
4530,214
4531,214
4532,214
4533,214
4534,214
4535,214
4536,214
4537,214
4538,214
4539,214
4540,214
4541,214
4542,214
4543,214
4544,214
4545,214
4546,214
4547,214
4548,214
4549,214
4550,214
4551,214
4552,214
4553,214
4554,213
4555,213
4556,213
4557,213
4558,213
4559,213
4560,213
4561,213
4562,213
4563,213
4564,213
4565,213
4566,213
4567,213
4568,213
4569,213
4570,213
4571,213
4572,213
4573,213
4574,213
4575,213
4576,213
4577,213
4578,213
4579,212
4580,212
4581,212
4582,212
4583,212
4584,212
4585,212
4586,212
4587,212
4588,212
4589,212
4590,212
4591,212
4592,212
4593,212
4594,212
4595,212
4596,212
4597,212
4598,212
4599,212
4600,212
4601,212
4602,212
4603,212
4604,212
4605,212
4606,212
4607,212
4608,212
4609,212
4610,212
4611,212
4612,212
4613,212
4614,212
4615,212
4616,212
4617,212
4618,212
4619,212
4620,212
4621,212
4622,212
4623,212
4624,212
4625,212
4626,212
4627,212
4628,212
4629,212
4630,212
4631,212
4632,212
4633,212
4634,212
4635,212
4636,212
4637,212
4638,212
4639,212
4640,212
4641,212
4642,212
4643,212
4644,212
4645,212
4646,212
4647,212
4648,212
4649,212
4650,212
4651,212
4652,212
4653,212
4654,212
4655,212
4656,212
4657,212
4658,212
4659,212
4660,212
4661,212
4662,212
4663,212
4664,212
4665,212
4666,212
4667,212
4668,212
4669,212
4670,212
4671,212
4672,212
4673,212
4674,212
4675,212
4676,212
4677,212
4678,212
4679,212
4680,212
4681,211
4682,211
4683,211
4684,211
4685,211
4686,211
4687,211
4688,211
4689,211
4690,211
4691,211
4692,210
4693,210
4694,210
4695,210
4696,210
4697,210
4698,210
4699,210
4700,210
4701,210
4702,210
4703,210
4704,210
4705,210
4706,210
4707,210
4708,210
4709,210
4710,210
4711,210
4712,210
4713,210
4714,210
4715,210
4716,210
4717,210
4718,210
4719,210
4720,210
4721,210
4722,210
4723,210
4724,210
4725,210
4726,210
4727,210
4728,210
4729,210
4730,210
4731,210
4732,210
4733,210
4734,210
4735,210
4736,210
4737,210
4738,210
4739,210
4740,209
4741,209
4742,209
4743,209
4744,209
4745,209
4746,209
4747,208
4748,208
4749,208
4750,208
4751,208
4752,208
4753,208
4754,208
4755,208
4756,208
4757,208
4758,208
4759,208
4760,208
4761,208
4762,208
4763,208
4764,208
4765,208
4766,207
4767,207
4768,207
4769,207
4770,207
4771,207
4772,207
4773,207
4774,207
4775,207
4776,207
4777,207
4778,207
4779,207
4780,207
4781,207
4782,207
4783,207
4784,207
4785,207
4786,207
4787,207
4788,207
4789,207
4790,207
4791,207
4792,207
4793,207
4794,207
4795,207
4796,207
4797,207
4798,207
4799,207
4800,207
4801,207
4802,207
4803,207
4804,207
4805,207
4806,207
4807,207
4808,207
4809,207
4810,207
4811,207
4812,207
4813,207
4814,207
4815,207
4816,207
4817,207
4818,207
4819,207
4820,207
4821,207
4822,207
4823,207
4824,207
4825,207
4826,207
4827,207
4828,207
4829,207
4830,207
4831,207
4832,207
4833,207
4834,207
4835,207
4836,207
4837,207
4838,207
4839,207
4840,207
4841,207
4842,207
4843,207
4844,207
4845,207
4846,207
4847,207
4848,207
4849,207
4850,207
4851,207
4852,207
4853,207
4854,207
4855,207
4856,207
4857,207
4858,207
4859,207
4860,207
4861,207
4862,207
4863,207
4864,207
4865,207
4866,207
4867,207
4868,207
4869,207
4870,207
4871,207
4872,207
4873,207
4874,207
4875,207
4876,207
4877,207
4878,207
4879,207
4880,207
4881,207
4882,207
4883,207
4884,207
4885,207
4886,207
4887,207
4888,207
4889,207
4890,207
4891,207
4892,207
4893,207
4894,207
4895,207
4896,207
4897,207
4898,207
4899,207
4900,207
4901,207
4902,207
4903,207
4904,207
4905,207
4906,207
4907,207
4908,207
4909,207
4910,207
4911,207
4912,207
4913,207
4914,207
4915,207
4916,207
4917,207
4918,207
4919,207
4920,207
4921,207
4922,207
4923,207
4924,207
4925,207
4926,207
4927,207
4928,207
4929,207
4930,207
4931,207
4932,207
4933,207
4934,207
4935,207
4936,207
4937,207
4938,207
4939,207
4940,207
4941,207
4942,207
4943,207
4944,207
4945,207
4946,207
4947,207
4948,207
4949,207
4950,207
4951,207
4952,207
4953,207
4954,207
4955,207
4956,207
4957,207
4958,207
4959,207
4960,207
4961,207
4962,207
4963,207
4964,207
4965,207
4966,207
4967,207
4968,207
4969,207
4970,207
4971,207
4972,207
4973,207
4974,207
4975,207
4976,207
4977,207
4978,207
4979,207
4980,207
4981,207
4982,207
4983,207
4984,207
4985,207
4986,207
4987,207
4988,207
4989,207
4990,207
4991,207
4992,207
4993,207
4994,207
4995,207
4996,207
4997,207
4998,207
4999,207
5000,207
5001,207
5002,207
5003,207
5004,207
5005,207
5006,207
5007,207
5008,207
5009,207
5010,207
5011,207
5012,207
5013,207
5014,207
5015,207
5016,207
5017,207
5018,207
5019,207
5020,207
5021,207
5022,207
5023,207
5024,207
5025,207
5026,207
5027,207
5028,207
5029,207
5030,207
5031,207
5032,207
5033,207
5034,207
5035,207
5036,207
5037,207
5038,207
5039,207
5040,207
5041,207
5042,207
5043,207
5044,207
5045,207
5046,207
5047,207
5048,207
5049,207
5050,207
5051,207
5052,207
5053,207
5054,207
5055,207
5056,207
5057,207
5058,207
5059,207
5060,207
5061,207
5062,207
5063,207
5064,207
5065,207
5066,207
5067,207
5068,207
5069,207
5070,207
5071,207
5072,207
5073,207
5074,207
5075,207
5076,207
5077,207
5078,207
5079,207
5080,207
5081,207
5082,207
5083,207
5084,207
5085,207
5086,207
5087,207
5088,207
5089,207
5090,207
5091,207
5092,207
5093,207
5094,207
5095,207
5096,207
5097,207
5098,207
5099,207
5100,207
5101,207
5102,207
5103,207
5104,207
5105,207
5106,207
5107,207
5108,207
5109,207
5110,207
5111,207
5112,207
5113,207
5114,207
5115,207
5116,207
5117,207
5118,207
5119,207
5120,207
5121,207
5122,207
5123,207
5124,207
5125,207
5126,207
5127,207
5128,207
5129,207
5130,207
5131,207
5132,207
5133,207
5134,207
5135,207
5136,207
5137,207
5138,207
5139,207
5140,207
5141,207
5142,207
5143,207
5144,207
5145,207
5146,207
5147,207
5148,207
5149,207
5150,207
5151,207
5152,207
5153,207
5154,207
5155,207
5156,207
5157,207
5158,207
5159,207
5160,207
5161,207
5162,207
5163,207
5164,207
5165,207
5166,207
5167,207
5168,207
5169,207
5170,207
5171,207
5172,207
5173,207
5174,207
5175,207
5176,207
5177,207
5178,207
5179,207
5180,207
5181,207
5182,207
5183,207
5184,207
5185,207
5186,207
5187,207
5188,207
5189,207
5190,207
5191,207
5192,207
5193,207
5194,207
5195,207
5196,207
5197,207
5198,207
5199,207
5200,207
5201,207
5202,207
5203,207
5204,207
5205,207
5206,207
5207,207
5208,207
5209,207
5210,207
5211,207
5212,207
5213,207
5214,207
5215,207
5216,207
5217,207
5218,207
5219,207
5220,207
5221,207
5222,207
5223,207
5224,207
5225,207
5226,207
5227,207
5228,207
5229,207
5230,207
5231,207
5232,207
5233,207
5234,207
5235,207
5236,207
5237,207
5238,207
5239,207
5240,207
5241,207
5242,207
5243,207
5244,207
5245,207
5246,207
5247,207
5248,207
5249,207
5250,207
5251,207
5252,207
5253,207
5254,207
5255,207
5256,207
5257,207
5258,207
5259,207
5260,207
5261,207
5262,207
5263,207
5264,207
5265,207
5266,207
5267,207
5268,207
5269,207
5270,207
5271,207
5272,207
5273,207
5274,207
5275,207
5276,207
5277,207
5278,207
5279,207
5280,207
5281,207
5282,207
5283,207
5284,207
5285,207
5286,207
5287,207
5288,207
5289,207
5290,207
5291,207
5292,207
5293,207
5294,207
5295,207
5296,207
5297,207
5298,207
5299,207
5300,207
5301,207
5302,207
5303,207
5304,207
5305,207
5306,207
5307,207
5308,207
5309,207
5310,207
5311,207
5312,207
5313,207
5314,207
5315,207
5316,207
5317,207
5318,207
5319,207
5320,207
5321,207
5322,207
5323,207
5324,207
5325,207
5326,207
5327,207
5328,207
5329,207
5330,207
5331,207
5332,207
5333,207
5334,207
5335,207
5336,207
5337,207
5338,207
5339,207
5340,207
5341,207
5342,207
5343,207
5344,207
5345,207
5346,207
5347,207
5348,207
5349,207
5350,207
5351,207
5352,207
5353,207
5354,207
5355,207
5356,207
5357,207
5358,207
5359,207
5360,207
5361,207
5362,207
5363,207
5364,207
5365,207
5366,207
5367,207
5368,207
5369,207
5370,207
5371,207
5372,207
5373,207
5374,207
5375,207
5376,207
5377,207
5378,207
5379,207
5380,207
5381,207
5382,207
5383,207
5384,207
5385,207
5386,207
5387,207
5388,207
5389,207
5390,207
5391,207
5392,207
5393,207
5394,207
5395,207
5396,207
5397,207
5398,207
5399,207
5400,207
5401,207
5402,207
5403,207
5404,207
5405,207
5406,207
5407,206
5408,206
5409,206
5410,206
5411,206
5412,206
5413,206
5414,206
5415,206
5416,206
5417,206
5418,206
5419,206
5420,206
5421,206
5422,206
5423,206
5424,206
5425,206
5426,206
5427,206
5428,206
5429,206
5430,206
5431,206
5432,206
5433,206
5434,206
5435,206
5436,206
5437,206
5438,206
5439,206
5440,206
5441,206
5442,206
5443,206
5444,206
5445,206
5446,206
5447,206
5448,206
5449,206
5450,206
5451,206
5452,206
5453,206
5454,206
5455,206
5456,206
5457,206
5458,206
5459,206
5460,206
5461,206
5462,206
5463,206
5464,206
5465,206
5466,206
5467,206
5468,206
5469,206
5470,206
5471,206
5472,206
5473,206
5474,206
5475,206
5476,206
5477,206
5478,206
5479,205
5480,205
5481,205
5482,205
5483,205
5484,205
5485,205
5486,205
5487,205
5488,205
5489,205
5490,205
5491,205
5492,205
5493,205
5494,205
5495,205
5496,205
5497,205
5498,205
5499,205
5500,205
5501,205
5502,205
5503,205
5504,205
5505,205
5506,205
5507,205
5508,205
5509,205
5510,205
5511,205
5512,205
5513,205
5514,205
5515,205
5516,205
5517,205
5518,205
5519,205
5520,205
5521,205
5522,205
5523,205
5524,205
5525,204
5526,204
5527,204
5528,204
5529,204
5530,204
5531,204
5532,204
5533,204
5534,204
5535,204
5536,204
5537,204
5538,204
5539,204
5540,204
5541,204
5542,204
5543,204
5544,204
5545,204
5546,204
5547,204
5548,204
5549,204
5550,204
5551,204
5552,204
5553,204
5554,204
5555,204
5556,204
5557,204
5558,204
5559,204
5560,204
5561,204
5562,204
5563,204
5564,204
5565,204
5566,204
5567,204
5568,204
5569,204
5570,204
5571,204
5572,204
5573,204
5574,204
5575,204
5576,204
5577,204
5578,204
5579,204
5580,204
5581,204
5582,204
5583,204
5584,204
5585,204
5586,204
5587,204
5588,204
5589,204
5590,204
5591,204
5592,204
5593,204
5594,204
5595,204
5596,204
5597,204
5598,204
5599,204
5600,204
5601,204
5602,204
5603,204
5604,204
5605,204
5606,204
5607,204
5608,204
5609,204
5610,204
5611,204
5612,204
5613,204
5614,204
5615,204
5616,204
5617,204
5618,204
5619,204
5620,204
5621,204
5622,204
5623,204
5624,204
5625,204
5626,204
5627,204
5628,204
5629,204
5630,204
5631,204
5632,204
5633,204
5634,204
5635,204
5636,204
5637,204
5638,204
5639,204
5640,204
5641,204
5642,204
5643,204
5644,204
5645,204
5646,204
5647,204
5648,204
5649,204
5650,204
5651,204
5652,204
5653,204
5654,204
5655,204
5656,204
5657,204
5658,204
5659,204
5660,204
5661,204
5662,204
5663,204
5664,204
5665,204
5666,204
5667,204
5668,204
5669,204
5670,203
5671,203
5672,203
5673,203
5674,203
5675,203
5676,203
5677,203
5678,203
5679,203
5680,203
5681,203
5682,203
5683,203
5684,203
5685,203
5686,203
5687,203
5688,203
5689,203
5690,203
5691,203
5692,203
5693,203
5694,203
5695,203
5696,203
5697,203
5698,203
5699,203
5700,203
5701,203
5702,203
5703,203
5704,203
5705,203
5706,203
5707,203
5708,203
5709,203
5710,203
5711,203
5712,203
5713,203
5714,203
5715,203
5716,203
5717,203
5718,203
5719,203
5720,203
5721,203
5722,203
5723,203
5724,203
5725,203
5726,203
5727,203
5728,203
5729,202
5730,202
5731,202
5732,202
5733,202
5734,202
5735,202
5736,202
5737,202
5738,202
5739,202
5740,202
5741,202
5742,202
5743,202
5744,202
5745,202
5746,202
5747,202
5748,202
5749,202
5750,202
5751,202
5752,202
5753,202
5754,202
5755,202
5756,202
5757,202
5758,202
5759,202
5760,202
5761,202
5762,202
5763,202
5764,202
5765,202
5766,202
5767,202
5768,202
5769,202
5770,202
5771,202
5772,202
5773,202
5774,202
5775,202
5776,202
5777,202
5778,202
5779,202
5780,202
5781,202
5782,202
5783,202
5784,202
5785,202
5786,202
5787,202
5788,202
5789,202
5790,202
5791,202
5792,202
5793,202
5794,202
5795,202
5796,202
5797,202
5798,202
5799,202
5800,202
5801,202
5802,202
5803,202
5804,202
5805,202
5806,202
5807,202
5808,202
5809,202
5810,202
5811,202
5812,202
5813,202
5814,202
5815,202
5816,202
5817,202
5818,202
5819,202
5820,202
5821,202
5822,202
5823,202
5824,202
5825,202
5826,202
5827,202
5828,202
5829,202
5830,202
5831,202
5832,202
5833,202
5834,202
5835,202
5836,202
5837,202
5838,202
5839,202
5840,202
5841,202
5842,202
5843,202
5844,202
5845,202
5846,202
5847,202
5848,202
5849,202
5850,202
5851,202
5852,202
5853,202
5854,202
5855,202
5856,202
5857,202
5858,202
5859,202
5860,202
5861,202
5862,202
5863,202
5864,202
5865,202
5866,202
5867,202
5868,202
5869,202
5870,202
5871,202
5872,202
5873,202
5874,202
5875,202
5876,202
5877,202
5878,202
5879,202
5880,202
5881,202
5882,202
5883,202
5884,202
5885,202
5886,202
5887,202
5888,202
5889,202
5890,202
5891,202
5892,202
5893,202
5894,202
5895,202
5896,202
5897,202
5898,202
5899,202
5900,202
5901,202
5902,202
5903,201
5904,201
5905,200
5906,200
5907,200
5908,200
5909,200
5910,200
5911,200
5912,200
5913,200
5914,200
5915,200
5916,200
5917,200
5918,200
5919,200
5920,200
5921,200
5922,200
5923,200
5924,200
5925,200
5926,200
5927,200
5928,200
5929,200
5930,200
5931,200
5932,200
5933,200
5934,200
5935,200
5936,200
5937,200
5938,200
5939,200
5940,200
5941,200
5942,200
5943,200
5944,200
5945,200
5946,200
5947,200
5948,200
5949,200
5950,200
5951,200
5952,200
5953,200
5954,200
5955,200
5956,200
5957,200
5958,200
5959,200
5960,200
5961,200
5962,200
5963,200
5964,200
5965,200
5966,200
5967,200
5968,200
5969,200
5970,200
5971,200
5972,200
5973,200
5974,200
5975,200
5976,200
5977,200
5978,200
5979,200
5980,200
5981,200
5982,200
5983,200
5984,200
5985,200
5986,200
5987,200
5988,200
5989,200
5990,200
5991,200
5992,200
5993,200
5994,200
5995,200
5996,200
5997,200
5998,200
5999,200
6000,200
6001,200
6002,200
6003,200
6004,200
6005,200
6006,200
6007,200
6008,200
6009,200
6010,200
6011,200
6012,200
6013,200
6014,200
6015,200
6016,200
6017,200
6018,200
6019,200
6020,200
6021,200
6022,200
6023,200
6024,200
6025,200
6026,200
6027,200
6028,200
6029,200
6030,200
6031,200
6032,200
6033,200
6034,200
6035,200
6036,200
6037,200
6038,200
6039,200
6040,200
6041,200
6042,200
6043,200
6044,200
6045,200
6046,200
6047,200
6048,200
6049,200
6050,200
6051,200
6052,200
6053,200
6054,200
6055,200
6056,200
6057,200
6058,200
6059,200
6060,200
6061,200
6062,200
6063,200
6064,200
6065,200
6066,200
6067,200
6068,200
6069,200
6070,200
6071,200
6072,200
6073,200
6074,200
6075,200
6076,200
6077,200
6078,200
6079,200
6080,200
6081,200
6082,200
6083,200
6084,200
6085,199
6086,199
6087,199
6088,199
6089,199
6090,199
6091,198
6092,198
6093,198
6094,198
6095,198
6096,198
6097,198
6098,198
6099,198
6100,198
6101,198
6102,198
6103,197
6104,197
6105,197
6106,197
6107,197
6108,197
6109,197
6110,197
6111,197
6112,197
6113,197
6114,197
6115,197
6116,197
6117,197
6118,197
6119,197
6120,197
6121,197
6122,197
6123,197
6124,197
6125,197
6126,197
6127,197
6128,197
6129,197
6130,196
6131,196
6132,196
6133,196
6134,196
6135,196
6136,196
6137,196
6138,196
6139,196
6140,196
6141,196
6142,196
6143,196
6144,196
6145,196
6146,196
6147,196
6148,196
6149,196
6150,196
6151,196
6152,196
6153,196
6154,196
6155,196
6156,196
6157,196
6158,196
6159,196
6160,196
6161,196
6162,196
6163,196
6164,196
6165,196
6166,196
6167,196
6168,196
6169,196
6170,196
6171,196
6172,196
6173,196
6174,196
6175,196
6176,196
6177,196
6178,196
6179,196
6180,196
6181,196
6182,196
6183,196
6184,196
6185,196
6186,196
6187,196
6188,196
6189,196
6190,196
6191,196
6192,196
6193,196
6194,196
6195,196
6196,196
6197,196
6198,196
6199,196
6200,196
6201,196
6202,196
6203,196
6204,196
6205,196
6206,196
6207,196
6208,196
6209,196
6210,196
6211,196
6212,196
6213,196
6214,196
6215,196
6216,196
6217,196
6218,196
6219,196
6220,196
6221,196
6222,196
6223,196
6224,196
6225,196
6226,196
6227,196
6228,196
6229,196
6230,196
6231,196
6232,196
6233,196
6234,196
6235,196
6236,196
6237,196
6238,196
6239,196
6240,196
6241,196
6242,196
6243,196
6244,196
6245,196
6246,196
6247,196
6248,196
6249,196
6250,196
6251,196
6252,196
6253,196
6254,196
6255,196
6256,196
6257,195
6258,195
6259,195
6260,195
6261,195
6262,195
6263,195
6264,195
6265,195
6266,195
6267,195
6268,195
6269,195
6270,195
6271,195
6272,195
6273,195
6274,195
6275,195
6276,195
6277,195
6278,195
6279,195
6280,195
6281,195
6282,195
6283,195
6284,195
6285,195
6286,195
6287,195
6288,195
6289,195
6290,195
6291,195
6292,195
6293,195
6294,195
6295,195
6296,195
6297,195
6298,195
6299,195
6300,195
6301,195
6302,195
6303,195
6304,195
6305,195
6306,195
6307,195
6308,195
6309,195
6310,195
6311,195
6312,195
6313,195
6314,195
6315,195
6316,195
6317,195
6318,195
6319,195
6320,195
6321,195
6322,195
6323,195
6324,195
6325,195
6326,195
6327,195
6328,195
6329,195
6330,195
6331,195
6332,195
6333,195
6334,195
6335,195
6336,195
6337,195
6338,195
6339,195
6340,195
6341,195
6342,195
6343,195
6344,195
6345,195
6346,195
6347,195
6348,195
6349,195
6350,195
6351,195
6352,195
6353,195
6354,195
6355,195
6356,195
6357,195
6358,195
6359,195
6360,195
6361,195
6362,195
6363,195
6364,195
6365,195
6366,195
6367,195
6368,195
6369,195
6370,195
6371,195
6372,195
6373,195
6374,195
6375,195
6376,195
6377,195
6378,195
6379,195
6380,195
6381,195
6382,195
6383,195
6384,195
6385,195
6386,195
6387,195
6388,195
6389,195
6390,195
6391,195
6392,195
6393,195
6394,195
6395,195
6396,195
6397,195
6398,195
6399,195
6400,195
6401,195
6402,195
6403,195
6404,194
6405,194
6406,194
6407,194
6408,194
6409,194
6410,194
6411,194
6412,194
6413,194
6414,194
6415,194
6416,194
6417,194
6418,194
6419,194
6420,194
6421,194
6422,194
6423,194
6424,194
6425,194
6426,194
6427,194
6428,194
6429,193
6430,193
6431,193
6432,193
6433,193
6434,193
6435,193
6436,193
6437,193
6438,193
6439,193
6440,193
6441,193
6442,193
6443,193
6444,193
6445,193
6446,193
6447,193
6448,193
6449,193
6450,193
6451,193
6452,193
6453,193
6454,193
6455,193
6456,193
6457,193
6458,193
6459,193
6460,193
6461,193
6462,193
6463,193
6464,193
6465,193
6466,193
6467,193
6468,193
6469,192
6470,192
6471,192
6472,192
6473,192
6474,192
6475,192
6476,192
6477,192
6478,192
6479,192
6480,192
6481,192
6482,192
6483,192
6484,192
6485,192
6486,192
6487,192
6488,192
6489,192
6490,192
6491,192
6492,192
6493,192
6494,192
6495,192
6496,192
6497,192
6498,192
6499,192
6500,192
6501,192
6502,192
6503,192
6504,192
6505,192
6506,192
6507,192
6508,192
6509,192
6510,192
6511,192
6512,192
6513,192
6514,192
6515,192
6516,192
6517,192
6518,192
6519,192
6520,192
6521,192
6522,192
6523,192
6524,192
6525,192
6526,192
6527,192
6528,192
6529,192
6530,192
6531,192
6532,192
6533,192
6534,192
6535,192
6536,192
6537,192
6538,192
6539,192
6540,192
6541,192
6542,192
6543,192
6544,192
6545,192
6546,192
6547,192
6548,192
6549,192
6550,192
6551,192
6552,192
6553,192
6554,192
6555,192
6556,192
6557,192
6558,192
6559,192
6560,192
6561,192
6562,192
6563,192
6564,192
6565,192
6566,192
6567,192
6568,192
6569,192
6570,192
6571,192
6572,192
6573,192
6574,192
6575,192
6576,192
6577,192
6578,192
6579,192
6580,192
6581,192
6582,192
6583,192
6584,192
6585,192
6586,192
6587,192
6588,192
6589,192
6590,192
6591,192
6592,192
6593,192
6594,192
6595,192
6596,192
6597,192
6598,192
6599,192
6600,192
6601,192
6602,192
6603,192
6604,192
6605,192
6606,192
6607,192
6608,192
6609,192
6610,192
6611,192
6612,192
6613,192
6614,192
6615,192
6616,192
6617,192
6618,192
6619,192
6620,192
6621,192
6622,192
6623,192
6624,192
6625,192
6626,192
6627,192
6628,192
6629,192
6630,192
6631,192
6632,192
6633,192
6634,192
6635,192
6636,192
6637,192
6638,192
6639,192
6640,192
6641,192
6642,192
6643,192
6644,192
6645,192
6646,192
6647,192
6648,192
6649,192
6650,192
6651,192
6652,192
6653,192
6654,192
6655,192
6656,192
6657,192
6658,192
6659,192
6660,192
6661,192
6662,192
6663,192
6664,192
6665,192
6666,192
6667,192
6668,192
6669,192
6670,192
6671,192
6672,192
6673,192
6674,192
6675,192
6676,192
6677,192
6678,192
6679,192
6680,192
6681,192
6682,192
6683,192
6684,192
6685,192
6686,192
6687,192
6688,192
6689,192
6690,192
6691,192
6692,192
6693,192
6694,192
6695,192
6696,191
6697,191
6698,191
6699,191
6700,191
6701,191
6702,191
6703,191
6704,191
6705,191
6706,191
6707,191
6708,191
6709,191
6710,191
6711,191
6712,191
6713,191
6714,191
6715,191
6716,191
6717,191
6718,191
6719,191
6720,191
6721,191
6722,191
6723,191
6724,191
6725,191
6726,191
6727,191
6728,191
6729,191
6730,191
6731,191
6732,191
6733,191
6734,191
6735,191
6736,191
6737,191
6738,191
6739,191
6740,191
6741,191
6742,191
6743,191
6744,191
6745,191
6746,191
6747,191
6748,191
6749,191
6750,191
6751,191
6752,191
6753,191
6754,191
6755,191
6756,191
6757,191
6758,191
6759,191
6760,191
6761,191
6762,191
6763,191
6764,191
6765,191
6766,191
6767,191
6768,191
6769,191
6770,191
6771,191
6772,191
6773,191
6774,191
6775,191
6776,191
6777,191
6778,191
6779,191
6780,191
6781,191
6782,190
6783,190
6784,190
6785,190
6786,190
6787,190
6788,190
6789,190
6790,190
6791,190
6792,190
6793,190
6794,190
6795,190
6796,190
6797,190
6798,190
6799,190
6800,190
6801,190
6802,190
6803,190
6804,190
6805,190
6806,190
6807,190
6808,190
6809,190
6810,190
6811,190
6812,190
6813,190
6814,190
6815,190
6816,190
6817,190
6818,190
6819,190
6820,190
6821,190
6822,190
6823,190
6824,190
6825,190
6826,190
6827,190
6828,190
6829,190
6830,190
6831,190
6832,190
6833,190
6834,190
6835,190
6836,190
6837,190
6838,190
6839,190
6840,190
6841,190
6842,190
6843,190
6844,190
6845,190
6846,190
6847,190
6848,190
6849,190
6850,189
6851,189
6852,189
6853,189
6854,189
6855,189
6856,189
6857,189
6858,189
6859,189
6860,189
6861,189
6862,189
6863,189
6864,189
6865,189
6866,189
6867,189
6868,189
6869,189
6870,189
6871,189
6872,189
6873,189
6874,189
6875,189
6876,189
6877,189
6878,189
6879,189
6880,189
6881,189
6882,189
6883,189
6884,189
6885,189
6886,189
6887,189
6888,189
6889,189
6890,189
6891,189
6892,189
6893,189
6894,189
6895,189
6896,189
6897,189
6898,189
6899,189
6900,189
6901,189
6902,189
6903,189
6904,189
6905,189
6906,189
6907,189
6908,189
6909,189
6910,189
6911,189
6912,189
6913,188
6914,188
6915,188
6916,188
6917,188
6918,188
6919,188
6920,188
6921,188
6922,188
6923,188
6924,188
6925,188
6926,188
6927,188
6928,188
6929,188
6930,188
6931,188
6932,188
6933,188
6934,188
6935,188
6936,188
6937,188
6938,188
6939,188
6940,188
6941,188
6942,188
6943,188
6944,188
6945,188
6946,188
6947,188
6948,188
6949,188
6950,188
6951,188
6952,188
6953,188
6954,188
6955,188
6956,188
6957,188
6958,188
6959,188
6960,188
6961,188
6962,188
6963,188
6964,188
6965,188
6966,188
6967,188
6968,188
6969,188
6970,188
6971,188
6972,188
6973,188
6974,188
6975,187
6976,187
6977,187
6978,187
6979,187
6980,187
6981,187
6982,187
6983,187
6984,187
6985,187
6986,187
6987,187
6988,187
6989,187
6990,187
6991,187
6992,187
6993,187
6994,187
6995,187
6996,187
6997,187
6998,187
6999,187
7000,187
7001,187
7002,187
7003,187
7004,187
7005,187
7006,187
7007,187
7008,187
7009,187
7010,187
7011,187
7012,187
7013,187
7014,187
7015,187
7016,187
7017,187
7018,187
7019,187
7020,187
7021,187
7022,187
7023,187
7024,187
7025,187
7026,187
7027,187
7028,187
7029,187
7030,187
7031,187
7032,187
7033,187
7034,186
7035,186
7036,186
7037,186
7038,186
7039,186
7040,186
7041,186
7042,186
7043,186
7044,186
7045,186
7046,186
7047,186
7048,186
7049,186
7050,186
7051,186
7052,186
7053,186
7054,186
7055,186
7056,186
7057,186
7058,186
7059,186
7060,186
7061,186
7062,186
7063,186
7064,186
7065,186
7066,185
7067,185
7068,185
7069,185
7070,185
7071,185
7072,185
7073,185
7074,185
7075,185
7076,185
7077,185
7078,185
7079,185
7080,185
7081,185
7082,185
7083,185
7084,184
7085,184
7086,184
7087,184
7088,184
7089,184
7090,184
7091,184
7092,184
7093,184
7094,184
7095,184
7096,184
7097,184
7098,184
7099,184
7100,184
7101,184
7102,184
7103,184
7104,184
7105,184
7106,184
7107,184
7108,184
7109,184
7110,184
7111,184
7112,184
7113,184
7114,184
7115,184
7116,184
7117,184
7118,184
7119,184
7120,184
7121,184
7122,184
7123,184
7124,184
7125,184
7126,184
7127,184
7128,184
7129,184
7130,184
7131,184
7132,184
7133,184
7134,184
7135,184
7136,184
7137,184
7138,184
7139,184
7140,184
7141,184
7142,184
7143,184
7144,184
7145,184
7146,184
7147,184
7148,184
7149,184
7150,184
7151,184
7152,184
7153,184
7154,184
7155,184
7156,184
7157,184
7158,184
7159,184
7160,184
7161,184
7162,184
7163,184
7164,184
7165,184
7166,184
7167,184
7168,184
7169,184
7170,184
7171,184
7172,184
7173,184
7174,184
7175,184
7176,184
7177,184
7178,184
7179,184
7180,184
7181,184
7182,184
7183,184
7184,184
7185,184
7186,184
7187,184
7188,184
7189,184
7190,184
7191,184
7192,184
7193,184
7194,184
7195,184
7196,184
7197,184
7198,184
7199,184
7200,184
7201,184
7202,184
7203,184
7204,184
7205,184
7206,184
7207,184
7208,184
7209,184
7210,184
7211,184
7212,184
7213,184
7214,184
7215,184
7216,184
7217,184
7218,184
7219,184
7220,184
7221,184
7222,184
7223,184
7224,184
7225,184
7226,184
7227,184
7228,184
7229,184
7230,184
7231,184
7232,184
7233,184
7234,184
7235,184
7236,184
7237,184
7238,184
7239,184
7240,184
7241,184
7242,184
7243,184
7244,184
7245,184
7246,184
7247,184
7248,184
7249,184
7250,184
7251,184
7252,184
7253,184
7254,184
7255,184
7256,184
7257,184
7258,184
7259,184
7260,184
7261,184
7262,184
7263,184
7264,184
7265,184
7266,184
7267,184
7268,184
7269,184
7270,184
7271,184
7272,184
7273,184
7274,184
7275,184
7276,184
7277,184
7278,184
7279,184
7280,184
7281,184
7282,184
7283,184
7284,184
7285,184
7286,184
7287,184
7288,184
7289,184
7290,184
7291,184
7292,184
7293,184
7294,184
7295,184
7296,183
7297,183
7298,183
7299,183
7300,183
7301,183
7302,183
7303,183
7304,183
7305,183
7306,183
7307,183
7308,183
7309,183
7310,182
7311,182
7312,182
7313,182
7314,182
7315,182
7316,182
7317,182
7318,182
7319,182
7320,182
7321,182
7322,182
7323,182
7324,182
7325,182
7326,182
7327,182
7328,182
7329,182
7330,182
7331,182
7332,182
7333,182
7334,182
7335,182
7336,182
7337,182
7338,182
7339,182
7340,182
7341,182
7342,182
7343,182
7344,182
7345,182
7346,182
7347,182
7348,182
7349,182
7350,182
7351,182
7352,182
7353,182
7354,182
7355,182
7356,182
7357,182
7358,182
7359,182
7360,182
7361,182
7362,182
7363,182
7364,182
7365,182
7366,182
7367,182
7368,182
7369,182
7370,182
7371,182
7372,182
7373,182
7374,182
7375,182
7376,182
7377,182
7378,182
7379,182
7380,182
7381,182
7382,182
7383,182
7384,182
7385,182
7386,182
7387,182
7388,182
7389,182
7390,182
7391,182
7392,182
7393,182
7394,182
7395,182
7396,182
7397,182
7398,182
7399,182
7400,182
7401,182
7402,182
7403,182
7404,182
7405,182
7406,182
7407,182
7408,182
7409,182
7410,182
7411,182
7412,182
7413,182
7414,182
7415,182
7416,182
7417,182
7418,182
7419,182
7420,182
7421,182
7422,182
7423,182
7424,182
7425,182
7426,182
7427,182
7428,182
7429,182
7430,182
7431,182
7432,182
7433,182
7434,182
7435,182
7436,182
7437,182
7438,182
7439,182
7440,182
7441,182
7442,182
7443,182
7444,182
7445,182
7446,182
7447,182
7448,182
7449,182
7450,182
7451,182
7452,182
7453,182
7454,182
7455,182
7456,182
7457,182
7458,182
7459,182
7460,182
7461,182
7462,182
7463,182
7464,182
7465,182
7466,182
7467,182
7468,182
7469,182
7470,182
7471,182
7472,182
7473,182
7474,182
7475,182
7476,182
7477,182
7478,182
7479,182
7480,182
7481,182
7482,182
7483,182
7484,182
7485,182
7486,182
7487,182
7488,182
7489,182
7490,182
7491,182
7492,182
7493,182
7494,182
7495,182
7496,182
7497,182
7498,182
7499,182
7500,182
7501,182
7502,182
7503,182
7504,182
7505,182
7506,182
7507,182
7508,182
7509,182
7510,182
7511,182
7512,182
7513,182
7514,182
7515,182
7516,182
7517,182
7518,182
7519,182
7520,182
7521,182
7522,182
7523,182
7524,182
7525,182
7526,182
7527,182
7528,182
7529,182
7530,182
7531,182
7532,182
7533,182
7534,182
7535,182
7536,182
7537,182
7538,182
7539,182
7540,182
7541,182
7542,182
7543,182
7544,182
7545,182
7546,182
7547,182
7548,182
7549,182
7550,182
7551,182
7552,182
7553,182
7554,182
7555,182
7556,182
7557,182
7558,182
7559,182
7560,182
7561,182
7562,182
7563,182
7564,182
7565,182
7566,182
7567,182
7568,182
7569,182
7570,182
7571,182
7572,182
7573,182
7574,182
7575,182
7576,182
7577,182
7578,182
7579,181
7580,181
7581,181
7582,181
7583,181
7584,181
7585,181
7586,181
7587,181
7588,180
7589,180
7590,180
7591,180
7592,180
7593,180
7594,180
7595,180
7596,180
7597,180
7598,180
7599,180
7600,180
7601,180
7602,180
7603,180
7604,180
7605,180
7606,180
7607,180
7608,180
7609,180
7610,180
7611,180
7612,180
7613,180
7614,180
7615,180
7616,180
7617,180
7618,180
7619,180
7620,180
7621,180
7622,180
7623,180
7624,180
7625,180
7626,180
7627,180
7628,180
7629,180
7630,180
7631,180
7632,180
7633,180
7634,180
7635,180
7636,180
7637,180
7638,180
7639,180
7640,180
7641,180
7642,180
7643,180
7644,180
7645,180
7646,180
7647,180
7648,180
7649,180
7650,180
7651,180
7652,180
7653,180
7654,180
7655,180
7656,180
7657,180
7658,180
7659,180
7660,180
7661,180
7662,180
7663,180
7664,180
7665,180
7666,180
7667,180
7668,180
7669,180
7670,180
7671,180
7672,180
7673,180
7674,180
7675,180
7676,180
7677,180
7678,180
7679,180
7680,180
7681,180
7682,180
7683,180
7684,180
7685,180
7686,180
7687,180
7688,180
7689,180
7690,180
7691,180
7692,180
7693,180
7694,180
7695,180
7696,180
7697,180
7698,180
7699,180
7700,180
7701,180
7702,180
7703,180
7704,180
7705,180
7706,180
7707,180
7708,180
7709,180
7710,180
7711,180
7712,180
7713,180
7714,180
7715,180
7716,180
7717,180
7718,180
7719,180
7720,180
7721,180
7722,180
7723,180
7724,180
7725,180
7726,180
7727,180
7728,180
7729,180
7730,180
7731,180
7732,180
7733,180
7734,180
7735,180
7736,180
7737,180
7738,180
7739,180
7740,180
7741,180
7742,180
7743,180
7744,180
7745,180
7746,180
7747,180
7748,180
7749,180
7750,180
7751,180
7752,180
7753,180
7754,180
7755,180
7756,180
7757,180
7758,180
7759,180
7760,180
7761,180
7762,180
7763,180
7764,180
7765,179
7766,179
7767,179
7768,179
7769,179
7770,179
7771,179
7772,179
7773,179
7774,179
7775,179
7776,179
7777,179
7778,179
7779,179
7780,179
7781,179
7782,179
7783,178
7784,178
7785,178
7786,178
7787,178
7788,178
7789,178
7790,178
7791,178
7792,178
7793,178
7794,178
7795,178
7796,178
7797,178
7798,178
7799,178
7800,178
7801,178
7802,178
7803,178
7804,178
7805,178
7806,178
7807,178
7808,178
7809,178
7810,178
7811,178
7812,178
7813,178
7814,178
7815,178
7816,178
7817,178
7818,178
7819,178
7820,178
7821,177
7822,177
7823,177
7824,177
7825,177
7826,177
7827,177
7828,177
7829,177
7830,177
7831,177
7832,177
7833,177
7834,177
7835,177
7836,177
7837,177
7838,177
7839,177
7840,177
7841,177
7842,177
7843,177
7844,177
7845,177
7846,177
7847,177
7848,177
7849,177
7850,177
7851,177
7852,177
7853,177
7854,177
7855,177
7856,177
7857,177
7858,177
7859,177
7860,177
7861,177
7862,177
7863,177
7864,177
7865,177
7866,177
7867,177
7868,177
7869,177
7870,177
7871,177
7872,177
7873,177
7874,177
7875,177
7876,177
7877,177
7878,177
7879,177
7880,177
7881,177
7882,177
7883,177
7884,177
7885,177
7886,177
7887,177
7888,177
7889,177
7890,177
7891,177
7892,177
7893,177
7894,177
7895,177
7896,177
7897,177
7898,177
7899,177
7900,177
7901,177
7902,177
7903,177
7904,177
7905,177
7906,177
7907,177
7908,177
7909,177
7910,177
7911,177
7912,177
7913,177
7914,177
7915,177
7916,177
7917,177
7918,177
7919,177
7920,177
7921,177
7922,177
7923,177
7924,177
7925,177
7926,177
7927,177
7928,177
7929,177
7930,177
7931,177
7932,177
7933,177
7934,177
7935,177
7936,177
7937,177
7938,177
7939,177
7940,177
7941,177
7942,177
7943,177
7944,177
7945,177
7946,177
7947,177
7948,177
7949,177
7950,177
7951,177
7952,177
7953,177
7954,177
7955,177
7956,177
7957,177
7958,177
7959,177
7960,176
7961,176
7962,176
7963,176
7964,176
7965,176
7966,176
7967,176
7968,176
7969,176
7970,176
7971,176
7972,176
7973,176
7974,176
7975,176
7976,176
7977,176
7978,176
7979,176
7980,176
7981,176
7982,176
7983,176
7984,176
7985,176
7986,176
7987,176
7988,176
7989,176
7990,176
7991,176
7992,176
7993,176
7994,176
7995,176
7996,176
7997,176
7998,176
7999,176
8000,176
8001,176
8002,176
8003,176
8004,176
8005,176
8006,176
8007,176
8008,176
8009,176
8010,176
8011,176
8012,176
8013,176
8014,176
8015,176
8016,176
8017,176
8018,176
8019,176
8020,176
8021,176
8022,176
8023,176
8024,176
8025,176
8026,176
8027,176
8028,176
8029,176
8030,176
8031,176
8032,176
8033,176
8034,176
8035,176
8036,176
8037,176
8038,176
8039,176
8040,176
8041,176
8042,176
8043,176
8044,176
8045,176
8046,176
8047,176
8048,176
8049,176
8050,176
8051,176
8052,176
8053,176
8054,176
8055,176
8056,176
8057,176
8058,176
8059,176
8060,176
8061,176
8062,176
8063,176
8064,176
8065,176
8066,176
8067,176
8068,176
8069,176
8070,176
8071,176
8072,176
8073,176
8074,176
8075,176
8076,176
8077,176
8078,176
8079,176
8080,176
8081,176
8082,176
8083,176
8084,176
8085,176
8086,176
8087,176
8088,176
8089,176
8090,176
8091,176
8092,176
8093,176
8094,176
8095,176
8096,176
8097,176
8098,176
8099,176
8100,176
8101,176
8102,176
8103,176
8104,176
8105,176
8106,176
8107,176
8108,176
8109,176
8110,176
8111,176
8112,176
8113,176
8114,176
8115,176
8116,176
8117,176
8118,176
8119,176
8120,176
8121,176
8122,176
8123,176
8124,176
8125,176
8126,176
8127,176
8128,176
8129,176
8130,176
8131,176
8132,176
8133,176
8134,176
8135,176
8136,176
8137,176
8138,176
8139,176
8140,176
8141,176
8142,176
8143,176
8144,176
8145,176
8146,176
8147,176
8148,176
8149,176
8150,176
8151,176
8152,176
8153,176
8154,176
8155,176
8156,176
8157,176
8158,176
8159,176
8160,176
8161,176
8162,176
8163,176
8164,176
8165,176
8166,176
8167,176
8168,176
8169,175
8170,175
8171,175
8172,175
8173,175
8174,175
8175,175
8176,175
8177,175
8178,175
8179,175
8180,175
8181,175
8182,175
8183,175
8184,175
8185,175
8186,175
8187,175
8188,175
8189,175
8190,175
8191,175
8192,175
8193,175
8194,175
8195,175
8196,175
8197,175
8198,175
8199,175
8200,175
8201,175
8202,175
8203,175
8204,175
8205,175
8206,175
8207,175
8208,175
8209,175
8210,175
8211,175
8212,175
8213,175
8214,175
8215,175
8216,175
8217,175
8218,175
8219,175
8220,175
8221,175
8222,175
8223,175
8224,175
8225,175
8226,175
8227,175
8228,175
8229,175
8230,175
8231,175
8232,175
8233,175
8234,175
8235,175
8236,175
8237,175
8238,175
8239,175
8240,175
8241,175
8242,175
8243,175
8244,175
8245,175
8246,175
8247,175
8248,175
8249,175
8250,175
8251,175
8252,175
8253,175
8254,175
8255,175
8256,175
8257,175
8258,175
8259,175
8260,175
8261,175
8262,175
8263,175
8264,175
8265,175
8266,175
8267,175
8268,175
8269,174
8270,174
8271,174
8272,174
8273,174
8274,174
8275,174
8276,174
8277,174
8278,174
8279,174
8280,174
8281,174
8282,174
8283,174
8284,174
8285,174
8286,174
8287,174
8288,174
8289,174
8290,174
8291,174
8292,174
8293,174
8294,174
8295,174
8296,174
8297,174
8298,174
8299,174
8300,174
8301,174
8302,174
8303,174
8304,174
8305,174
8306,174
8307,174
8308,174
8309,174
8310,174
8311,174
8312,174
8313,174
8314,174
8315,174
8316,174
8317,174
8318,174
8319,174
8320,174
8321,174
8322,174
8323,174
8324,174
8325,174
8326,174
8327,174
8328,174
8329,174
8330,174
8331,174
8332,174
8333,174
8334,174
8335,174
8336,174
8337,174
8338,174
8339,174
8340,174
8341,174
8342,174
8343,174
8344,174
8345,174
8346,174
8347,174
8348,174
8349,174
8350,174
8351,174
8352,174
8353,174
8354,174
8355,174
8356,174
8357,174
8358,174
8359,174
8360,174
8361,174
8362,174
8363,174
8364,174
8365,174
8366,174
8367,174
8368,174
8369,174
8370,174
8371,174
8372,174
8373,174
8374,174
8375,174
8376,174
8377,174
8378,174
8379,174
8380,174
8381,174
8382,174
8383,174
8384,174
8385,174
8386,174
8387,174
8388,174
8389,174
8390,174
8391,174
8392,174
8393,174
8394,174
8395,174
8396,174
8397,174
8398,174
8399,174
8400,174
8401,174
8402,174
8403,174
8404,174
8405,174
8406,174
8407,174
8408,174
8409,174
8410,174
8411,174
8412,174
8413,174
8414,174
8415,174
8416,174
8417,174
8418,174
8419,174
8420,174
8421,174
8422,174
8423,174
8424,174
8425,174
8426,174
8427,174
8428,174
8429,174
8430,174
8431,174
8432,174
8433,174
8434,174
8435,174
8436,174
8437,174
8438,174
8439,174
8440,174
8441,174
8442,174
8443,174
8444,174
8445,174
8446,174
8447,174
8448,174
8449,174
8450,174
8451,174
8452,174
8453,174
8454,174
8455,174
8456,174
8457,174
8458,174
8459,174
8460,174
8461,174
8462,174
8463,174
8464,174
8465,174
8466,174
8467,174
8468,174
8469,174
8470,174
8471,174
8472,174
8473,174
8474,174
8475,174
8476,174
8477,174
8478,174
8479,174
8480,174
8481,174
8482,174
8483,174
8484,174
8485,174
8486,174
8487,174
8488,174
8489,174
8490,174
8491,174
8492,174
8493,174
8494,174
8495,174
8496,174
8497,174
8498,174
8499,174
8500,174
8501,174
8502,174
8503,174
8504,174
8505,174
8506,174
8507,174
8508,174
8509,174
8510,174
8511,174
8512,174
8513,174
8514,174
8515,174
8516,174
8517,174
8518,174
8519,174
8520,174
8521,174
8522,174
8523,174
8524,174
8525,174
8526,174
8527,174
8528,174
8529,174
8530,174
8531,174
8532,174
8533,174
8534,174
8535,174
8536,174
8537,174
8538,174
8539,174
8540,174
8541,174
8542,174
8543,174
8544,174
8545,174
8546,174
8547,174
8548,174
8549,174
8550,174
8551,174
8552,174
8553,173
8554,173
8555,173
8556,173
8557,173
8558,173
8559,173
8560,173
8561,173
8562,173
8563,173
8564,173
8565,173
8566,173
8567,173
8568,173
8569,173
8570,173
8571,173
8572,173
8573,173
8574,173
8575,173
8576,173
8577,173
8578,173
8579,173
8580,173
8581,173
8582,173
8583,173
8584,173
8585,173
8586,173
8587,173
8588,173
8589,173
8590,173
8591,173
8592,173
8593,173
8594,173
8595,173
8596,173
8597,173
8598,173
8599,173
8600,173
8601,173
8602,173
8603,173
8604,173
8605,173
8606,173
8607,173
8608,173
8609,173
8610,173
8611,173
8612,173
8613,173
8614,173
8615,173
8616,173
8617,173
8618,173
8619,173
8620,173
8621,173
8622,173
8623,173
8624,173
8625,173
8626,173
8627,173
8628,173
8629,173
8630,173
8631,173
8632,173
8633,173
8634,173
8635,173
8636,173
8637,173
8638,173
8639,173
8640,173
8641,173
8642,173
8643,173
8644,173
8645,173
8646,173
8647,173
8648,173
8649,173
8650,173
8651,173
8652,173
8653,173
8654,173
8655,173
8656,173
8657,173
8658,173
8659,173
8660,173
8661,173
8662,173
8663,173
8664,173
8665,173
8666,173
8667,173
8668,173
8669,173
8670,173
8671,173
8672,173
8673,173
8674,173
8675,173
8676,173
8677,173
8678,173
8679,173
8680,173
8681,173
8682,173
8683,173
8684,173
8685,173
8686,173
8687,173
8688,173
8689,173
8690,173
8691,173
8692,173
8693,173
8694,173
8695,173
8696,173
8697,173
8698,173
8699,173
8700,173
8701,173
8702,173
8703,173
8704,173
8705,173
8706,173
8707,173
8708,173
8709,173
8710,173
8711,173
8712,173
8713,173
8714,173
8715,173
8716,173
8717,173
8718,173
8719,172
8720,172
8721,172
8722,172
8723,172
8724,172
8725,172
8726,172
8727,172
8728,172
8729,172
8730,172
8731,172
8732,172
8733,172
8734,172
8735,172
8736,172
8737,172
8738,172
8739,172
8740,172
8741,172
8742,172
8743,172
8744,172
8745,172
8746,172
8747,172
8748,172
8749,172
8750,172
8751,172
8752,172
8753,172
8754,172
8755,172
8756,172
8757,172
8758,172
8759,172
8760,172
8761,172
8762,172
8763,172
8764,172
8765,172
8766,172
8767,172
8768,172
8769,172
8770,172
8771,172
8772,172
8773,172
8774,172
8775,172
8776,172
8777,172
8778,172
8779,172
8780,172
8781,172
8782,172
8783,172
8784,172
8785,172
8786,172
8787,172
8788,172
8789,172
8790,172
8791,172
8792,172
8793,172
8794,171
8795,171
8796,171
8797,171
8798,171
8799,171
8800,171
8801,171
8802,171
8803,171
8804,171
8805,171
8806,171
8807,171
8808,171
8809,171
8810,171
8811,171
8812,171
8813,171
8814,171
8815,171
8816,171
8817,171
8818,171
8819,171
8820,171
8821,171
8822,171
8823,171
8824,171
8825,171
8826,171
8827,171
8828,171
8829,171
8830,171
8831,171
8832,171
8833,171
8834,171
8835,171
8836,171
8837,171
8838,171
8839,171
8840,171
8841,171
8842,171
8843,171
8844,171
8845,171
8846,171
8847,171
8848,171
8849,171
8850,171
8851,171
8852,171
8853,171
8854,171
8855,171
8856,170
8857,170
8858,170
8859,170
8860,170
8861,170
8862,170
8863,170
8864,170
8865,170
8866,170
8867,170
8868,170
8869,170
8870,170
8871,170
8872,170
8873,170
8874,170
8875,170
8876,170
8877,170
8878,170
8879,170
8880,170
8881,170
8882,170
8883,170
8884,170
8885,170
8886,170
8887,170
8888,170
8889,170
8890,170
8891,170
8892,170
8893,170
8894,170
8895,170
8896,170
8897,170
8898,170
8899,170
8900,170
8901,170
8902,170
8903,170
8904,170
8905,170
8906,170
8907,170
8908,170
8909,170
8910,170
8911,170
8912,170
8913,170
8914,170
8915,170
8916,170
8917,170
8918,170
8919,170
8920,170
8921,170
8922,170
8923,170
8924,170
8925,170
8926,170
8927,170
8928,170
8929,170
8930,170
8931,170
8932,170
8933,170
8934,170
8935,170
8936,170
8937,170
8938,170
8939,170
8940,170
8941,170
8942,170
8943,170
8944,170
8945,170
8946,170
8947,170
8948,170
8949,170
8950,170
8951,170
8952,170
8953,170
8954,170
8955,170
8956,170
8957,170
8958,170
8959,170
8960,170
8961,170
8962,170
8963,170
8964,170
8965,170
8966,170
8967,170
8968,170
8969,170
8970,170
8971,170
8972,170
8973,170
8974,170
8975,170
8976,170
8977,170
8978,170
8979,170
8980,170
8981,170
8982,170
8983,170
8984,170
8985,170
8986,170
8987,170
8988,170
8989,170
8990,170
8991,170
8992,170
8993,170
8994,170
8995,170
8996,170
8997,170
8998,170
8999,170
9000,170
9001,170
9002,170
9003,170
9004,170
9005,170
9006,170
9007,170
9008,170
9009,170
9010,170
9011,170
9012,170
9013,170
9014,170
9015,170
9016,170
9017,170
9018,170
9019,170
9020,170
9021,170
9022,170
9023,170
9024,170
9025,170
9026,170
9027,170
9028,170
9029,170
9030,170
9031,170
9032,170
9033,170
9034,170
9035,170
9036,170
9037,170
9038,170
9039,170
9040,170
9041,170
9042,170
9043,170
9044,170
9045,170
9046,170
9047,170
9048,169
9049,169
9050,169
9051,169
9052,169
9053,169
9054,169
9055,169
9056,169
9057,169
9058,169
9059,169
9060,169
9061,169
9062,169
9063,169
9064,169
9065,169
9066,169
9067,169
9068,169
9069,169
9070,169
9071,169
9072,168
9073,168
9074,168
9075,168
9076,168
9077,168
9078,168
9079,168
9080,168
9081,167
9082,167
9083,167
9084,167
9085,167
9086,167
9087,167
9088,167
9089,167
9090,167
9091,167
9092,167
9093,167
9094,167
9095,167
9096,166
9097,166
9098,166
9099,166
9100,166
9101,166
9102,166
9103,166
9104,166
9105,166
9106,166
9107,166
9108,166
9109,166
9110,166
9111,166
9112,166
9113,166
9114,166
9115,166
9116,166
9117,166
9118,166
9119,166
9120,166
9121,166
9122,166
9123,166
9124,166
9125,166
9126,166
9127,166
9128,166
9129,166
9130,166
9131,166
9132,165
9133,165
9134,165
9135,165
9136,165
9137,165
9138,165
9139,165
9140,165
9141,165
9142,165
9143,165
9144,165
9145,165
9146,165
9147,165
9148,165
9149,165
9150,165
9151,165
9152,165
9153,165
9154,165
9155,165
9156,165
9157,165
9158,165
9159,165
9160,165
9161,165
9162,165
9163,165
9164,165
9165,165
9166,165
9167,165
9168,165
9169,165
9170,165
9171,165
9172,165
9173,165
9174,165
9175,165
9176,165
9177,165
9178,165
9179,165
9180,165
9181,165
9182,165
9183,165
9184,165
9185,165
9186,165
9187,165
9188,165
9189,165
9190,165
9191,165
9192,165
9193,165
9194,165
9195,165
9196,165
9197,165
9198,165
9199,165
9200,165
9201,165
9202,165
9203,165
9204,165
9205,165
9206,165
9207,165
9208,165
9209,165
9210,165
9211,165
9212,165
9213,165
9214,165
9215,165
9216,165
9217,165
9218,165
9219,165
9220,165
9221,165
9222,165
9223,165
9224,165
9225,165
9226,165
9227,165
9228,165
9229,165
9230,165
9231,165
9232,164
9233,164
9234,164
9235,164
9236,164
9237,164
9238,164
9239,164
9240,164
9241,164
9242,164
9243,164
9244,164
9245,164
9246,164
9247,164
9248,164
9249,164
9250,164
9251,164
9252,164
9253,164
9254,164
9255,164
9256,164
9257,164
9258,164
9259,164
9260,164
9261,164
9262,164
9263,164
9264,164
9265,164
9266,164
9267,164
9268,164
9269,164
9270,164
9271,164
9272,164
9273,164
9274,164
9275,164
9276,164
9277,164
9278,164
9279,164
9280,164
9281,164
9282,164
9283,164
9284,164
9285,164
9286,164
9287,164
9288,164
9289,164
9290,164
9291,164
9292,164
9293,164
9294,164
9295,164
9296,164
9297,164
9298,164
9299,164
9300,164
9301,164
9302,164
9303,164
9304,164
9305,164
9306,164
9307,164
9308,164
9309,164
9310,164
9311,164
9312,164
9313,164
9314,164
9315,164
9316,164
9317,164
9318,164
9319,164
9320,164
9321,164
9322,164
9323,164
9324,164
9325,164
9326,164
9327,164
9328,164
9329,164
9330,164
9331,164
9332,164
9333,164
9334,164
9335,164
9336,164
9337,164
9338,163
9339,163
9340,163
9341,163
9342,163
9343,163
9344,163
9345,163
9346,163
9347,163
9348,163
9349,163
9350,163
9351,163
9352,163
9353,163
9354,163
9355,163
9356,163
9357,163
9358,163
9359,163
9360,163
9361,163
9362,163
9363,163
9364,163
9365,163
9366,163
9367,163
9368,163
9369,163
9370,163
9371,163
9372,163
9373,162
9374,162
9375,162
9376,162
9377,162
9378,162
9379,162
9380,162
9381,162
9382,162
9383,162
9384,162
9385,162
9386,162
9387,162
9388,162
9389,162
9390,162
9391,162
9392,162
9393,162
9394,162
9395,162
9396,162
9397,162
9398,162
9399,162
9400,162
9401,162
9402,162
9403,162
9404,162
9405,162
9406,162
9407,162
9408,162
9409,162
9410,162
9411,162
9412,162
9413,162
9414,162
9415,162
9416,162
9417,162
9418,162
9419,162
9420,162
9421,162
9422,162
9423,162
9424,162
9425,162
9426,162
9427,162
9428,162
9429,162
9430,162
9431,162
9432,162
9433,162
9434,162
9435,162
9436,162
9437,162
9438,162
9439,162
9440,162
9441,162
9442,162
9443,162
9444,162
9445,162
9446,162
9447,162
9448,162
9449,162
9450,162
9451,162
9452,162
9453,162
9454,162
9455,162
9456,162
9457,162
9458,162
9459,162
9460,162
9461,162
9462,162
9463,162
9464,162
9465,162
9466,162
9467,162
9468,162
9469,162
9470,162
9471,162
9472,162
9473,162
9474,162
9475,162
9476,162
9477,162
9478,162
9479,162
9480,162
9481,162
9482,162
9483,162
9484,162
9485,162
9486,162
9487,162
9488,162
9489,162
9490,162
9491,162
9492,162
9493,162
9494,162
9495,162
9496,162
9497,162
9498,162
9499,162
9500,162
9501,162
9502,162
9503,162
9504,162
9505,162
9506,162
9507,162
9508,162
9509,162
9510,162
9511,162
9512,162
9513,162
9514,162
9515,162
9516,162
9517,162
9518,162
9519,162
9520,162
9521,162
9522,162
9523,162
9524,162
9525,162
9526,162
9527,162
9528,162
9529,162
9530,162
9531,162
9532,162
9533,162
9534,162
9535,162
9536,162
9537,162
9538,162
9539,162
9540,162
9541,162
9542,162
9543,162
9544,162
9545,162
9546,162
9547,162
9548,162
9549,162
9550,162
9551,162
9552,162
9553,162
9554,162
9555,162
9556,162
9557,162
9558,162
9559,162
9560,162
9561,162
9562,162
9563,162
9564,162
9565,162
9566,162
9567,162
9568,162
9569,162
9570,162
9571,162
9572,162
9573,162
9574,162
9575,162
9576,162
9577,162
9578,162
9579,162
9580,162
9581,162
9582,162
9583,162
9584,162
9585,162
9586,162
9587,162
9588,162
9589,162
9590,162
9591,162
9592,162
9593,162
9594,162
9595,162
9596,162
9597,162
9598,162
9599,162
9600,162
9601,162
9602,162
9603,162
9604,162
9605,162
9606,162
9607,162
9608,162
9609,162
9610,162
9611,162
9612,162
9613,162
9614,162
9615,162
9616,162
9617,162
9618,162
9619,162
9620,162
9621,162
9622,162
9623,162
9624,162
9625,162
9626,162
9627,162
9628,162
9629,162
9630,162
9631,162
9632,162
9633,162
9634,162
9635,162
9636,162
9637,162
9638,162
9639,162
9640,162
9641,162
9642,162
9643,162
9644,162
9645,162
9646,162
9647,162
9648,162
9649,162
9650,162
9651,162
9652,162
9653,162
9654,162
9655,162
9656,162
9657,162
9658,162
9659,162
9660,162
9661,162
9662,162
9663,162
9664,162
9665,162
9666,162
9667,162
9668,162
9669,162
9670,162
9671,162
9672,162
9673,162
9674,162
9675,162
9676,162
9677,162
9678,162
9679,162
9680,162
9681,162
9682,162
9683,162
9684,162
9685,162
9686,162
9687,162
9688,162
9689,161
9690,161
9691,161
9692,161
9693,161
9694,161
9695,161
9696,161
9697,161
9698,161
9699,161
9700,161
9701,161
9702,161
9703,161
9704,161
9705,161
9706,161
9707,161
9708,161
9709,161
9710,161
9711,161
9712,161
9713,161
9714,161
9715,161
9716,161
9717,161
9718,161
9719,161
9720,161
9721,161
9722,161
9723,161
9724,161
9725,161
9726,161
9727,161
9728,161
9729,161
9730,161
9731,161
9732,161
9733,161
9734,161
9735,161
9736,161
9737,161
9738,161
9739,161
9740,161
9741,161
9742,161
9743,161
9744,161
9745,161
9746,161
9747,161
9748,161
9749,161
9750,161
9751,161
9752,161
9753,161
9754,161
9755,161
9756,161
9757,161
9758,161
9759,161
9760,161
9761,161
9762,161
9763,161
9764,161
9765,161
9766,161
9767,161
9768,161
9769,161
9770,161
9771,161
9772,161
9773,161
9774,161
9775,161
9776,161
9777,161
9778,161
9779,160
9780,160
9781,160
9782,160
9783,160
9784,160
9785,160
9786,160
9787,160
9788,160
9789,160
9790,160
9791,160
9792,160
9793,160
9794,160
9795,160
9796,160
9797,160
9798,160
9799,160
9800,160
9801,160
9802,160
9803,160
9804,160
9805,160
9806,160
9807,160
9808,160
9809,160
9810,160
9811,160
9812,160
9813,160
9814,160
9815,160
9816,160
9817,160
9818,160
9819,160
9820,160
9821,160
9822,160
9823,160
9824,160
9825,160
9826,160
9827,160
9828,160
9829,160
9830,160
9831,160
9832,160
9833,160
9834,160
9835,160
9836,160
9837,160
9838,160
9839,160
9840,160
9841,160
9842,160
9843,160
9844,160
9845,160
9846,160
9847,160
9848,160
9849,160
9850,160
9851,160
9852,160
9853,160
9854,160
9855,160
9856,160
9857,160
9858,160
9859,160
9860,160
9861,160
9862,160
9863,160
9864,160
9865,160
9866,160
9867,160
9868,160
9869,160
9870,160
9871,160
9872,160
9873,160
9874,160
9875,160
9876,160
9877,160
9878,160
9879,160
9880,160
9881,160
9882,160
9883,160
9884,160
9885,160
9886,160
9887,160
9888,160
9889,160
9890,160
9891,160
9892,160
9893,160
9894,160
9895,160
9896,160
9897,160
9898,160
9899,160
9900,160
9901,160
9902,160
9903,160
9904,160
9905,160
9906,160
9907,160
9908,160
9909,160
9910,160
9911,160
9912,160
9913,160
9914,160
9915,160
9916,160
9917,160
9918,160
9919,160
9920,160
9921,160
9922,160
9923,160
9924,160
9925,160
9926,160
9927,160
9928,160
9929,160
9930,160
9931,160
9932,160
9933,160
9934,160
9935,160
9936,160
9937,160
9938,160
9939,160
9940,160
9941,160
9942,160
9943,160
9944,160
9945,160
9946,160
9947,160
9948,160
9949,160
9950,160
9951,160
9952,160
9953,160
9954,160
9955,160
9956,160
9957,160
9958,160
9959,160
9960,160
9961,160
9962,160
9963,160
9964,160
9965,160
9966,160
9967,160
9968,160
9969,160
9970,160
9971,160
9972,160
9973,160
9974,160
9975,160
9976,160
9977,160
9978,160
9979,160
9980,160
9981,160
9982,160
9983,160
9984,160
9985,160
9986,160
9987,160
9988,160
9989,160
9990,160
9991,160
9992,160
9993,160
9994,160
9995,160
9996,160
9997,160
9998,160
9999,160
