,pso
0,300
1,300
2,300
3,300
4,300
5,300
6,300
7,300
8,300
9,300
10,300
11,300
12,300
13,300
14,300
15,300
16,300
17,300
18,300
19,300
20,300
21,300
22,300
23,300
24,300
25,300
26,300
27,300
28,300
29,300
30,300
31,300
32,300
33,300
34,300
35,300
36,300
37,300
38,300
39,300
40,300
41,300
42,300
43,300
44,300
45,300
46,300
47,300
48,300
49,300
50,300
51,300
52,300
53,300
54,300
55,300
56,300
57,300
58,300
59,300
60,300
61,300
62,300
63,300
64,300
65,300
66,300
67,300
68,300
69,300
70,300
71,300
72,300
73,300
74,300
75,300
76,300
77,300
78,300
79,300
80,300
81,300
82,300
83,300
84,300
85,300
86,300
87,300
88,300
89,300
90,300
91,300
92,300
93,300
94,300
95,300
96,300
97,300
98,300
99,300
100,300
101,300
102,300
103,300
104,300
105,300
106,300
107,300
108,300
109,300
110,300
111,300
112,300
113,300
114,300
115,300
116,300
117,300
118,300
119,300
120,300
121,300
122,300
123,300
124,300
125,300
126,300
127,300
128,300
129,300
130,300
131,300
132,300
133,300
134,300
135,300
136,300
137,300
138,300
139,300
140,300
141,300
142,300
143,300
144,300
145,300
146,300
147,300
148,300
149,300
150,300
151,300
152,300
153,300
154,300
155,300
156,300
157,300
158,300
159,300
160,300
161,300
162,300
163,300
164,300
165,300
166,300
167,300
168,300
169,300
170,300
171,300
172,300
173,300
174,300
175,300
176,300
177,300
178,300
179,300
180,300
181,300
182,300
183,300
184,300
185,300
186,300
187,300
188,300
189,300
190,300
191,300
192,300
193,300
194,300
195,300
196,300
197,300
198,300
199,300
200,300
201,300
202,300
203,300
204,300
205,300
206,300
207,300
208,300
209,300
210,300
211,300
212,300
213,300
214,300
215,300
216,300
217,300
218,300
219,300
220,300
221,300
222,300
223,300
224,300
225,300
226,300
227,300
228,300
229,300
230,300
231,300
232,300
233,300
234,300
235,300
236,300
237,300
238,300
239,300
240,300
241,300
242,300
243,300
244,300
245,300
246,300
247,300
248,300
249,300
250,300
251,300
252,300
253,300
254,300
255,300
256,300
257,300
258,300
259,300
260,300
261,300
262,300
263,300
264,300
265,300
266,300
267,300
268,300
269,300
270,300
271,300
272,300
273,300
274,300
275,300
276,300
277,300
278,300
279,300
280,300
281,300
282,300
283,300
284,300
285,300
286,300
287,300
288,300
289,300
290,300
291,300
292,300
293,300
294,300
295,300
296,300
297,300
298,300
299,300
300,300
301,300
302,300
303,300
304,300
305,300
306,300
307,300
308,300
309,300
310,300
311,300
312,300
313,300
314,300
315,300
316,300
317,300
318,300
319,300
320,300
321,300
322,300
323,300
324,300
325,300
326,300
327,300
328,300
329,300
330,300
331,300
332,300
333,300
334,300
335,300
336,300
337,300
338,300
339,300
340,300
341,300
342,300
343,300
344,300
345,300
346,300
347,300
348,300
349,300
350,300
351,300
352,300
353,300
354,300
355,300
356,300
357,300
358,300
359,300
360,300
361,300
362,300
363,300
364,300
365,300
366,300
367,300
368,300
369,300
370,300
371,300
372,300
373,300
374,300
375,300
376,300
377,300
378,300
379,300
380,300
381,300
382,300
383,300
384,300
385,300
386,300
387,300
388,300
389,300
390,300
391,300
392,300
393,300
394,300
395,300
396,300
397,300
398,300
399,300
400,300
401,300
402,300
403,300
404,300
405,300
406,300
407,300
408,300
409,300
410,300
411,300
412,300
413,300
414,300
415,300
416,300
417,300
418,300
419,300
420,300
421,300
422,300
423,300
424,300
425,300
426,300
427,300
428,300
429,300
430,300
431,300
432,300
433,300
434,300
435,300
436,300
437,300
438,300
439,300
440,300
441,300
442,300
443,300
444,300
445,300
446,300
447,300
448,300
449,300
450,300
451,300
452,300
453,300
454,300
455,300
456,300
457,300
458,300
459,300
460,300
461,300
462,300
463,300
464,300
465,300
466,300
467,300
468,300
469,300
470,300
471,300
472,300
473,300
474,300
475,300
476,300
477,300
478,300
479,300
480,300
481,300
482,300
483,300
484,300
485,300
486,300
487,300
488,300
489,300
490,300
491,300
492,300
493,300
494,300
495,300
496,300
497,300
498,300
499,300
500,300
501,300
502,300
503,300
504,300
505,300
506,300
507,300
508,300
509,300
510,300
511,300
512,300
513,300
514,300
515,300
516,300
517,300
518,300
519,300
520,300
521,300
522,300
523,300
524,300
525,300
526,300
527,300
528,300
529,300
530,300
531,300
532,300
533,300
534,300
535,300
536,300
537,300
538,300
539,300
540,300
541,300
542,300
543,300
544,300
545,300
546,300
547,300
548,300
549,300
550,300
551,300
552,300
553,300
554,300
555,300
556,300
557,300
558,300
559,300
560,300
561,300
562,300
563,300
564,300
565,300
566,300
567,300
568,300
569,300
570,300
571,300
572,300
573,300
574,300
575,300
576,300
577,300
578,300
579,300
580,300
581,300
582,300
583,300
584,300
585,300
586,300
587,300
588,300
589,300
590,300
591,300
592,300
593,300
594,300
595,300
596,300
597,300
598,300
599,300
600,300
601,300
602,300
603,300
604,300
605,300
606,300
607,300
608,300
609,300
610,300
611,300
612,300
613,300
614,300
615,300
616,300
617,300
618,300
619,300
620,300
621,300
622,300
623,300
624,300
625,300
626,300
627,300
628,300
629,300
630,300
631,300
632,300
633,300
634,300
635,300
636,300
637,300
638,300
639,300
640,300
641,300
642,300
643,300
644,300
645,300
646,300
647,300
648,300
649,300
650,300
651,300
652,300
653,300
654,300
655,300
656,300
657,300
658,300
659,300
660,300
661,300
662,300
663,300
664,300
665,300
666,300
667,300
668,300
669,300
670,300
671,300
672,300
673,300
674,300
675,300
676,300
677,300
678,300
679,300
680,300
681,300
682,300
683,300
684,300
685,300
686,300
687,300
688,300
689,300
690,300
691,300
692,300
693,300
694,300
695,300
696,300
697,300
698,300
699,300
700,300
701,300
702,300
703,300
704,300
705,300
706,300
707,300
708,300
709,300
710,300
711,300
712,300
713,300
714,300
715,300
716,300
717,300
718,300
719,300
720,300
721,300
722,300
723,300
724,300
725,300
726,300
727,300
728,300
729,300
730,300
731,300
732,300
733,300
734,300
735,300
736,300
737,300
738,300
739,300
740,300
741,300
742,300
743,300
744,300
745,300
746,300
747,300
748,300
749,300
750,300
751,300
752,300
753,300
754,300
755,300
756,300
757,300
758,300
759,300
760,300
761,300
762,300
763,300
764,300
765,300
766,300
767,300
768,300
769,300
770,300
771,300
772,300
773,300
774,300
775,300
776,300
777,300
778,300
779,300
780,300
781,300
782,300
783,300
784,300
785,300
786,300
787,300
788,300
789,300
790,300
791,300
792,300
793,300
794,300
795,300
796,300
797,300
798,300
799,300
800,300
801,300
802,300
803,300
804,300
805,300
806,300
807,300
808,300
809,300
810,300
811,300
812,300
813,300
814,300
815,300
816,300
817,300
818,300
819,300
820,300
821,300
822,300
823,300
824,300
825,300
826,300
827,300
828,300
829,300
830,300
831,300
832,300
833,300
834,300
835,300
836,300
837,300
838,300
839,300
840,300
841,300
842,300
843,300
844,300
845,300
846,300
847,300
848,300
849,300
850,300
851,300
852,300
853,300
854,300
855,300
856,300
857,300
858,300
859,300
860,300
861,300
862,300
863,300
864,300
865,300
866,300
867,300
868,300
869,300
870,300
871,300
872,300
873,300
874,300
875,300
876,300
877,300
878,300
879,300
880,300
881,300
882,300
883,300
884,300
885,300
886,300
887,300
888,300
889,300
890,300
891,300
892,300
893,300
894,300
895,300
896,300
897,300
898,300
899,300
900,300
901,300
902,300
903,300
904,300
905,300
906,300
907,300
908,300
909,300
910,300
911,300
912,300
913,300
914,300
915,300
916,300
917,300
918,300
919,300
920,300
921,300
922,300
923,300
924,300
925,300
926,300
927,300
928,300
929,300
930,300
931,300
932,300
933,300
934,300
935,300
936,300
937,300
938,300
939,300
940,300
941,300
942,300
943,300
944,300
945,300
946,300
947,300
948,300
949,300
950,300
951,300
952,300
953,300
954,300
955,300
956,300
957,300
958,300
959,300
960,300
961,300
962,300
963,300
964,300
965,300
966,300
967,300
968,300
969,300
970,300
971,300
972,300
973,300
974,300
975,300
976,300
977,300
978,300
979,300
980,300
981,300
982,300
983,300
984,300
985,300
986,300
987,300
988,300
989,300
990,300
991,300
992,300
993,300
994,300
995,300
996,300
997,300
998,300
999,300
1000,300
1001,300
1002,300
1003,300
1004,300
1005,300
1006,300
1007,300
1008,300
1009,300
1010,300
1011,300
1012,300
1013,300
1014,300
1015,300
1016,300
1017,300
1018,300
1019,300
1020,300
1021,300
1022,300
1023,300
1024,300
1025,300
1026,300
1027,300
1028,300
1029,300
1030,300
1031,300
1032,300
1033,300
1034,300
1035,300
1036,300
1037,300
1038,300
1039,300
1040,300
1041,300
1042,300
1043,300
1044,300
1045,300
1046,300
1047,300
1048,300
1049,300
1050,300
1051,300
1052,300
1053,300
1054,300
1055,300
1056,300
1057,300
1058,300
1059,300
1060,300
1061,300
1062,300
1063,300
1064,300
1065,300
1066,300
1067,300
1068,300
1069,300
1070,300
1071,300
1072,300
1073,300
1074,300
1075,300
1076,300
1077,300
1078,300
1079,300
1080,300
1081,300
1082,300
1083,300
1084,300
1085,300
1086,300
1087,300
1088,300
1089,300
1090,300
1091,300
1092,300
1093,300
1094,300
1095,300
1096,300
1097,300
1098,300
1099,300
1100,300
1101,300
1102,300
1103,300
1104,300
1105,300
1106,300
1107,300
1108,300
1109,300
1110,300
1111,300
1112,300
1113,300
1114,300
1115,300
1116,300
1117,300
1118,300
1119,300
1120,300
1121,300
1122,300
1123,300
1124,300
1125,300
1126,300
1127,300
1128,300
1129,300
1130,300
1131,300
1132,300
1133,300
1134,300
1135,300
1136,300
1137,300
1138,300
1139,300
1140,300
1141,300
1142,300
1143,300
1144,300
1145,300
1146,300
1147,300
1148,300
1149,300
1150,300
1151,300
1152,300
1153,300
1154,300
1155,300
1156,300
1157,300
1158,300
1159,300
1160,300
1161,300
1162,300
1163,300
1164,300
1165,300
1166,300
1167,300
1168,300
1169,300
1170,300
1171,300
1172,300
1173,300
1174,300
1175,300
1176,300
1177,300
1178,300
1179,300
1180,300
1181,300
1182,300
1183,300
1184,300
1185,300
1186,300
1187,300
1188,300
1189,300
1190,300
1191,300
1192,300
1193,300
1194,300
1195,300
1196,300
1197,300
1198,300
1199,300
1200,300
1201,300
1202,300
1203,300
1204,300
1205,300
1206,300
1207,300
1208,300
1209,300
1210,300
1211,300
1212,300
1213,300
1214,300
1215,300
1216,300
1217,300
1218,300
1219,300
1220,300
1221,300
1222,300
1223,300
1224,300
1225,300
1226,300
1227,300
1228,300
1229,300
1230,300
1231,300
1232,300
1233,300
1234,300
1235,300
1236,300
1237,300
1238,300
1239,300
1240,300
1241,300
1242,300
1243,300
1244,300
1245,300
1246,300
1247,300
1248,300
1249,300
1250,300
1251,300
1252,300
1253,300
1254,300
1255,300
1256,300
1257,300
1258,300
1259,300
1260,300
1261,300
1262,300
1263,300
1264,300
1265,300
1266,300
1267,300
1268,300
1269,300
1270,300
1271,300
1272,300
1273,300
1274,300
1275,300
1276,300
1277,300
1278,300
1279,300
1280,300
1281,300
1282,300
1283,300
1284,300
1285,300
1286,300
1287,300
1288,300
1289,300
1290,300
1291,300
1292,300
1293,300
1294,300
1295,300
1296,300
1297,300
1298,300
1299,300
1300,300
1301,300
1302,300
1303,300
1304,300
1305,300
1306,300
1307,300
1308,300
1309,300
1310,300
1311,300
1312,300
1313,300
1314,300
1315,300
1316,300
1317,300
1318,300
1319,300
1320,300
1321,300
1322,300
1323,300
1324,300
1325,300
1326,300
1327,300
1328,300
1329,300
1330,300
1331,300
1332,300
1333,300
1334,300
1335,300
1336,300
1337,300
1338,300
1339,300
1340,300
1341,300
1342,300
1343,300
1344,300
1345,300
1346,300
1347,300
1348,300
1349,300
1350,300
1351,300
1352,300
1353,300
1354,300
1355,300
1356,300
1357,300
1358,300
1359,300
1360,300
1361,300
1362,300
1363,300
1364,300
1365,300
1366,300
1367,300
1368,300
1369,300
1370,300
1371,300
1372,300
1373,300
1374,300
1375,300
1376,300
1377,300
1378,300
1379,300
1380,300
1381,300
1382,300
1383,300
1384,300
1385,300
1386,300
1387,300
1388,300
1389,300
1390,300
1391,300
1392,300
1393,300
1394,300
1395,300
1396,300
1397,300
1398,300
1399,300
1400,300
1401,300
1402,300
1403,300
1404,300
1405,300
1406,300
1407,300
1408,300
1409,300
1410,300
1411,300
1412,300
1413,300
1414,300
1415,300
1416,300
1417,300
1418,300
1419,300
1420,300
1421,300
1422,300
1423,300
1424,300
1425,300
1426,300
1427,300
1428,300
1429,300
1430,300
1431,300
1432,300
1433,300
1434,300
1435,300
1436,300
1437,300
1438,300
1439,300
1440,300
1441,300
1442,300
1443,300
1444,300
1445,300
1446,300
1447,300
1448,300
1449,300
1450,300
1451,300
1452,300
1453,300
1454,300
1455,300
1456,300
1457,300
1458,300
1459,300
1460,300
1461,300
1462,300
1463,300
1464,300
1465,300
1466,300
1467,300
1468,300
1469,300
1470,300
1471,300
1472,300
1473,300
1474,300
1475,300
1476,300
1477,300
1478,300
1479,300
1480,300
1481,300
1482,300
1483,300
1484,300
1485,300
1486,300
1487,300
1488,300
1489,300
1490,300
1491,300
1492,300
1493,300
1494,300
1495,300
1496,300
1497,300
1498,300
1499,300
1500,300
1501,300
1502,300
1503,300
1504,300
1505,300
1506,300
1507,300
1508,300
1509,300
1510,300
1511,300
1512,300
1513,300
1514,300
1515,300
1516,300
1517,300
1518,300
1519,300
1520,300
1521,300
1522,300
1523,300
1524,300
1525,300
1526,300
1527,300
1528,300
1529,300
1530,300
1531,300
1532,300
1533,300
1534,300
1535,300
1536,300
1537,300
1538,300
1539,300
1540,300
1541,300
1542,300
1543,300
1544,300
1545,300
1546,300
1547,300
1548,300
1549,300
1550,300
1551,300
1552,300
1553,300
1554,300
1555,300
1556,300
1557,300
1558,300
1559,300
1560,300
1561,300
1562,300
1563,300
1564,300
1565,300
1566,300
1567,300
1568,300
1569,300
1570,300
1571,300
1572,300
1573,300
1574,300
1575,300
1576,300
1577,300
1578,300
1579,300
1580,300
1581,300
1582,300
1583,300
1584,300
1585,300
1586,300
1587,300
1588,300
1589,300
1590,300
1591,300
1592,300
1593,300
1594,300
1595,300
1596,300
1597,300
1598,300
1599,300
1600,300
1601,300
1602,300
1603,300
1604,300
1605,300
1606,300
1607,300
1608,300
1609,300
1610,300
1611,300
1612,300
1613,300
1614,300
1615,300
1616,300
1617,300
1618,300
1619,300
1620,300
1621,300
1622,300
1623,300
1624,300
1625,300
1626,300
1627,300
1628,300
1629,300
1630,300
1631,300
1632,300
1633,300
1634,300
1635,300
1636,300
1637,300
1638,300
1639,300
1640,300
1641,300
1642,300
1643,300
1644,300
1645,300
1646,300
1647,300
1648,300
1649,300
1650,300
1651,300
1652,300
1653,300
1654,300
1655,300
1656,300
1657,300
1658,300
1659,300
1660,300
1661,300
1662,300
1663,300
1664,300
1665,300
1666,300
1667,300
1668,300
1669,300
1670,300
1671,300
1672,300
1673,300
1674,300
1675,300
1676,300
1677,300
1678,300
1679,300
1680,300
1681,300
1682,300
1683,300
1684,300
1685,300
1686,300
1687,300
1688,300
1689,300
1690,300
1691,300
1692,300
1693,300
1694,300
1695,300
1696,300
1697,300
1698,300
1699,300
1700,300
1701,300
1702,300
1703,300
1704,300
1705,300
1706,300
1707,300
1708,300
1709,300
1710,300
1711,300
1712,300
1713,300
1714,300
1715,300
1716,300
1717,300
1718,300
1719,300
1720,300
1721,300
1722,300
1723,300
1724,300
1725,300
1726,300
1727,300
1728,300
1729,300
1730,300
1731,300
1732,300
1733,300
1734,300
1735,300
1736,300
1737,300
1738,300
1739,300
1740,300
1741,300
1742,300
1743,300
1744,300
1745,300
1746,300
1747,300
1748,300
1749,300
1750,300
1751,300
1752,300
1753,300
1754,300
1755,300
1756,300
1757,300
1758,300
1759,300
1760,300
1761,300
1762,300
1763,300
1764,300
1765,300
1766,300
1767,300
1768,300
1769,300
1770,300
1771,300
1772,300
1773,300
1774,300
1775,300
1776,300
1777,300
1778,300
1779,300
1780,300
1781,300
1782,300
1783,300
1784,300
1785,300
1786,300
1787,300
1788,300
1789,300
1790,300
1791,300
1792,300
1793,300
1794,300
1795,300
1796,300
1797,300
1798,300
1799,300
1800,300
1801,300
1802,300
1803,300
1804,300
1805,300
1806,300
1807,300
1808,300
1809,300
1810,300
1811,300
1812,300
1813,300
1814,300
1815,300
1816,300
1817,300
1818,300
1819,300
1820,300
1821,300
1822,300
1823,300
1824,300
1825,300
1826,300
1827,300
1828,300
1829,300
1830,300
1831,300
1832,300
1833,300
1834,300
1835,300
1836,300
1837,300
1838,300
1839,300
1840,300
1841,300
1842,300
1843,300
1844,300
1845,300
1846,300
1847,300
1848,300
1849,299
1850,299
1851,299
1852,299
1853,299
1854,299
1855,298
1856,298
1857,297
1858,297
1859,296
1860,296
1861,296
1862,296
1863,295
1864,295
1865,294
1866,294
1867,293
1868,293
1869,292
1870,292
1871,290
1872,289
1873,288
1874,286
1875,285
1876,284
1877,284
1878,283
1879,283
1880,282
1881,281
1882,280
1883,279
1884,278
1885,277
1886,276
1887,275
1888,273
1889,272
1890,271
1891,269
1892,269
1893,267
1894,267
1895,266
1896,265
1897,264
1898,263
1899,262
1900,261
1901,260
1902,259
1903,257
1904,255
1905,253
1906,251
1907,248
1908,247
1909,246
1910,246
1911,246
1912,246
1913,246
1914,246
1915,246
1916,246
1917,246
1918,246
1919,246
1920,246
1921,246
1922,246
1923,246
1924,246
1925,246
1926,246
1927,246
1928,246
1929,246
1930,246
1931,246
1932,246
1933,246
1934,246
1935,246
1936,246
1937,246
1938,246
1939,246
1940,246
1941,246
1942,246
1943,246
1944,246
1945,246
1946,246
1947,246
1948,246
1949,246
1950,246
1951,246
1952,246
1953,246
1954,246
1955,246
1956,246
1957,246
1958,246
1959,246
1960,246
1961,246
1962,246
1963,246
1964,246
1965,246
1966,246
1967,246
1968,246
1969,246
1970,246
1971,246
1972,246
1973,246
1974,246
1975,246
1976,246
1977,246
1978,246
1979,246
1980,246
1981,246
1982,246
1983,246
1984,246
1985,246
1986,246
1987,246
1988,246
1989,246
1990,246
1991,246
1992,246
1993,246
1994,246
1995,246
1996,246
1997,246
1998,246
1999,246
2000,246
2001,246
2002,246
2003,246
2004,246
2005,246
2006,246
2007,246
2008,246
2009,246
2010,246
2011,246
2012,246
2013,246
2014,245
2015,245
2016,245
2017,245
2018,245
2019,245
2020,245
2021,245
2022,245
2023,245
2024,245
2025,245
2026,245
2027,245
2028,245
2029,245
2030,245
2031,245
2032,245
2033,245
2034,245
2035,245
2036,245
2037,245
2038,245
2039,245
2040,245
2041,245
2042,245
2043,245
2044,245
2045,245
2046,245
2047,245
2048,245
2049,245
2050,245
2051,245
2052,245
2053,245
2054,245
2055,245
2056,245
2057,245
2058,245
2059,245
2060,245
2061,245
2062,245
2063,245
2064,245
2065,245
2066,245
2067,245
2068,245
2069,245
2070,245
2071,245
2072,245
2073,245
2074,245
2075,245
2076,245
2077,245
2078,245
2079,245
2080,245
2081,245
2082,245
2083,245
2084,245
2085,245
2086,245
2087,245
2088,245
2089,245
2090,245
2091,245
2092,245
2093,245
2094,245
2095,245
2096,245
2097,245
2098,245
2099,245
2100,245
2101,245
2102,245
2103,245
2104,245
2105,245
2106,245
2107,245
2108,245
2109,245
2110,245
2111,245
2112,245
2113,245
2114,245
2115,245
2116,245
2117,245
2118,245
2119,245
2120,245
2121,245
2122,245
2123,245
2124,245
2125,245
2126,245
2127,245
2128,245
2129,245
2130,245
2131,245
2132,245
2133,245
2134,245
2135,245
2136,245
2137,245
2138,245
2139,245
2140,245
2141,245
2142,245
2143,245
2144,245
2145,245
2146,245
2147,245
2148,245
2149,245
2150,245
2151,245
2152,244
2153,244
2154,244
2155,244
2156,244
2157,244
2158,244
2159,244
2160,244
2161,244
2162,244
2163,244
2164,244
2165,244
2166,244
2167,244
2168,244
2169,244
2170,244
2171,244
2172,244
2173,244
2174,244
2175,244
2176,244
2177,244
2178,244
2179,244
2180,244
2181,244
2182,244
2183,244
2184,244
2185,244
2186,244
2187,244
2188,244
2189,244
2190,244
2191,244
2192,244
2193,244
2194,244
2195,244
2196,244
2197,244
2198,244
2199,244
2200,244
2201,244
2202,244
2203,244
2204,244
2205,244
2206,243
2207,243
2208,243
2209,243
2210,243
2211,243
2212,243
2213,243
2214,243
2215,243
2216,243
2217,243
2218,243
2219,243
2220,243
2221,243
2222,243
2223,243
2224,243
2225,243
2226,243
2227,243
2228,243
2229,243
2230,243
2231,243
2232,243
2233,243
2234,243
2235,243
2236,243
2237,243
2238,243
2239,243
2240,243
2241,243
2242,243
2243,243
2244,243
2245,243
2246,243
2247,243
2248,243
2249,243
2250,243
2251,243
2252,243
2253,243
2254,243
2255,243
2256,243
2257,243
2258,243
2259,243
2260,243
2261,243
2262,243
2263,243
2264,243
2265,243
2266,243
2267,243
2268,243
2269,243
2270,243
2271,243
2272,243
2273,242
2274,242
2275,242
2276,242
2277,242
2278,242
2279,242
2280,242
2281,242
2282,242
2283,242
2284,242
2285,242
2286,242
2287,242
2288,242
2289,242
2290,242
2291,242
2292,242
2293,242
2294,242
2295,242
2296,242
2297,242
2298,242
2299,242
2300,242
2301,242
2302,242
2303,242
2304,241
2305,241
2306,241
2307,241
2308,241
2309,241
2310,241
2311,241
2312,241
2313,241
2314,241
2315,241
2316,241
2317,241
2318,241
2319,241
2320,241
2321,241
2322,241
2323,241
2324,241
2325,241
2326,241
2327,241
2328,241
2329,241
2330,241
2331,241
2332,241
2333,241
2334,241
2335,241
2336,241
2337,241
2338,241
2339,241
2340,241
2341,241
2342,241
2343,241
2344,241
2345,241
2346,241
2347,241
2348,241
2349,241
2350,241
2351,241
2352,241
2353,241
2354,241
2355,241
2356,241
2357,241
2358,241
2359,241
2360,241
2361,241
2362,241
2363,241
2364,241
2365,241
2366,241
2367,241
2368,241
2369,241
2370,241
2371,241
2372,241
2373,241
2374,241
2375,241
2376,241
2377,241
2378,241
2379,241
2380,241
2381,241
2382,241
2383,241
2384,241
2385,241
2386,241
2387,241
2388,241
2389,241
2390,241
2391,241
2392,241
2393,241
2394,241
2395,241
2396,241
2397,241
2398,241
2399,241
2400,241
2401,241
2402,241
2403,241
2404,241
2405,241
2406,241
2407,241
2408,241
2409,241
2410,241
2411,241
2412,241
2413,241
2414,241
2415,241
2416,241
2417,241
2418,241
2419,241
2420,241
2421,241
2422,241
2423,241
2424,241
2425,241
2426,241
2427,241
2428,241
2429,241
2430,241
2431,241
2432,241
2433,241
2434,241
2435,241
2436,241
2437,241
2438,241
2439,241
2440,241
2441,241
2442,241
2443,241
2444,241
2445,241
2446,241
2447,241
2448,241
2449,241
2450,241
2451,241
2452,241
2453,241
2454,241
2455,241
2456,241
2457,241
2458,241
2459,241
2460,241
2461,241
2462,241
2463,241
2464,241
2465,241
2466,241
2467,241
2468,241
2469,241
2470,241
2471,241
2472,241
2473,241
2474,241
2475,241
2476,241
2477,241
2478,241
2479,241
2480,241
2481,241
2482,241
2483,241
2484,241
2485,241
2486,241
2487,241
2488,241
2489,241
2490,241
2491,241
2492,241
2493,241
2494,241
2495,241
2496,240
2497,240
2498,240
2499,240
2500,239
2501,238
2502,238
2503,237
2504,237
2505,237
2506,237
2507,237
2508,236
2509,235
2510,235
2511,235
2512,234
2513,233
2514,232
2515,230
2516,230
2517,230
2518,230
2519,230
2520,230
2521,230
2522,228
2523,227
2524,225
2525,224
2526,224
2527,222
2528,221
2529,220
2530,219
2531,219
2532,218
2533,216
2534,215
2535,214
2536,214
2537,213
2538,213
2539,212
2540,211
2541,210
2542,209
2543,206
2544,204
2545,203
2546,202
2547,199
2548,197
2549,195
2550,194
2551,193
2552,192
2553,189
2554,188
2555,187
2556,186
2557,183
2558,182
2559,181
2560,180
2561,178
2562,176
2563,175
2564,175
2565,175
2566,175
2567,175
2568,175
2569,175
2570,175
2571,175
2572,175
2573,175
2574,175
2575,175
2576,175
2577,175
2578,175
2579,175
2580,175
2581,175
2582,175
2583,175
2584,175
2585,175
2586,175
2587,175
2588,175
2589,175
2590,175
2591,175
2592,175
2593,175
2594,175
2595,175
2596,175
2597,175
2598,175
2599,175
2600,175
2601,175
2602,175
2603,175
2604,175
2605,175
2606,175
2607,175
2608,175
2609,175
2610,175
2611,175
2612,175
2613,175
2614,175
2615,175
2616,175
2617,175
2618,175
2619,175
2620,175
2621,175
2622,175
2623,174
2624,174
2625,174
2626,174
2627,174
2628,174
2629,174
2630,174
2631,174
2632,174
2633,174
2634,174
2635,174
2636,173
2637,173
2638,173
2639,173
2640,173
2641,173
2642,173
2643,173
2644,173
2645,173
2646,173
2647,173
2648,173
2649,173
2650,173
2651,173
2652,173
2653,173
2654,173
2655,173
2656,173
2657,173
2658,173
2659,173
2660,173
2661,173
2662,173
2663,173
2664,173
2665,173
2666,173
2667,173
2668,173
2669,173
2670,173
2671,173
2672,173
2673,173
2674,173
2675,173
2676,173
2677,173
2678,173
2679,173
2680,173
2681,172
2682,172
2683,172
2684,172
2685,172
2686,172
2687,172
2688,172
2689,172
2690,172
2691,172
2692,172
2693,172
2694,172
2695,172
2696,172
2697,172
2698,172
2699,172
2700,172
2701,172
2702,172
2703,172
2704,172
2705,172
2706,172
2707,172
2708,172
2709,172
2710,172
2711,172
2712,172
2713,172
2714,172
2715,172
2716,172
2717,172
2718,172
2719,171
2720,171
2721,171
2722,171
2723,171
2724,171
2725,171
2726,171
2727,171
2728,171
2729,171
2730,171
2731,171
2732,171
2733,171
2734,171
2735,171
2736,171
2737,171
2738,171
2739,171
2740,171
2741,171
2742,171
2743,171
2744,171
2745,171
2746,171
2747,171
2748,171
2749,171
2750,171
2751,171
2752,171
2753,171
2754,171
2755,171
2756,171
2757,171
2758,171
2759,171
2760,171
2761,171
2762,171
2763,171
2764,171
2765,171
2766,171
2767,171
2768,171
2769,171
2770,171
2771,171
2772,171
2773,171
2774,171
2775,171
2776,171
2777,171
2778,171
2779,171
2780,171
2781,171
2782,171
2783,171
2784,171
2785,171
2786,171
2787,171
2788,171
2789,171
2790,171
2791,171
2792,171
2793,171
2794,171
2795,171
2796,171
2797,171
2798,171
2799,171
2800,171
2801,171
2802,171
2803,171
2804,171
2805,171
2806,171
2807,171
2808,171
2809,171
2810,171
2811,171
2812,171
2813,171
2814,171
2815,171
2816,171
2817,171
2818,171
2819,171
2820,171
2821,171
2822,171
2823,171
2824,171
2825,171
2826,171
2827,171
2828,171
2829,171
2830,171
2831,171
2832,171
2833,171
2834,171
2835,171
2836,171
2837,171
2838,171
2839,171
2840,171
2841,171
2842,171
2843,171
2844,171
2845,171
2846,171
2847,171
2848,171
2849,171
2850,171
2851,171
2852,171
2853,171
2854,171
2855,171
2856,171
2857,171
2858,171
2859,171
2860,171
2861,171
2862,171
2863,171
2864,171
2865,171
2866,171
2867,171
2868,171
2869,171
2870,171
2871,171
2872,171
2873,171
2874,171
2875,171
2876,171
2877,171
2878,171
2879,171
2880,171
2881,171
2882,171
2883,171
2884,171
2885,171
2886,171
2887,171
2888,171
2889,171
2890,171
2891,171
2892,171
2893,171
2894,171
2895,171
2896,171
2897,171
2898,171
2899,171
2900,171
2901,171
2902,171
2903,171
2904,171
2905,171
2906,171
2907,171
2908,171
2909,171
2910,171
2911,171
2912,171
2913,171
2914,171
2915,171
2916,171
2917,171
2918,171
2919,171
2920,171
2921,171
2922,171
2923,171
2924,171
2925,171
2926,171
2927,171
2928,171
2929,171
2930,171
2931,171
2932,171
2933,171
2934,171
2935,171
2936,171
2937,171
2938,171
2939,171
2940,171
2941,171
2942,171
2943,171
2944,171
2945,171
2946,171
2947,171
2948,171
2949,171
2950,171
2951,171
2952,171
2953,171
2954,171
2955,171
2956,171
2957,171
2958,171
2959,171
2960,171
2961,171
2962,171
2963,171
2964,171
2965,171
2966,171
2967,171
2968,171
2969,171
2970,171
2971,171
2972,171
2973,171
2974,171
2975,171
2976,171
2977,171
2978,171
2979,171
2980,171
2981,171
2982,171
2983,170
2984,170
2985,170
2986,170
2987,170
2988,170
2989,170
2990,170
2991,170
2992,170
2993,170
2994,170
2995,170
2996,170
2997,170
2998,170
2999,170
3000,170
3001,170
3002,170
3003,170
3004,170
3005,170
3006,170
3007,170
3008,170
3009,170
3010,170
3011,170
3012,170
3013,170
3014,170
3015,170
3016,170
3017,170
3018,170
3019,170
3020,170
3021,169
3022,169
3023,169
3024,169
3025,169
3026,169
3027,169
3028,169
3029,169
3030,169
3031,169
3032,169
3033,169
3034,169
3035,169
3036,169
3037,169
3038,169
3039,169
3040,169
3041,169
3042,169
3043,169
3044,169
3045,169
3046,169
3047,169
3048,169
3049,169
3050,169
3051,169
3052,169
3053,169
3054,169
3055,169
3056,169
3057,169
3058,169
3059,168
3060,168
3061,168
3062,168
3063,168
3064,168
3065,168
3066,168
3067,168
3068,168
3069,168
3070,168
3071,168
3072,168
3073,168
3074,168
3075,168
3076,168
3077,168
3078,168
3079,168
3080,168
3081,168
3082,168
3083,168
3084,168
3085,168
3086,168
3087,168
3088,168
3089,168
3090,168
3091,168
3092,168
3093,168
3094,168
3095,168
3096,168
3097,168
3098,168
3099,168
3100,168
3101,168
3102,168
3103,168
3104,168
3105,168
3106,168
3107,168
3108,168
3109,168
3110,168
3111,168
3112,168
3113,168
3114,168
3115,168
3116,168
3117,168
3118,168
3119,168
3120,168
3121,168
3122,168
3123,168
3124,168
3125,168
3126,168
3127,168
3128,168
3129,168
3130,168
3131,168
3132,168
3133,168
3134,168
3135,168
3136,168
3137,168
3138,168
3139,168
3140,168
3141,168
3142,168
3143,168
3144,168
3145,168
3146,168
3147,168
3148,168
3149,168
3150,168
3151,168
3152,168
3153,168
3154,168
3155,168
3156,168
3157,168
3158,168
3159,168
3160,168
3161,168
3162,168
3163,168
3164,168
3165,168
3166,168
3167,168
3168,168
3169,168
3170,168
3171,168
3172,168
3173,168
3174,168
3175,168
3176,168
3177,168
3178,168
3179,168
3180,168
3181,168
3182,168
3183,168
3184,168
3185,168
3186,168
3187,168
3188,168
3189,168
3190,168
3191,168
3192,168
3193,168
3194,168
3195,168
3196,168
3197,168
3198,168
3199,168
3200,168
3201,168
3202,168
3203,168
3204,168
3205,168
3206,168
3207,168
3208,168
3209,168
3210,168
3211,168
3212,168
3213,168
3214,168
3215,168
3216,168
3217,168
3218,168
3219,168
3220,168
3221,168
3222,168
3223,168
3224,168
3225,168
3226,168
3227,168
3228,168
3229,167
3230,167
3231,167
3232,167
3233,167
3234,167
3235,167
3236,167
3237,167
3238,167
3239,167
3240,167
3241,167
3242,167
3243,167
3244,167
3245,167
3246,167
3247,167
3248,167
3249,167
3250,167
3251,167
3252,167
3253,167
3254,167
3255,167
3256,167
3257,167
3258,167
3259,167
3260,167
3261,167
3262,167
3263,167
3264,167
3265,167
3266,167
3267,167
3268,167
3269,167
3270,167
3271,167
3272,167
3273,167
3274,167
3275,167
3276,167
3277,167
3278,167
3279,167
3280,167
3281,167
3282,167
3283,167
3284,167
3285,167
3286,167
3287,167
3288,167
3289,167
3290,167
3291,167
3292,167
3293,167
3294,167
3295,167
3296,167
3297,167
3298,167
3299,167
3300,167
3301,167
3302,167
3303,167
3304,167
3305,167
3306,167
3307,167
3308,167
3309,167
3310,167
3311,167
3312,167
3313,167
3314,167
3315,167
3316,167
3317,167
3318,167
3319,167
3320,167
3321,167
3322,167
3323,167
3324,167
3325,167
3326,167
3327,167
3328,167
3329,167
3330,167
3331,167
3332,167
3333,167
3334,167
3335,167
3336,166
3337,165
3338,165
3339,165
3340,165
3341,165
3342,165
3343,165
3344,165
3345,165
3346,165
3347,165
3348,165
3349,165
3350,165
3351,165
3352,165
3353,165
3354,165
3355,165
3356,165
3357,165
3358,165
3359,165
3360,165
3361,165
3362,165
3363,165
3364,165
3365,165
3366,165
3367,165
3368,165
3369,165
3370,165
3371,165
3372,165
3373,165
3374,165
3375,165
3376,165
3377,165
3378,165
3379,165
3380,164
3381,164
3382,164
3383,163
3384,163
3385,163
3386,163
3387,163
3388,163
3389,163
3390,163
3391,163
3392,163
3393,163
3394,162
3395,162
3396,162
3397,162
3398,162
3399,162
3400,162
3401,161
3402,161
3403,161
3404,161
3405,161
3406,161
3407,161
3408,161
3409,161
3410,161
3411,161
3412,161
3413,161
3414,161
3415,161
3416,161
3417,161
3418,161
3419,161
3420,161
3421,161
3422,161
3423,161
3424,161
3425,161
3426,160
3427,160
3428,160
3429,160
3430,160
3431,160
3432,160
3433,160
3434,160
3435,160
3436,160
3437,160
3438,160
3439,160
3440,160
3441,160
3442,160
3443,160
3444,159
3445,159
3446,159
3447,159
3448,159
3449,159
3450,159
3451,159
3452,159
3453,159
3454,159
3455,159
3456,159
3457,159
3458,159
3459,159
3460,159
3461,159
3462,159
3463,159
3464,159
3465,159
3466,159
3467,159
3468,159
3469,159
3470,159
3471,159
3472,159
3473,159
3474,159
3475,159
3476,159
3477,159
3478,159
3479,159
3480,159
3481,159
3482,159
3483,159
3484,159
3485,159
3486,159
3487,159
3488,159
3489,159
3490,159
3491,159
3492,159
3493,159
3494,159
3495,159
3496,159
3497,159
3498,159
3499,159
3500,159
3501,159
3502,159
3503,159
3504,159
3505,159
3506,159
3507,159
3508,159
3509,159
3510,159
3511,159
3512,159
3513,159
3514,159
3515,159
3516,159
3517,159
3518,159
3519,159
3520,159
3521,159
3522,159
3523,159
3524,159
3525,159
3526,159
3527,159
3528,159
3529,159
3530,159
3531,159
3532,159
3533,159
3534,159
3535,159
3536,159
3537,159
3538,159
3539,159
3540,159
3541,159
3542,159
3543,159
3544,159
3545,159
3546,159
3547,159
3548,159
3549,159
3550,159
3551,159
3552,159
3553,159
3554,159
3555,158
3556,158
3557,158
3558,158
3559,158
3560,158
3561,158
3562,158
3563,158
3564,158
3565,158
3566,158
3567,158
3568,158
3569,158
3570,158
3571,158
3572,158
3573,158
3574,158
3575,158
3576,158
3577,158
3578,158
3579,158
3580,158
3581,158
3582,158
3583,158
3584,157
3585,157
3586,157
3587,157
3588,157
3589,157
3590,157
3591,157
3592,157
3593,157
3594,157
3595,157
3596,157
3597,157
3598,157
3599,157
3600,157
3601,157
3602,157
3603,157
3604,157
3605,157
3606,157
3607,157
3608,156
3609,156
3610,156
3611,156
3612,156
3613,156
3614,156
3615,156
3616,156
3617,156
3618,156
3619,156
3620,156
3621,156
3622,156
3623,156
3624,156
3625,156
3626,156
3627,156
3628,156
3629,156
3630,156
3631,156
3632,156
3633,156
3634,156
3635,156
3636,156
3637,156
3638,156
3639,156
3640,156
3641,156
3642,156
3643,156
3644,156
3645,156
3646,156
3647,156
3648,156
3649,156
3650,156
3651,156
3652,155
3653,155
3654,155
3655,155
3656,155
3657,155
3658,155
3659,155
3660,155
3661,155
3662,155
3663,155
3664,155
3665,155
3666,155
3667,155
3668,155
3669,155
3670,155
3671,155
3672,155
3673,155
3674,155
3675,155
3676,155
3677,155
3678,155
3679,155
3680,155
3681,155
3682,155
3683,155
3684,155
3685,155
3686,155
3687,155
3688,155
3689,155
3690,155
3691,155
3692,155
3693,155
3694,155
3695,155
3696,155
3697,155
3698,155
3699,154
3700,154
3701,154
3702,154
3703,154
3704,154
3705,154
3706,154
3707,154
3708,154
3709,154
3710,154
3711,154
3712,154
3713,154
3714,153
3715,153
3716,153
3717,153
3718,153
3719,153
3720,153
3721,153
3722,153
3723,153
3724,153
3725,153
3726,152
3727,152
3728,152
3729,152
3730,152
3731,152
3732,151
3733,151
3734,151
3735,151
3736,151
3737,151
3738,151
3739,151
3740,151
3741,151
3742,151
3743,150
3744,150
3745,150
3746,150
3747,150
3748,150
3749,150
3750,150
3751,150
3752,150
3753,150
3754,150
3755,150
3756,150
3757,150
3758,150
3759,150
3760,150
3761,150
3762,150
3763,150
3764,150
3765,150
3766,150
3767,150
3768,150
3769,150
3770,150
3771,150
3772,150
3773,150
3774,150
3775,150
3776,150
3777,150
3778,150
3779,150
3780,150
3781,150
3782,150
3783,150
3784,150
3785,150
3786,149
3787,149
3788,149
3789,149
3790,149
3791,149
3792,149
3793,149
3794,149
3795,149
3796,149
3797,149
3798,149
3799,149
3800,149
3801,149
3802,149
3803,149
3804,148
3805,148
3806,148
3807,148
3808,148
3809,148
3810,147
3811,147
3812,147
3813,146
3814,146
3815,146
3816,146
3817,146
3818,146
3819,146
3820,146
3821,145
3822,145
3823,145
3824,145
3825,144
3826,144
3827,144
3828,144
3829,144
3830,144
3831,144
3832,144
3833,144
3834,144
3835,144
3836,144
3837,144
3838,144
3839,144
3840,144
3841,144
3842,144
3843,144
3844,144
3845,144
3846,144
3847,144
3848,144
3849,144
3850,144
3851,144
3852,144
3853,144
3854,144
3855,144
3856,144
3857,144
3858,144
3859,144
3860,144
3861,144
3862,144
3863,144
3864,144
3865,144
3866,144
3867,144
3868,144
3869,144
3870,144
3871,144
3872,144
3873,144
3874,144
3875,144
3876,144
3877,144
3878,144
3879,144
3880,144
3881,144
3882,144
3883,144
3884,144
3885,144
3886,144
3887,144
3888,144
3889,144
3890,144
3891,144
3892,144
3893,144
3894,144
3895,144
3896,144
3897,144
3898,144
3899,144
3900,144
3901,144
3902,144
3903,144
3904,144
3905,144
3906,144
3907,144
3908,144
3909,144
3910,144
3911,144
3912,144
3913,144
3914,144
3915,144
3916,144
3917,144
3918,144
3919,144
3920,144
3921,144
3922,144
3923,144
3924,144
3925,144
3926,144
3927,144
3928,144
3929,144
3930,144
3931,144
3932,144
3933,144
3934,144
3935,144
3936,144
3937,144
3938,144
3939,144
3940,144
3941,144
3942,144
3943,144
3944,144
3945,144
3946,144
3947,144
3948,144
3949,144
3950,144
3951,144
3952,144
3953,144
3954,144
3955,144
3956,144
3957,144
3958,144
3959,144
3960,144
3961,144
3962,144
3963,144
3964,144
3965,144
3966,144
3967,144
3968,144
3969,144
3970,144
3971,144
3972,144
3973,144
3974,144
3975,144
3976,143
3977,143
3978,143
3979,143
3980,143
3981,143
3982,143
3983,143
3984,143
3985,143
3986,143
3987,143
3988,143
3989,143
3990,143
3991,143
3992,143
3993,143
3994,143
3995,143
3996,143
3997,143
3998,143
3999,143
4000,143
4001,143
4002,143
4003,143
4004,143
4005,143
4006,143
4007,143
4008,143
4009,143
4010,143
4011,143
4012,143
4013,143
4014,143
4015,142
4016,142
4017,142
4018,142
4019,142
4020,142
4021,142
4022,141
4023,141
4024,141
4025,141
4026,140
4027,140
4028,140
4029,140
4030,140
4031,140
4032,140
4033,140
4034,140
4035,140
4036,140
4037,140
4038,140
4039,140
4040,140
4041,140
4042,140
4043,140
4044,140
4045,140
4046,140
4047,140
4048,140
4049,140
4050,140
4051,140
4052,140
4053,140
4054,140
4055,139
4056,139
4057,139
4058,139
4059,138
4060,138
4061,138
4062,138
4063,138
4064,138
4065,138
4066,138
4067,138
4068,138
4069,138
4070,138
4071,138
4072,138
4073,138
4074,138
4075,138
4076,138
4077,138
4078,138
4079,138
4080,138
4081,138
4082,138
4083,138
4084,138
4085,138
4086,138
4087,138
4088,138
4089,138
4090,138
4091,138
4092,138
4093,138
4094,138
4095,138
4096,138
4097,138
4098,138
4099,138
4100,138
4101,138
4102,138
4103,138
4104,138
4105,137
4106,137
4107,137
4108,137
4109,137
4110,137
4111,137
4112,137
4113,137
4114,137
4115,137
4116,137
4117,137
4118,137
4119,137
4120,137
4121,137
4122,137
4123,137
4124,137
4125,137
4126,137
4127,137
4128,137
4129,137
4130,137
4131,137
4132,137
4133,136
4134,136
4135,136
4136,136
4137,136
4138,136
4139,136
4140,135
4141,135
4142,135
4143,135
4144,135
4145,135
4146,135
4147,135
4148,135
4149,135
4150,135
4151,135
4152,135
4153,135
4154,135
4155,135
4156,135
4157,135
4158,135
4159,135
4160,135
4161,135
4162,135
4163,135
4164,135
4165,135
4166,135
4167,135
4168,135
4169,135
4170,135
4171,135
4172,135
4173,135
4174,135
4175,135
4176,135
4177,135
4178,135
4179,135
4180,135
4181,135
4182,135
4183,135
4184,135
4185,135
4186,135
4187,135
4188,135
4189,135
4190,135
4191,135
4192,135
4193,135
4194,135
4195,135
4196,135
4197,135
4198,135
4199,135
4200,135
4201,135
4202,135
4203,135
4204,135
4205,135
4206,135
4207,135
4208,135
4209,135
4210,135
4211,135
4212,135
4213,135
4214,135
4215,135
4216,135
4217,135
4218,135
4219,135
4220,135
4221,135
4222,135
4223,135
4224,135
4225,135
4226,135
4227,135
4228,135
4229,135
4230,135
4231,135
4232,135
4233,135
4234,135
4235,135
4236,135
4237,135
4238,135
4239,135
4240,135
4241,135
4242,135
4243,135
4244,135
4245,135
4246,135
4247,135
4248,135
4249,135
4250,135
4251,135
4252,135
4253,135
4254,135
4255,135
4256,135
4257,135
4258,135
4259,135
4260,135
4261,135
4262,135
4263,135
4264,135
4265,135
4266,135
4267,135
4268,135
4269,135
4270,135
4271,135
4272,135
4273,135
4274,135
4275,135
4276,135
4277,135
4278,135
4279,135
4280,135
4281,135
4282,135
4283,135
4284,135
4285,135
4286,135
4287,135
4288,135
4289,135
4290,135
4291,135
4292,135
4293,135
4294,135
4295,135
4296,135
4297,135
4298,135
4299,135
4300,135
4301,135
4302,135
4303,134
4304,134
4305,134
4306,134
4307,134
4308,134
4309,134
4310,134
4311,134
4312,134
4313,134
4314,134
4315,134
4316,134
4317,134
4318,134
4319,134
4320,134
4321,134
4322,134
4323,134
4324,134
4325,134
4326,134
4327,134
4328,134
4329,134
4330,134
4331,133
4332,133
4333,133
4334,133
4335,133
4336,133
4337,133
4338,133
4339,133
4340,133
4341,133
4342,133
4343,133
4344,133
4345,133
4346,133
4347,133
4348,133
4349,133
4350,133
4351,133
4352,133
4353,133
4354,133
4355,133
4356,133
4357,133
4358,133
4359,133
4360,133
4361,133
4362,133
4363,133
4364,133
4365,133
4366,133
4367,133
4368,133
4369,133
4370,133
4371,133
4372,133
4373,133
4374,133
4375,133
4376,132
4377,132
4378,132
4379,132
4380,132
4381,132
4382,132
4383,132
4384,132
4385,132
4386,132
4387,132
4388,132
4389,131
4390,131
4391,131
4392,131
4393,131
4394,131
4395,131
4396,131
4397,131
4398,131
4399,131
4400,131
4401,131
4402,131
4403,131
4404,131
4405,131
4406,131
4407,131
4408,131
4409,131
4410,131
4411,131
4412,131
4413,131
4414,131
4415,131
4416,131
4417,131
4418,131
4419,131
4420,131
4421,131
4422,131
4423,131
4424,131
4425,131
4426,131
4427,131
4428,131
4429,131
4430,131
4431,130
4432,130
4433,130
4434,130
4435,130
4436,130
4437,130
4438,130
4439,130
4440,130
4441,130
4442,130
4443,130
4444,130
4445,130
4446,130
4447,130
4448,130
4449,129
4450,129
4451,129
4452,129
4453,129
4454,129
4455,129
4456,128
4457,128
4458,128
4459,128
4460,128
4461,128
4462,128
4463,128
4464,128
4465,128
4466,128
4467,128
4468,128
4469,128
4470,128
4471,128
4472,128
4473,128
4474,128
4475,128
4476,128
4477,128
4478,128
4479,128
4480,128
4481,128
4482,128
4483,128
4484,128
4485,128
4486,128
4487,128
4488,128
4489,128
4490,128
4491,128
4492,128
4493,128
4494,128
4495,128
4496,128
4497,128
4498,128
4499,128
4500,128
4501,128
4502,128
4503,128
4504,128
4505,128
4506,128
4507,128
4508,128
4509,128
4510,128
4511,128
4512,128
4513,128
4514,128
4515,128
4516,128
4517,128
4518,128
4519,128
4520,128
4521,128
4522,128
4523,128
4524,128
4525,128
4526,128
4527,128
4528,128
4529,128
4530,128
4531,128
4532,128
4533,128
4534,128
4535,128
4536,128
4537,128
4538,128
4539,128
4540,128
4541,128
4542,128
4543,128
4544,128
4545,128
4546,128
4547,128
4548,128
4549,128
4550,128
4551,128
4552,128
4553,128
4554,128
4555,128
4556,128
4557,128
4558,128
4559,128
4560,128
4561,128
4562,128
4563,128
4564,128
4565,128
4566,127
4567,127
4568,127
4569,127
4570,127
4571,127
4572,127
4573,127
4574,127
4575,127
4576,127
4577,127
4578,127
4579,127
4580,127
4581,127
4582,127
4583,127
4584,127
4585,127
4586,127
4587,127
4588,127
4589,127
4590,127
4591,127
4592,127
4593,127
4594,127
4595,127
4596,127
4597,127
4598,127
4599,127
4600,127
4601,126
4602,126
4603,126
4604,126
4605,126
4606,126
4607,126
4608,126
4609,126
4610,126
4611,126
4612,126
4613,126
4614,126
4615,126
4616,126
4617,126
4618,126
4619,126
4620,126
4621,126
4622,126
4623,126
4624,126
4625,126
4626,126
4627,126
4628,126
4629,126
4630,126
4631,126
4632,126
4633,126
4634,126
4635,126
4636,126
4637,126
4638,126
4639,126
4640,126
4641,126
4642,126
4643,126
4644,126
4645,126
4646,126
4647,126
4648,126
4649,126
4650,126
4651,126
4652,126
4653,126
4654,126
4655,126
4656,126
4657,126
4658,126
4659,126
4660,126
4661,126
4662,126
4663,126
4664,126
4665,126
4666,126
4667,126
4668,126
4669,126
4670,126
4671,126
4672,126
4673,126
4674,126
4675,126
4676,126
4677,126
4678,126
4679,126
4680,126
4681,126
4682,126
4683,126
4684,126
4685,126
4686,126
4687,126
4688,126
4689,126
4690,126
4691,126
4692,126
4693,126
4694,126
4695,126
4696,126
4697,126
4698,126
4699,126
4700,126
4701,126
4702,126
4703,126
4704,126
4705,126
4706,126
4707,126
4708,126
4709,126
4710,125
4711,125
4712,125
4713,125
4714,125
4715,125
4716,125
4717,125
4718,125
4719,125
4720,125
4721,125
4722,125
4723,124
4724,124
4725,124
4726,124
4727,124
4728,124
4729,124
4730,124
4731,124
4732,124
4733,124
4734,124
4735,124
4736,124
4737,124
4738,124
4739,124
4740,124
4741,124
4742,124
4743,124
4744,124
4745,124
4746,124
4747,124
4748,123
4749,123
4750,123
4751,123
4752,123
4753,123
4754,123
4755,123
4756,123
4757,123
4758,123
4759,123
4760,123
4761,123
4762,123
4763,123
4764,123
4765,123
4766,123
4767,123
4768,123
4769,123
4770,123
4771,123
4772,123
4773,122
4774,122
4775,122
4776,122
4777,122
4778,122
4779,122
4780,122
4781,122
4782,122
4783,122
4784,122
4785,122
4786,122
4787,122
4788,122
4789,122
4790,122
4791,122
4792,122
4793,122
4794,122
4795,122
4796,122
4797,122
4798,122
4799,122
4800,122
4801,122
4802,122
4803,122
4804,122
4805,122
4806,122
4807,122
4808,122
4809,122
4810,122
4811,122
4812,122
4813,122
4814,122
4815,122
4816,122
4817,122
4818,122
4819,122
4820,122
4821,122
4822,122
4823,122
4824,122
4825,122
4826,122
4827,122
4828,122
4829,122
4830,122
4831,122
4832,122
4833,122
4834,122
4835,122
4836,122
4837,122
4838,122
4839,122
4840,122
4841,122
4842,122
4843,122
4844,122
4845,122
4846,122
4847,122
4848,122
4849,122
4850,122
4851,122
4852,122
4853,122
4854,122
4855,122
4856,122
4857,122
4858,122
4859,122
4860,122
4861,122
4862,122
4863,122
4864,122
4865,122
4866,122
4867,122
4868,122
4869,122
4870,122
4871,122
4872,122
4873,121
4874,121
4875,121
4876,121
4877,121
4878,121
4879,121
4880,121
4881,121
4882,121
4883,121
4884,121
4885,121
4886,121
4887,121
4888,121
4889,121
4890,121
4891,121
4892,121
4893,121
4894,121
4895,121
4896,121
4897,121
4898,121
4899,121
4900,121
4901,121
4902,121
4903,121
4904,121
4905,121
4906,121
4907,121
4908,121
4909,121
4910,121
4911,121
4912,121
4913,121
4914,121
4915,121
4916,121
4917,121
4918,121
4919,121
4920,121
4921,121
4922,121
4923,121
4924,121
4925,121
4926,121
4927,121
4928,121
4929,121
4930,121
4931,121
4932,121
4933,121
4934,121
4935,121
4936,121
4937,121
4938,121
4939,121
4940,121
4941,121
4942,121
4943,121
4944,121
4945,121
4946,121
4947,121
4948,121
4949,121
4950,121
4951,121
4952,121
4953,121
4954,121
4955,121
4956,121
4957,121
4958,121
4959,121
4960,121
4961,121
4962,121
4963,121
4964,121
4965,121
4966,121
4967,121
4968,121
4969,121
4970,121
4971,121
4972,121
4973,121
4974,121
4975,121
4976,121
4977,121
4978,121
4979,121
4980,121
4981,121
4982,121
4983,121
4984,121
4985,121
4986,121
4987,121
4988,121
4989,121
4990,121
4991,121
4992,121
4993,121
4994,121
4995,121
4996,121
4997,121
4998,121
4999,121
5000,121
5001,121
5002,121
5003,121
5004,121
5005,121
5006,121
5007,121
5008,121
5009,121
5010,121
5011,121
5012,121
5013,121
5014,121
5015,121
5016,121
5017,121
5018,121
5019,121
5020,121
5021,121
5022,121
5023,121
5024,121
5025,121
5026,121
5027,121
5028,121
5029,121
5030,121
5031,121
5032,121
5033,121
5034,121
5035,121
5036,121
5037,121
5038,121
5039,121
5040,121
5041,121
5042,121
5043,121
5044,121
5045,121
5046,121
5047,121
5048,121
5049,121
5050,121
5051,121
5052,121
5053,121
5054,121
5055,121
5056,121
5057,121
5058,121
5059,121
5060,121
5061,121
5062,121
5063,121
5064,121
5065,121
5066,121
5067,121
5068,121
5069,121
5070,121
5071,121
5072,121
5073,121
5074,121
5075,121
5076,121
5077,121
5078,121
5079,121
5080,121
5081,121
5082,121
5083,121
5084,121
5085,121
5086,121
5087,121
5088,121
5089,121
5090,121
5091,121
5092,121
5093,121
5094,121
5095,121
5096,121
5097,121
5098,121
5099,121
5100,121
5101,121
5102,121
5103,121
5104,121
5105,121
5106,121
5107,121
5108,121
5109,121
5110,121
5111,121
5112,121
5113,121
5114,121
5115,121
5116,121
5117,121
5118,121
5119,121
5120,121
5121,121
5122,121
5123,121
5124,121
5125,121
5126,121
5127,121
5128,121
5129,121
5130,121
5131,121
5132,121
5133,121
5134,121
5135,121
5136,121
5137,121
5138,121
5139,121
5140,121
5141,121
5142,121
5143,121
5144,121
5145,121
5146,121
5147,121
5148,121
5149,121
5150,121
5151,121
5152,121
5153,121
5154,121
5155,121
5156,121
5157,121
5158,121
5159,121
5160,121
5161,121
5162,121
5163,121
5164,121
5165,121
5166,121
5167,121
5168,121
5169,121
5170,121
5171,120
5172,120
5173,120
5174,120
5175,120
5176,120
5177,120
5178,120
5179,120
5180,120
5181,120
5182,120
5183,120
5184,120
5185,120
5186,120
5187,120
5188,120
5189,120
5190,120
5191,120
5192,120
5193,120
5194,120
5195,120
5196,120
5197,120
5198,120
5199,120
5200,120
5201,120
5202,120
5203,120
5204,120
5205,120
5206,120
5207,120
5208,120
5209,120
5210,120
5211,120
5212,120
5213,120
5214,120
5215,120
5216,120
5217,120
5218,120
5219,120
5220,120
5221,120
5222,120
5223,120
5224,120
5225,120
5226,120
5227,120
5228,120
5229,120
5230,120
5231,120
5232,120
5233,120
5234,120
5235,120
5236,120
5237,120
5238,120
5239,120
5240,120
5241,120
5242,120
5243,120
5244,120
5245,120
5246,120
5247,120
5248,119
5249,118
5250,118
5251,118
5252,118
5253,118
5254,118
5255,118
5256,118
5257,118
5258,118
5259,118
5260,118
5261,118
5262,118
5263,118
5264,118
5265,118
5266,118
5267,118
5268,118
5269,118
5270,118
5271,117
5272,116
5273,116
5274,116
5275,116
5276,116
5277,116
5278,116
5279,116
5280,116
5281,116
5282,116
5283,116
5284,116
5285,116
5286,116
5287,116
5288,115
5289,115
5290,115
5291,115
5292,114
5293,114
5294,113
5295,113
5296,113
5297,112
5298,111
5299,110
5300,109
5301,106
5302,103
5303,102
5304,101
5305,100
5306,99
5307,98
5308,96
5309,94
5310,93
5311,92
5312,90
5313,89
5314,88
5315,88
5316,88
5317,88
5318,88
5319,88
5320,88
5321,88
5322,88
5323,88
5324,88
5325,88
5326,88
5327,88
5328,88
5329,88
5330,88
5331,88
5332,88
5333,88
5334,88
5335,88
5336,88
5337,88
5338,88
5339,88
5340,88
5341,88
5342,88
5343,88
5344,88
5345,88
5346,88
5347,88
5348,88
5349,88
5350,88
5351,88
5352,88
5353,88
5354,88
5355,88
5356,88
5357,88
5358,88
5359,88
5360,88
5361,88
5362,88
5363,88
5364,88
5365,88
5366,88
5367,88
5368,88
5369,88
5370,88
5371,88
5372,88
5373,88
5374,88
5375,88
5376,88
5377,88
5378,87
5379,87
5380,87
5381,87
5382,87
5383,87
5384,87
5385,87
5386,87
5387,86
5388,86
5389,86
5390,86
5391,86
5392,86
5393,86
5394,86
5395,86
5396,86
5397,86
5398,86
5399,86
5400,86
5401,86
5402,86
5403,86
5404,86
5405,86
5406,86
5407,86
5408,86
5409,86
5410,86
5411,86
5412,86
5413,86
5414,86
5415,86
5416,86
5417,86
5418,86
5419,86
5420,86
5421,86
5422,86
5423,86
5424,86
5425,86
5426,86
5427,86
5428,86
5429,86
5430,86
5431,86
5432,86
5433,86
5434,86
5435,86
5436,86
5437,86
5438,86
5439,86
5440,86
5441,86
5442,86
5443,86
5444,86
5445,86
5446,86
5447,86
5448,86
5449,86
5450,86
5451,86
5452,86
5453,86
5454,86
5455,86
5456,86
5457,86
5458,86
5459,86
5460,86
5461,86
5462,86
5463,86
5464,86
5465,86
5466,86
5467,85
5468,85
5469,85
5470,85
5471,85
5472,85
5473,85
5474,85
5475,85
5476,85
5477,85
5478,85
5479,85
5480,85
5481,85
5482,85
5483,85
5484,85
5485,85
5486,85
5487,85
5488,85
5489,85
5490,85
5491,85
5492,85
5493,85
5494,85
5495,85
5496,85
5497,85
5498,85
5499,85
5500,85
5501,85
5502,85
5503,85
5504,85
5505,85
5506,85
5507,85
5508,85
5509,85
5510,85
5511,85
5512,85
5513,85
5514,85
5515,84
5516,84
5517,84
5518,84
5519,84
5520,84
5521,84
5522,84
5523,84
5524,84
5525,84
5526,84
5527,84
5528,84
5529,84
5530,84
5531,84
5532,84
5533,84
5534,84
5535,83
5536,83
5537,83
5538,83
5539,83
5540,83
5541,82
5542,82
5543,82
5544,82
5545,82
5546,82
5547,82
5548,82
5549,82
5550,82
5551,82
5552,82
5553,82
5554,82
5555,82
5556,82
5557,82
5558,82
5559,82
5560,82
5561,82
5562,82
5563,82
5564,82
5565,82
5566,82
5567,82
5568,82
5569,82
5570,82
5571,82
5572,82
5573,82
5574,82
5575,82
5576,82
5577,82
5578,82
5579,82
5580,82
5581,82
5582,82
5583,82
5584,82
5585,82
5586,82
5587,82
5588,82
5589,82
5590,82
5591,82
5592,82
5593,82
5594,82
5595,82
5596,82
5597,82
5598,82
5599,82
5600,82
5601,82
5602,82
5603,82
5604,82
5605,82
5606,82
5607,82
5608,82
5609,82
5610,82
5611,82
5612,82
5613,82
5614,82
5615,82
5616,82
5617,82
5618,82
5619,82
5620,82
5621,82
5622,82
5623,82
5624,82
5625,82
5626,82
5627,82
5628,82
5629,82
5630,82
5631,82
5632,82
5633,82
5634,82
5635,82
5636,82
5637,82
5638,82
5639,82
5640,82
5641,82
5642,82
5643,82
5644,82
5645,82
5646,82
5647,82
5648,82
5649,82
5650,82
5651,82
5652,82
5653,82
5654,82
5655,82
5656,82
5657,82
5658,82
5659,82
5660,82
5661,82
5662,82
5663,82
5664,82
5665,82
5666,82
5667,82
5668,82
5669,82
5670,82
5671,82
5672,82
5673,82
5674,82
5675,82
5676,82
5677,82
5678,82
5679,82
5680,82
5681,82
5682,82
5683,82
5684,82
5685,82
5686,82
5687,82
5688,82
5689,82
5690,82
5691,82
5692,82
5693,82
5694,82
5695,82
5696,82
5697,82
5698,82
5699,82
5700,82
5701,82
5702,82
5703,82
5704,82
5705,82
5706,82
5707,82
5708,82
5709,82
5710,82
5711,82
5712,82
5713,82
5714,82
5715,82
5716,82
5717,82
5718,82
5719,82
5720,82
5721,82
5722,82
5723,82
5724,82
5725,82
5726,82
5727,82
5728,82
5729,82
5730,82
5731,82
5732,82
5733,82
5734,82
5735,82
5736,82
5737,82
5738,82
5739,82
5740,82
5741,82
5742,82
5743,82
5744,82
5745,82
5746,82
5747,82
5748,82
5749,82
5750,82
5751,82
5752,82
5753,82
5754,82
5755,82
5756,82
5757,82
5758,82
5759,82
5760,82
5761,82
5762,82
5763,82
5764,82
5765,82
5766,82
5767,82
5768,82
5769,82
5770,82
5771,82
5772,82
5773,82
5774,82
5775,82
5776,82
5777,82
5778,82
5779,82
5780,82
5781,82
5782,82
5783,82
5784,82
5785,82
5786,82
5787,82
5788,82
5789,82
5790,82
5791,82
5792,82
5793,82
5794,82
5795,82
5796,82
5797,82
5798,82
5799,82
5800,82
5801,82
5802,82
5803,82
5804,82
5805,82
5806,82
5807,82
5808,82
5809,82
5810,82
5811,82
5812,82
5813,82
5814,82
5815,81
5816,81
5817,81
5818,81
5819,81
5820,81
5821,81
5822,81
5823,81
5824,81
5825,81
5826,81
5827,81
5828,81
5829,81
5830,81
5831,81
5832,81
5833,81
5834,81
5835,81
5836,81
5837,81
5838,81
5839,81
5840,81
5841,81
5842,81
5843,81
5844,81
5845,81
5846,81
5847,81
5848,81
5849,81
5850,81
5851,81
5852,81
5853,81
5854,81
5855,81
5856,81
5857,81
5858,81
5859,81
5860,81
5861,81
5862,81
5863,81
5864,81
5865,81
5866,81
5867,81
5868,81
5869,81
5870,81
5871,81
5872,81
5873,81
5874,81
5875,81
5876,81
5877,81
5878,80
5879,80
5880,80
5881,80
5882,80
5883,80
5884,80
5885,80
5886,80
5887,80
5888,80
5889,80
5890,80
5891,80
5892,80
5893,80
5894,80
5895,79
5896,79
5897,79
5898,79
5899,79
5900,79
5901,79
5902,79
5903,79
5904,79
5905,79
5906,79
5907,79
5908,79
5909,79
5910,79
5911,79
5912,79
5913,79
5914,79
5915,79
5916,79
5917,79
5918,79
5919,79
5920,79
5921,79
5922,79
5923,79
5924,79
5925,79
5926,79
5927,79
5928,79
5929,79
5930,79
5931,79
5932,79
5933,79
5934,79
5935,79
5936,79
5937,79
5938,79
5939,79
5940,79
5941,79
5942,79
5943,79
5944,79
5945,79
5946,79
5947,79
5948,79
5949,79
5950,79
5951,79
5952,79
5953,79
5954,79
5955,79
5956,79
5957,79
5958,79
5959,79
5960,79
5961,79
5962,79
5963,79
5964,79
5965,79
5966,79
5967,79
5968,79
5969,79
5970,79
5971,79
5972,79
5973,79
5974,79
5975,79
5976,79
5977,79
5978,79
5979,79
5980,79
5981,79
5982,79
5983,79
5984,79
5985,79
5986,79
5987,79
5988,79
5989,79
5990,79
5991,79
5992,79
5993,79
5994,79
5995,79
5996,79
5997,79
5998,79
5999,79
6000,79
6001,79
6002,79
6003,79
6004,79
6005,79
6006,79
6007,79
6008,79
6009,79
6010,79
6011,79
6012,79
6013,79
6014,79
6015,79
6016,79
6017,79
6018,79
6019,79
6020,79
6021,79
6022,79
6023,79
6024,79
6025,79
6026,79
6027,79
6028,79
6029,79
6030,79
6031,79
6032,79
6033,79
6034,79
6035,79
6036,79
6037,79
6038,79
6039,79
6040,79
6041,79
6042,79
6043,79
6044,79
6045,79
6046,79
6047,79
6048,79
6049,79
6050,79
6051,79
6052,79
6053,79
6054,79
6055,79
6056,79
6057,79
6058,79
6059,79
6060,79
6061,79
6062,79
6063,79
6064,79
6065,79
6066,79
6067,79
6068,79
6069,79
6070,79
6071,79
6072,79
6073,79
6074,79
6075,79
6076,79
6077,79
6078,79
6079,79
6080,79
6081,79
6082,79
6083,79
6084,79
6085,79
6086,79
6087,79
6088,79
6089,79
6090,79
6091,79
6092,79
6093,79
6094,79
6095,79
6096,79
6097,79
6098,79
6099,79
6100,79
6101,79
6102,79
6103,79
6104,79
6105,79
6106,79
6107,79
6108,79
6109,79
6110,79
6111,79
6112,79
6113,79
6114,79
6115,79
6116,79
6117,79
6118,79
6119,79
6120,79
6121,79
6122,79
6123,79
6124,79
6125,79
6126,79
6127,79
6128,79
6129,79
6130,79
6131,79
6132,79
6133,79
6134,79
6135,79
6136,79
6137,79
6138,79
6139,79
6140,79
6141,79
6142,79
6143,79
6144,79
6145,79
6146,79
6147,79
6148,79
6149,79
6150,79
6151,79
6152,79
6153,79
6154,79
6155,79
6156,79
6157,79
6158,79
6159,79
6160,79
6161,79
6162,79
6163,79
6164,79
6165,79
6166,79
6167,79
6168,79
6169,79
6170,79
6171,79
6172,79
6173,79
6174,79
6175,79
6176,79
6177,79
6178,79
6179,79
6180,79
6181,79
6182,79
6183,79
6184,79
6185,79
6186,79
6187,79
6188,79
6189,79
6190,79
6191,79
6192,79
6193,79
6194,79
6195,79
6196,79
6197,79
6198,79
6199,79
6200,79
6201,79
6202,79
6203,79
6204,79
6205,79
6206,79
6207,79
6208,79
6209,79
6210,79
6211,79
6212,79
6213,79
6214,79
6215,79
6216,79
6217,79
6218,79
6219,79
6220,79
6221,79
6222,79
6223,79
6224,79
6225,79
6226,79
6227,79
6228,79
6229,79
6230,79
6231,79
6232,79
6233,79
6234,79
6235,79
6236,79
6237,79
6238,79
6239,79
6240,79
6241,79
6242,79
6243,79
6244,79
6245,79
6246,79
6247,79
6248,79
6249,79
6250,79
6251,78
6252,78
6253,78
6254,78
6255,78
6256,78
6257,78
6258,78
6259,78
6260,78
6261,78
6262,78
6263,78
6264,78
6265,78
6266,78
6267,78
6268,78
6269,78
6270,78
6271,78
6272,78
6273,78
6274,78
6275,78
6276,78
6277,78
6278,78
6279,78
6280,78
6281,78
6282,78
6283,78
6284,78
6285,78
6286,78
6287,78
6288,78
6289,78
6290,78
6291,78
6292,78
6293,77
6294,77
6295,77
6296,77
6297,77
6298,77
6299,77
6300,77
6301,77
6302,77
6303,77
6304,77
6305,77
6306,77
6307,77
6308,77
6309,77
6310,77
6311,77
6312,77
6313,77
6314,77
6315,77
6316,77
6317,77
6318,77
6319,77
6320,77
6321,77
6322,77
6323,77
6324,77
6325,77
6326,77
6327,77
6328,77
6329,77
6330,77
6331,77
6332,77
6333,77
6334,77
6335,77
6336,77
6337,77
6338,77
6339,77
6340,77
6341,77
6342,77
6343,77
6344,77
6345,77
6346,77
6347,77
6348,77
6349,77
6350,77
6351,77
6352,77
6353,77
6354,77
6355,77
6356,77
6357,77
6358,77
6359,77
6360,77
6361,77
6362,77
6363,77
6364,77
6365,77
6366,77
6367,77
6368,77
6369,77
6370,77
6371,77
6372,77
6373,77
6374,77
6375,77
6376,77
6377,77
6378,77
6379,77
6380,77
6381,77
6382,77
6383,77
6384,77
6385,77
6386,77
6387,77
6388,77
6389,77
6390,77
6391,77
6392,77
6393,77
6394,77
6395,77
6396,77
6397,77
6398,77
6399,77
6400,77
6401,77
6402,77
6403,77
6404,77
6405,77
6406,77
6407,77
6408,77
6409,77
6410,77
6411,77
6412,77
6413,77
6414,77
6415,77
6416,77
6417,77
6418,77
6419,77
6420,77
6421,77
6422,77
6423,77
6424,77
6425,77
6426,77
6427,77
6428,77
6429,77
6430,77
6431,77
6432,77
6433,77
6434,77
6435,77
6436,77
6437,77
6438,77
6439,77
6440,77
6441,77
6442,77
6443,77
6444,77
6445,77
6446,77
6447,77
6448,77
6449,77
6450,77
6451,77
6452,77
6453,77
6454,77
6455,77
6456,77
6457,77
6458,77
6459,77
6460,77
6461,77
6462,77
6463,77
6464,77
6465,77
6466,77
6467,77
6468,77
6469,77
6470,77
6471,77
6472,77
6473,77
6474,77
6475,77
6476,77
6477,77
6478,77
6479,77
6480,77
6481,77
6482,77
6483,77
6484,77
6485,77
6486,77
6487,77
6488,77
6489,77
6490,77
6491,77
6492,77
6493,77
6494,77
6495,77
6496,77
6497,77
6498,77
6499,77
6500,77
6501,77
6502,77
6503,77
6504,77
6505,77
6506,77
6507,77
6508,77
6509,77
6510,77
6511,77
6512,77
6513,77
6514,77
6515,77
6516,77
6517,77
6518,77
6519,77
6520,77
6521,77
6522,77
6523,77
6524,77
6525,77
6526,77
6527,77
6528,77
6529,77
6530,77
6531,77
6532,77
6533,77
6534,77
6535,77
6536,77
6537,77
6538,77
6539,77
6540,77
6541,77
6542,77
6543,77
6544,77
6545,77
6546,77
6547,77
6548,77
6549,77
6550,77
6551,76
6552,76
6553,76
6554,76
6555,76
6556,76
6557,76
6558,76
6559,76
6560,76
6561,76
6562,76
6563,76
6564,76
6565,76
6566,76
6567,76
6568,76
6569,76
6570,76
6571,76
6572,76
6573,76
6574,76
6575,76
6576,76
6577,76
6578,76
6579,76
6580,76
6581,76
6582,76
6583,76
6584,76
6585,76
6586,76
6587,76
6588,76
6589,76
6590,76
6591,76
6592,76
6593,76
6594,76
6595,76
6596,76
6597,76
6598,76
6599,76
6600,76
6601,76
6602,76
6603,76
6604,76
6605,76
6606,76
6607,76
6608,76
6609,76
6610,76
6611,76
6612,76
6613,76
6614,76
6615,76
6616,76
6617,76
6618,76
6619,76
6620,76
6621,76
6622,76
6623,76
6624,76
6625,76
6626,76
6627,76
6628,76
6629,76
6630,76
6631,76
6632,76
6633,76
6634,76
6635,76
6636,76
6637,76
6638,76
6639,76
6640,76
6641,76
6642,76
6643,76
6644,76
6645,76
6646,76
6647,76
6648,76
6649,76
6650,76
6651,76
6652,76
6653,76
6654,76
6655,76
6656,76
6657,76
6658,76
6659,76
6660,76
6661,76
6662,76
6663,76
6664,76
6665,76
6666,76
6667,76
6668,76
6669,76
6670,76
6671,76
6672,76
6673,76
6674,76
6675,76
6676,76
6677,76
6678,76
6679,76
6680,76
6681,76
6682,76
6683,76
6684,76
6685,76
6686,76
6687,76
6688,76
6689,76
6690,76
6691,76
6692,76
6693,76
6694,76
6695,76
6696,76
6697,76
6698,76
6699,76
6700,76
6701,76
6702,76
6703,76
6704,76
6705,76
6706,76
6707,76
6708,76
6709,76
6710,76
6711,76
6712,76
6713,76
6714,76
6715,76
6716,76
6717,76
6718,76
6719,76
6720,76
6721,76
6722,76
6723,76
6724,76
6725,76
6726,76
6727,76
6728,76
6729,76
6730,76
6731,76
6732,76
6733,76
6734,76
6735,76
6736,76
6737,76
6738,76
6739,76
6740,76
6741,76
6742,76
6743,76
6744,76
6745,76
6746,76
6747,76
6748,76
6749,76
6750,76
6751,76
6752,76
6753,76
6754,76
6755,76
6756,76
6757,76
6758,76
6759,76
6760,76
6761,76
6762,76
6763,76
6764,76
6765,76
6766,76
6767,76
6768,76
6769,76
6770,76
6771,76
6772,76
6773,76
6774,76
6775,76
6776,76
6777,76
6778,76
6779,76
6780,76
6781,76
6782,76
6783,76
6784,76
6785,76
6786,76
6787,76
6788,76
6789,76
6790,76
6791,76
6792,76
6793,76
6794,76
6795,76
6796,76
6797,76
6798,76
6799,76
6800,76
6801,76
6802,76
6803,76
6804,76
6805,76
6806,76
6807,76
6808,76
6809,76
6810,76
6811,76
6812,76
6813,76
6814,76
6815,76
6816,76
6817,76
6818,76
6819,76
6820,76
6821,76
6822,76
6823,76
6824,76
6825,76
6826,76
6827,76
6828,76
6829,76
6830,76
6831,76
6832,76
6833,76
6834,76
6835,76
6836,76
6837,76
6838,76
6839,76
6840,76
6841,76
6842,76
6843,76
6844,76
6845,76
6846,76
6847,76
6848,76
6849,76
6850,76
6851,76
6852,76
6853,76
6854,76
6855,76
6856,76
6857,76
6858,76
6859,76
6860,76
6861,76
6862,76
6863,76
6864,76
6865,76
6866,76
6867,76
6868,76
6869,76
6870,76
6871,76
6872,76
6873,76
6874,76
6875,76
6876,76
6877,76
6878,76
6879,76
6880,76
6881,76
6882,76
6883,76
6884,76
6885,76
6886,76
6887,76
6888,76
6889,76
6890,76
6891,76
6892,76
6893,76
6894,76
6895,76
6896,76
6897,76
6898,76
6899,76
6900,76
6901,76
6902,76
6903,76
6904,76
6905,76
6906,76
6907,76
6908,76
6909,76
6910,76
6911,76
6912,76
6913,76
6914,76
6915,76
6916,76
6917,76
6918,76
6919,76
6920,76
6921,76
6922,76
6923,76
6924,76
6925,76
6926,76
6927,76
6928,76
6929,76
6930,76
6931,76
6932,76
6933,76
6934,76
6935,76
6936,76
6937,76
6938,76
6939,76
6940,76
6941,76
6942,76
6943,76
6944,76
6945,76
6946,76
6947,76
6948,76
6949,76
6950,76
6951,76
6952,76
6953,76
6954,76
6955,76
6956,76
6957,76
6958,76
6959,76
6960,76
6961,75
6962,75
6963,75
6964,75
6965,75
6966,75
6967,75
6968,74
6969,74
6970,74
6971,74
6972,73
6973,72
6974,70
6975,70
6976,70
6977,69
6978,66
6979,66
6980,66
6981,63
6982,59
6983,57
6984,53
6985,52
6986,51
6987,51
6988,51
6989,51
6990,51
6991,51
6992,51
6993,51
6994,51
6995,51
6996,51
6997,51
6998,51
6999,51
7000,51
7001,51
7002,51
7003,51
7004,51
7005,51
7006,51
7007,51
7008,51
7009,51
7010,51
7011,51
7012,51
7013,51
7014,51
7015,51
7016,51
7017,51
7018,51
7019,51
7020,51
7021,51
7022,51
7023,51
7024,51
7025,51
7026,51
7027,51
7028,51
7029,51
7030,51
7031,51
7032,51
7033,51
7034,51
7035,51
7036,51
7037,51
7038,51
7039,51
7040,51
7041,51
7042,51
7043,51
7044,51
7045,51
7046,51
7047,51
7048,51
7049,51
7050,51
7051,51
7052,51
7053,51
7054,51
7055,51
7056,51
7057,51
7058,51
7059,51
7060,51
7061,51
7062,51
7063,51
7064,51
7065,51
7066,51
7067,51
7068,51
7069,51
7070,51
7071,51
7072,51
7073,51
7074,51
7075,51
7076,51
7077,51
7078,51
7079,51
7080,51
7081,51
7082,51
7083,51
7084,51
7085,51
7086,51
7087,51
7088,51
7089,51
7090,51
7091,51
7092,51
7093,51
7094,51
7095,51
7096,51
7097,51
7098,51
7099,51
7100,51
7101,51
7102,51
7103,51
7104,51
7105,51
7106,51
7107,51
7108,51
7109,51
7110,51
7111,51
7112,51
7113,51
7114,51
7115,51
7116,51
7117,51
7118,51
7119,51
7120,51
7121,51
7122,51
7123,51
7124,51
7125,51
7126,51
7127,51
7128,51
7129,51
7130,51
7131,51
7132,51
7133,51
7134,51
7135,51
7136,51
7137,51
7138,51
7139,51
7140,51
7141,51
7142,51
7143,51
7144,51
7145,51
7146,51
7147,51
7148,51
7149,51
7150,51
7151,51
7152,51
7153,51
7154,51
7155,51
7156,51
7157,51
7158,51
7159,51
7160,51
7161,51
7162,51
7163,51
7164,51
7165,51
7166,51
7167,51
7168,51
7169,51
7170,51
7171,51
7172,51
7173,51
7174,51
7175,51
7176,51
7177,51
7178,51
7179,51
7180,51
7181,51
7182,51
7183,51
7184,51
7185,51
7186,51
7187,51
7188,51
7189,51
7190,51
7191,51
7192,51
7193,51
7194,51
7195,51
7196,51
7197,51
7198,51
7199,51
7200,51
7201,51
7202,51
7203,51
7204,51
7205,51
7206,51
7207,51
7208,51
7209,51
7210,51
7211,51
7212,51
7213,51
7214,51
7215,51
7216,51
7217,51
7218,51
7219,51
7220,51
7221,51
7222,51
7223,51
7224,51
7225,51
7226,51
7227,51
7228,51
7229,51
7230,51
7231,51
7232,51
7233,51
7234,51
7235,51
7236,51
7237,51
7238,51
7239,51
7240,51
7241,51
7242,51
7243,51
7244,51
7245,51
7246,51
7247,51
7248,51
7249,51
7250,51
7251,51
7252,51
7253,51
7254,51
7255,51
7256,51
7257,51
7258,51
7259,51
7260,51
7261,51
7262,51
7263,51
7264,51
7265,51
7266,51
7267,51
7268,51
7269,51
7270,51
7271,51
7272,51
7273,51
7274,51
7275,51
7276,51
7277,51
7278,51
7279,51
7280,51
7281,51
7282,51
7283,51
7284,51
7285,51
7286,51
7287,51
7288,51
7289,51
7290,51
7291,51
7292,51
7293,51
7294,51
7295,51
7296,51
7297,51
7298,51
7299,51
7300,51
7301,51
7302,51
7303,51
7304,51
7305,51
7306,51
7307,51
7308,51
7309,51
7310,51
7311,51
7312,51
7313,51
7314,51
7315,51
7316,51
7317,51
7318,51
7319,51
7320,51
7321,51
7322,51
7323,51
7324,51
7325,51
7326,51
7327,51
7328,51
7329,51
7330,51
7331,51
7332,51
7333,51
7334,51
7335,51
7336,51
7337,51
7338,51
7339,51
7340,51
7341,51
7342,51
7343,51
7344,51
7345,51
7346,51
7347,51
7348,51
7349,51
7350,51
7351,51
7352,51
7353,51
7354,51
7355,51
7356,51
7357,51
7358,51
7359,51
7360,51
7361,51
7362,51
7363,51
7364,51
7365,51
7366,51
7367,51
7368,51
7369,51
7370,51
7371,51
7372,51
7373,51
7374,51
7375,51
7376,51
7377,51
7378,51
7379,51
7380,51
7381,51
7382,51
7383,51
7384,51
7385,51
7386,51
7387,51
7388,51
7389,51
7390,51
7391,51
7392,51
7393,51
7394,51
7395,51
7396,51
7397,51
7398,51
7399,51
7400,51
7401,51
7402,51
7403,51
7404,51
7405,51
7406,51
7407,51
7408,51
7409,51
7410,51
7411,51
7412,51
7413,51
7414,51
7415,51
7416,51
7417,51
7418,51
7419,51
7420,51
7421,51
7422,51
7423,51
7424,51
7425,51
7426,51
7427,51
7428,51
7429,51
7430,51
7431,51
7432,51
7433,51
7434,51
7435,51
7436,51
7437,51
7438,51
7439,51
7440,51
7441,51
7442,51
7443,51
7444,51
7445,51
7446,51
7447,51
7448,51
7449,51
7450,51
7451,51
7452,51
7453,51
7454,51
7455,51
7456,51
7457,51
7458,51
7459,51
7460,51
7461,51
7462,51
7463,51
7464,51
7465,51
7466,51
7467,51
7468,51
7469,51
7470,51
7471,51
7472,51
7473,51
7474,51
7475,51
7476,51
7477,51
7478,51
7479,51
7480,51
7481,51
7482,51
7483,51
7484,51
7485,51
7486,51
7487,51
7488,51
7489,51
7490,51
7491,51
7492,51
7493,51
7494,51
7495,51
7496,51
7497,51
7498,51
7499,51
7500,51
7501,51
7502,51
7503,51
7504,51
7505,51
7506,51
7507,51
7508,51
7509,51
7510,51
7511,51
7512,51
7513,51
7514,51
7515,51
7516,51
7517,51
7518,51
7519,51
7520,51
7521,51
7522,51
7523,51
7524,51
7525,51
7526,51
7527,51
7528,51
7529,51
7530,51
7531,51
7532,51
7533,51
7534,51
7535,51
7536,51
7537,51
7538,51
7539,51
7540,51
7541,51
7542,51
7543,51
7544,51
7545,51
7546,51
7547,51
7548,51
7549,51
7550,51
7551,51
7552,51
7553,51
7554,51
7555,51
7556,51
7557,51
7558,51
7559,51
7560,51
7561,51
7562,51
7563,51
7564,51
7565,51
7566,51
7567,51
7568,51
7569,51
7570,51
7571,51
7572,51
7573,51
7574,51
7575,51
7576,51
7577,51
7578,51
7579,51
7580,51
7581,51
7582,51
7583,51
7584,51
7585,51
7586,51
7587,51
7588,51
7589,51
7590,51
7591,51
7592,51
7593,51
7594,51
7595,51
7596,51
7597,51
7598,51
7599,51
7600,51
7601,51
7602,51
7603,51
7604,51
7605,51
7606,51
7607,51
7608,51
7609,51
7610,51
7611,51
7612,51
7613,51
7614,51
7615,51
7616,51
7617,51
7618,51
7619,51
7620,51
7621,51
7622,51
7623,51
7624,51
7625,51
7626,51
7627,51
7628,51
7629,51
7630,51
7631,51
7632,51
7633,51
7634,51
7635,51
7636,51
7637,51
7638,51
7639,51
7640,51
7641,51
7642,51
7643,51
7644,51
7645,51
7646,51
7647,51
7648,51
7649,51
7650,51
7651,51
7652,51
7653,51
7654,51
7655,51
7656,51
7657,51
7658,51
7659,51
7660,51
7661,51
7662,51
7663,51
7664,51
7665,51
7666,51
7667,51
7668,51
7669,51
7670,51
7671,51
7672,51
7673,51
7674,51
7675,51
7676,51
7677,51
7678,51
7679,51
7680,51
7681,51
7682,51
7683,51
7684,51
7685,51
7686,51
7687,51
7688,51
7689,51
7690,51
7691,51
7692,51
7693,51
7694,51
7695,51
7696,51
7697,51
7698,51
7699,51
7700,51
7701,51
7702,51
7703,51
7704,51
7705,51
7706,51
7707,51
7708,51
7709,51
7710,51
7711,51
7712,51
7713,51
7714,51
7715,51
7716,51
7717,51
7718,51
7719,51
7720,51
7721,51
7722,51
7723,51
7724,51
7725,51
7726,51
7727,51
7728,51
7729,51
7730,51
7731,51
7732,51
7733,51
7734,51
7735,51
7736,51
7737,51
7738,51
7739,51
7740,51
7741,51
7742,51
7743,51
7744,51
7745,51
7746,51
7747,51
7748,51
7749,51
7750,51
7751,51
7752,51
7753,51
7754,51
7755,51
7756,51
7757,51
7758,51
7759,51
7760,51
7761,51
7762,51
7763,51
7764,51
7765,51
7766,51
7767,51
7768,51
7769,51
7770,51
7771,51
7772,51
7773,51
7774,51
7775,51
7776,51
7777,51
7778,51
7779,51
7780,51
7781,51
7782,51
7783,51
7784,51
7785,51
7786,51
7787,51
7788,51
7789,51
7790,51
7791,51
7792,51
7793,51
7794,51
7795,51
7796,51
7797,51
7798,51
7799,51
7800,51
7801,51
7802,51
7803,51
7804,51
7805,51
7806,51
7807,51
7808,51
7809,51
7810,51
7811,51
7812,51
7813,51
7814,51
7815,51
7816,51
7817,51
7818,51
7819,51
7820,51
7821,51
7822,51
7823,51
7824,51
7825,51
7826,51
7827,51
7828,51
7829,51
7830,51
7831,51
7832,51
7833,51
7834,51
7835,51
7836,51
7837,51
7838,51
7839,51
7840,51
7841,51
7842,51
7843,51
7844,51
7845,51
7846,51
7847,51
7848,51
7849,51
7850,51
7851,51
7852,51
7853,51
7854,51
7855,51
7856,51
7857,51
7858,51
7859,51
7860,51
7861,51
7862,51
7863,51
7864,51
7865,51
7866,51
7867,51
7868,51
7869,51
7870,51
7871,51
7872,51
7873,51
7874,51
7875,51
7876,51
7877,51
7878,51
7879,51
7880,51
7881,51
7882,51
7883,51
7884,51
7885,51
7886,51
7887,51
7888,51
7889,51
7890,51
7891,51
7892,51
7893,51
7894,51
7895,51
7896,51
7897,51
7898,51
7899,51
7900,51
7901,51
7902,51
7903,51
7904,51
7905,51
7906,51
7907,51
7908,51
7909,51
7910,51
7911,51
7912,51
7913,51
7914,51
7915,51
7916,51
7917,51
7918,51
7919,51
7920,51
7921,51
7922,51
7923,51
7924,51
7925,51
7926,51
7927,51
7928,51
7929,51
7930,51
7931,51
7932,51
7933,51
7934,51
7935,51
7936,51
7937,51
7938,51
7939,51
7940,51
7941,51
7942,51
7943,51
7944,51
7945,51
7946,51
7947,51
7948,51
7949,51
7950,51
7951,51
7952,51
7953,51
7954,51
7955,51
7956,51
7957,51
7958,51
7959,51
7960,51
7961,51
7962,51
7963,51
7964,51
7965,51
7966,51
7967,51
7968,51
7969,51
7970,51
7971,51
7972,51
7973,51
7974,51
7975,51
7976,51
7977,51
7978,51
7979,51
7980,51
7981,51
7982,51
7983,51
7984,51
7985,51
7986,51
7987,51
7988,51
7989,51
7990,51
7991,51
7992,51
7993,51
7994,51
7995,51
7996,51
7997,51
7998,51
7999,51
8000,51
8001,51
8002,51
8003,51
8004,51
8005,51
8006,51
8007,51
8008,51
8009,51
8010,51
8011,51
8012,51
8013,51
8014,51
8015,51
8016,51
8017,51
8018,51
8019,51
8020,51
8021,51
8022,51
8023,51
8024,51
8025,51
8026,51
8027,51
8028,51
8029,51
8030,51
8031,51
8032,51
8033,51
8034,51
8035,51
8036,51
8037,51
8038,51
8039,51
8040,51
8041,51
8042,51
8043,51
8044,51
8045,51
8046,51
8047,51
8048,51
8049,51
8050,51
8051,51
8052,51
8053,51
8054,51
8055,51
8056,51
8057,51
8058,51
8059,51
8060,51
8061,51
8062,51
8063,51
8064,51
8065,51
8066,51
8067,51
8068,51
8069,51
8070,51
8071,51
8072,51
8073,51
8074,51
8075,51
8076,51
8077,51
8078,51
8079,51
8080,51
8081,51
8082,51
8083,51
8084,51
8085,51
8086,51
8087,51
8088,51
8089,51
8090,51
8091,51
8092,51
8093,51
8094,51
8095,51
8096,51
8097,51
8098,51
8099,51
8100,51
8101,51
8102,51
8103,51
8104,51
8105,51
8106,51
8107,51
8108,51
8109,51
8110,51
8111,51
8112,51
8113,51
8114,51
8115,51
8116,51
8117,51
8118,51
8119,51
8120,51
8121,51
8122,51
8123,51
8124,51
8125,51
8126,51
8127,51
8128,51
8129,51
8130,51
8131,51
8132,51
8133,51
8134,51
8135,51
8136,51
8137,51
8138,51
8139,51
8140,51
8141,51
8142,51
8143,51
8144,51
8145,51
8146,51
8147,51
8148,51
8149,51
8150,51
8151,51
8152,51
8153,51
8154,51
8155,51
8156,51
8157,51
8158,51
8159,51
8160,51
8161,51
8162,51
8163,51
8164,51
8165,51
8166,51
8167,51
8168,51
8169,51
8170,51
8171,51
8172,51
8173,51
8174,51
8175,51
8176,51
8177,51
8178,51
8179,51
8180,51
8181,51
8182,51
8183,51
8184,51
8185,51
8186,51
8187,51
8188,51
8189,51
8190,51
8191,51
8192,51
8193,51
8194,51
8195,51
8196,51
8197,51
8198,51
8199,51
8200,51
8201,51
8202,51
8203,51
8204,51
8205,51
8206,51
8207,51
8208,51
8209,51
8210,51
8211,51
8212,51
8213,51
8214,51
8215,51
8216,51
8217,51
8218,51
8219,51
8220,51
8221,51
8222,51
8223,51
8224,51
8225,51
8226,51
8227,51
8228,51
8229,51
8230,51
8231,51
8232,51
8233,51
8234,51
8235,51
8236,51
8237,51
8238,51
8239,51
8240,51
8241,51
8242,51
8243,51
8244,51
8245,51
8246,51
8247,51
8248,51
8249,51
8250,51
8251,51
8252,51
8253,51
8254,51
8255,51
8256,51
8257,51
8258,51
8259,51
8260,51
8261,51
8262,51
8263,51
8264,51
8265,51
8266,51
8267,51
8268,51
8269,51
8270,51
8271,51
8272,51
8273,51
8274,51
8275,51
8276,51
8277,51
8278,51
8279,51
8280,51
8281,51
8282,51
8283,51
8284,51
8285,51
8286,51
8287,51
8288,51
8289,51
8290,51
8291,51
8292,51
8293,51
8294,51
8295,51
8296,51
8297,51
8298,51
8299,51
8300,51
8301,51
8302,51
8303,51
8304,51
8305,51
8306,51
8307,51
8308,51
8309,51
8310,51
8311,51
8312,51
8313,51
8314,51
8315,51
8316,51
8317,51
8318,51
8319,51
8320,51
8321,51
8322,51
8323,51
8324,51
8325,51
8326,51
8327,51
8328,51
8329,51
8330,51
8331,51
8332,51
8333,51
8334,51
8335,51
8336,51
8337,51
8338,51
8339,51
8340,51
8341,51
8342,51
8343,51
8344,51
8345,51
8346,51
8347,51
8348,51
8349,51
8350,51
8351,51
8352,51
8353,51
8354,51
8355,51
8356,51
8357,51
8358,51
8359,51
8360,51
8361,51
8362,51
8363,51
8364,51
8365,51
8366,51
8367,51
8368,51
8369,51
8370,51
8371,51
8372,51
8373,51
8374,51
8375,51
8376,51
8377,51
8378,51
8379,51
8380,51
8381,51
8382,51
8383,51
8384,51
8385,51
8386,51
8387,51
8388,51
8389,51
8390,51
8391,51
8392,51
8393,51
8394,51
8395,51
8396,51
8397,51
8398,51
8399,51
8400,51
8401,51
8402,51
8403,51
8404,51
8405,51
8406,51
8407,51
8408,51
8409,51
8410,51
8411,51
8412,51
8413,51
8414,51
8415,51
8416,51
8417,51
8418,51
8419,51
8420,51
8421,51
8422,51
8423,51
8424,51
8425,51
8426,51
8427,51
8428,51
8429,51
8430,51
8431,51
8432,51
8433,51
8434,51
8435,51
8436,51
8437,51
8438,51
8439,51
8440,51
8441,51
8442,51
8443,51
8444,51
8445,51
8446,51
8447,51
8448,51
8449,51
8450,51
8451,51
8452,51
8453,51
8454,51
8455,51
8456,51
8457,51
8458,51
8459,51
8460,51
8461,51
8462,51
8463,51
8464,51
8465,51
8466,51
8467,51
8468,51
8469,51
8470,51
8471,51
8472,51
8473,51
8474,51
8475,51
8476,51
8477,51
8478,51
8479,51
8480,51
8481,51
8482,51
8483,51
8484,51
8485,51
8486,51
8487,51
8488,51
8489,51
8490,51
8491,51
8492,51
8493,51
8494,51
8495,51
8496,51
8497,51
8498,51
8499,51
8500,51
8501,51
8502,51
8503,51
8504,51
8505,51
8506,51
8507,51
8508,51
8509,51
8510,51
8511,51
8512,51
8513,51
8514,51
8515,51
8516,51
8517,51
8518,51
8519,51
8520,51
8521,51
8522,51
8523,51
8524,51
8525,51
8526,51
8527,51
8528,51
8529,51
8530,51
8531,51
8532,51
8533,51
8534,51
8535,51
8536,51
8537,51
8538,51
8539,51
8540,51
8541,51
8542,51
8543,51
8544,51
8545,51
8546,51
8547,51
8548,51
8549,51
8550,51
8551,51
8552,51
8553,51
8554,51
8555,51
8556,51
8557,51
8558,51
8559,51
8560,51
8561,51
8562,51
8563,51
8564,51
8565,51
8566,51
8567,51
8568,51
8569,51
8570,51
8571,51
8572,51
8573,51
8574,51
8575,51
8576,51
8577,51
8578,51
8579,51
8580,51
8581,51
8582,51
8583,51
8584,51
8585,51
8586,51
8587,51
8588,51
8589,51
8590,51
8591,51
8592,51
8593,51
8594,51
8595,51
8596,51
8597,51
8598,51
8599,51
8600,51
8601,51
8602,51
8603,51
8604,51
8605,51
8606,51
8607,51
8608,51
8609,51
8610,51
8611,51
8612,51
8613,51
8614,51
8615,51
8616,51
8617,51
8618,51
8619,51
8620,51
8621,51
8622,51
8623,51
8624,51
8625,51
8626,51
8627,51
8628,51
8629,51
8630,51
8631,51
8632,51
8633,51
8634,51
8635,51
8636,51
8637,51
8638,51
8639,51
8640,51
8641,51
8642,51
8643,51
8644,51
8645,51
8646,51
8647,51
8648,51
8649,51
8650,51
8651,51
8652,51
8653,51
8654,51
8655,51
8656,51
8657,51
8658,51
8659,51
8660,51
8661,51
8662,51
8663,51
8664,51
8665,51
8666,51
8667,51
8668,51
8669,51
8670,51
8671,51
8672,51
8673,51
8674,51
8675,51
8676,51
8677,51
8678,51
8679,51
8680,51
8681,51
8682,51
8683,51
8684,51
8685,51
8686,51
8687,51
8688,51
8689,51
8690,51
8691,51
8692,51
8693,51
8694,51
8695,51
8696,51
8697,51
8698,51
8699,51
8700,51
8701,51
8702,51
8703,51
8704,51
8705,51
8706,51
8707,51
8708,51
8709,51
8710,51
8711,51
8712,51
8713,51
8714,51
8715,51
8716,51
8717,51
8718,51
8719,51
8720,51
8721,51
8722,51
8723,51
8724,51
8725,51
8726,51
8727,51
8728,51
8729,51
8730,51
8731,51
8732,51
8733,51
8734,51
8735,51
8736,51
8737,51
8738,51
8739,51
8740,51
8741,51
8742,51
8743,51
8744,51
8745,51
8746,51
8747,51
8748,51
8749,51
8750,51
8751,51
8752,51
8753,51
8754,51
8755,51
8756,51
8757,51
8758,51
8759,51
8760,51
8761,51
8762,51
8763,51
8764,51
8765,51
8766,51
8767,51
8768,51
8769,51
8770,51
8771,51
8772,51
8773,51
8774,51
8775,51
8776,51
8777,51
8778,51
8779,51
8780,51
8781,51
8782,51
8783,51
8784,51
8785,51
8786,51
8787,51
8788,51
8789,51
8790,51
8791,51
8792,51
8793,51
8794,51
8795,51
8796,51
8797,51
8798,51
8799,51
8800,51
8801,51
8802,51
8803,51
8804,51
8805,51
8806,51
8807,51
8808,51
8809,51
8810,51
8811,51
8812,51
8813,51
8814,51
8815,51
8816,51
8817,51
8818,51
8819,51
8820,51
8821,51
8822,51
8823,51
8824,51
8825,51
8826,51
8827,51
8828,51
8829,51
8830,51
8831,51
8832,51
8833,51
8834,51
8835,51
8836,51
8837,51
8838,51
8839,51
8840,51
8841,51
8842,51
8843,51
8844,51
8845,51
8846,51
8847,51
8848,51
8849,51
8850,51
8851,51
8852,51
8853,51
8854,51
8855,51
8856,51
8857,51
8858,51
8859,51
8860,51
8861,51
8862,51
8863,51
8864,51
8865,51
8866,51
8867,51
8868,51
8869,51
8870,51
8871,51
8872,51
8873,51
8874,51
8875,51
8876,51
8877,51
8878,51
8879,51
8880,51
8881,51
8882,51
8883,51
8884,51
8885,51
8886,51
8887,51
8888,51
8889,51
8890,51
8891,51
8892,51
8893,51
8894,51
8895,51
8896,51
8897,51
8898,51
8899,51
8900,51
8901,51
8902,51
8903,51
8904,51
8905,51
8906,51
8907,51
8908,51
8909,51
8910,51
8911,51
8912,51
8913,51
8914,51
8915,51
8916,51
8917,51
8918,51
8919,51
8920,51
8921,51
8922,51
8923,51
8924,51
8925,51
8926,51
8927,51
8928,51
8929,51
8930,51
8931,51
8932,51
8933,51
8934,51
8935,51
8936,51
8937,51
8938,51
8939,51
8940,51
8941,51
8942,51
8943,51
8944,51
8945,51
8946,51
8947,51
8948,51
8949,51
8950,51
8951,51
8952,51
8953,51
8954,51
8955,51
8956,51
8957,51
8958,51
8959,51
8960,51
8961,51
8962,51
8963,51
8964,51
8965,51
8966,51
8967,51
8968,51
8969,51
8970,51
8971,51
8972,51
8973,51
8974,51
8975,51
8976,51
8977,51
8978,51
8979,51
8980,51
8981,51
8982,51
8983,51
8984,51
8985,51
8986,51
8987,51
8988,51
8989,51
8990,51
8991,51
8992,51
8993,51
8994,51
8995,51
8996,51
8997,51
8998,51
8999,51
9000,51
9001,51
9002,51
9003,51
9004,51
9005,51
9006,51
9007,51
9008,51
9009,51
9010,51
9011,51
9012,51
9013,51
9014,51
9015,51
9016,51
9017,51
9018,51
9019,51
9020,51
9021,51
9022,51
9023,51
9024,51
9025,51
9026,51
9027,51
9028,51
9029,51
9030,51
9031,51
9032,51
9033,51
9034,51
9035,51
9036,51
9037,51
9038,51
9039,51
9040,51
9041,51
9042,51
9043,51
9044,51
9045,51
9046,51
9047,51
9048,51
9049,51
9050,51
9051,51
9052,51
9053,51
9054,51
9055,51
9056,51
9057,51
9058,51
9059,51
9060,51
9061,51
9062,51
9063,51
9064,51
9065,51
9066,51
9067,51
9068,51
9069,51
9070,51
9071,51
9072,51
9073,51
9074,51
9075,51
9076,51
9077,51
9078,51
9079,51
9080,51
9081,51
9082,51
9083,51
9084,51
9085,51
9086,51
9087,51
9088,51
9089,51
9090,51
9091,51
9092,51
9093,51
9094,51
9095,51
9096,51
9097,51
9098,51
9099,51
9100,51
9101,51
9102,51
9103,51
9104,51
9105,51
9106,51
9107,51
9108,51
9109,51
9110,51
9111,51
9112,51
9113,51
9114,51
9115,51
9116,51
9117,51
9118,51
9119,51
9120,51
9121,51
9122,51
9123,51
9124,51
9125,51
9126,51
9127,51
9128,51
9129,51
9130,51
9131,51
9132,51
9133,51
9134,51
9135,51
9136,51
9137,51
9138,51
9139,51
9140,51
9141,51
9142,51
9143,51
9144,51
9145,51
9146,51
9147,51
9148,51
9149,51
9150,51
9151,51
9152,51
9153,51
9154,51
9155,51
9156,51
9157,51
9158,51
9159,51
9160,51
9161,51
9162,51
9163,51
9164,51
9165,51
9166,51
9167,51
9168,51
9169,51
9170,51
9171,51
9172,51
9173,51
9174,51
9175,51
9176,51
9177,51
9178,51
9179,51
9180,51
9181,51
9182,51
9183,51
9184,51
9185,51
9186,51
9187,51
9188,51
9189,51
9190,51
9191,51
9192,51
9193,51
9194,51
9195,51
9196,51
9197,51
9198,51
9199,51
9200,51
9201,51
9202,51
9203,51
9204,51
9205,51
9206,51
9207,51
9208,51
9209,51
9210,51
9211,51
9212,51
9213,51
9214,51
9215,51
9216,51
9217,51
9218,51
9219,51
9220,51
9221,51
9222,51
9223,51
9224,51
9225,51
9226,51
9227,51
9228,51
9229,51
9230,51
9231,51
9232,51
9233,51
9234,51
9235,51
9236,51
9237,51
9238,51
9239,51
9240,51
9241,51
9242,51
9243,51
9244,51
9245,51
9246,51
9247,51
9248,51
9249,51
9250,51
9251,51
9252,51
9253,51
9254,51
9255,51
9256,51
9257,51
9258,51
9259,51
9260,51
9261,51
9262,51
9263,51
9264,51
9265,51
9266,51
9267,51
9268,51
9269,51
9270,51
9271,51
9272,51
9273,51
9274,51
9275,51
9276,51
9277,51
9278,51
9279,51
9280,51
9281,51
9282,51
9283,51
9284,51
9285,51
9286,51
9287,51
9288,51
9289,51
9290,51
9291,51
9292,51
9293,51
9294,51
9295,51
9296,51
9297,51
9298,51
9299,51
9300,51
9301,51
9302,51
9303,51
9304,51
9305,51
9306,51
9307,51
9308,51
9309,51
9310,51
9311,51
9312,51
9313,51
9314,51
9315,51
9316,51
9317,51
9318,51
9319,51
9320,51
9321,51
9322,51
9323,51
9324,51
9325,51
9326,51
9327,51
9328,51
9329,51
9330,51
9331,51
9332,51
9333,51
9334,51
9335,51
9336,51
9337,51
9338,51
9339,51
9340,51
9341,51
9342,51
9343,51
9344,51
9345,51
9346,51
9347,51
9348,51
9349,51
9350,51
9351,51
9352,51
9353,51
9354,51
9355,51
9356,51
9357,51
9358,51
9359,51
9360,51
9361,51
9362,51
9363,51
9364,51
9365,51
9366,51
9367,51
9368,51
9369,51
9370,51
9371,51
9372,51
9373,51
9374,51
9375,51
9376,51
9377,51
9378,51
9379,51
9380,51
9381,51
9382,51
9383,51
9384,51
9385,51
9386,51
9387,51
9388,51
9389,51
9390,51
9391,51
9392,51
9393,51
9394,51
9395,51
9396,51
9397,51
9398,51
9399,51
9400,51
9401,51
9402,51
9403,51
9404,51
9405,51
9406,51
9407,51
9408,51
9409,51
9410,51
9411,51
9412,51
9413,51
9414,51
9415,51
9416,51
9417,51
9418,51
9419,51
9420,51
9421,51
9422,51
9423,51
9424,51
9425,51
9426,51
9427,51
9428,51
9429,51
9430,51
9431,51
9432,51
9433,51
9434,51
9435,51
9436,51
9437,51
9438,51
9439,51
9440,51
9441,51
9442,51
9443,51
9444,51
9445,51
9446,51
9447,51
9448,51
9449,51
9450,51
9451,51
9452,51
9453,51
9454,51
9455,51
9456,51
9457,51
9458,51
9459,51
9460,51
9461,51
9462,51
9463,51
9464,51
9465,51
9466,51
9467,51
9468,51
9469,51
9470,51
9471,51
9472,51
9473,51
9474,51
9475,51
9476,51
9477,51
9478,51
9479,51
9480,51
9481,51
9482,51
9483,51
9484,51
9485,51
9486,51
9487,51
9488,51
9489,51
9490,51
9491,51
9492,51
9493,51
9494,51
9495,51
9496,51
9497,51
9498,51
9499,51
9500,51
9501,51
9502,51
9503,51
9504,51
9505,51
9506,51
9507,51
9508,51
9509,51
9510,51
9511,51
9512,51
9513,51
9514,51
9515,51
9516,51
9517,51
9518,51
9519,51
9520,51
9521,51
9522,51
9523,51
9524,51
9525,51
9526,51
9527,51
9528,51
9529,51
9530,51
9531,51
9532,51
9533,51
9534,51
9535,51
9536,51
9537,51
9538,51
9539,51
9540,51
9541,51
9542,51
9543,51
9544,51
9545,51
9546,51
9547,51
9548,51
9549,51
9550,51
9551,51
9552,51
9553,51
9554,51
9555,51
9556,51
9557,51
9558,51
9559,51
9560,51
9561,51
9562,51
9563,51
9564,51
9565,51
9566,51
9567,51
9568,51
9569,51
9570,51
9571,51
9572,51
9573,51
9574,51
9575,51
9576,51
9577,51
9578,51
9579,51
9580,51
9581,51
9582,51
9583,51
9584,51
9585,51
9586,51
9587,51
9588,51
9589,51
9590,51
9591,51
9592,51
9593,51
9594,51
9595,51
9596,51
9597,51
9598,51
9599,51
9600,51
9601,51
9602,51
9603,51
9604,51
9605,51
9606,51
9607,51
9608,51
9609,51
9610,51
9611,51
9612,51
9613,51
9614,51
9615,51
9616,51
9617,51
9618,51
9619,51
9620,51
9621,51
9622,51
9623,51
9624,51
9625,51
9626,51
9627,51
9628,51
9629,51
9630,51
9631,51
9632,51
9633,51
9634,51
9635,51
9636,51
9637,51
9638,51
9639,51
9640,51
9641,51
9642,51
9643,51
9644,51
9645,51
9646,51
9647,51
9648,51
9649,51
9650,51
9651,51
9652,51
9653,51
9654,51
9655,51
9656,51
9657,51
9658,51
9659,51
9660,51
9661,51
9662,51
9663,51
9664,51
9665,51
9666,51
9667,51
9668,51
9669,51
9670,51
9671,51
9672,51
9673,51
9674,51
9675,51
9676,51
9677,51
9678,51
9679,51
9680,51
9681,51
9682,51
9683,51
9684,51
9685,51
9686,51
9687,51
9688,51
9689,51
9690,51
9691,51
9692,51
9693,51
9694,51
9695,51
9696,51
9697,51
9698,51
9699,51
9700,51
9701,51
9702,51
9703,51
9704,51
9705,51
9706,51
9707,51
9708,51
9709,51
9710,51
9711,51
9712,51
9713,51
9714,51
9715,51
9716,51
9717,51
9718,51
9719,51
9720,51
9721,51
9722,51
9723,51
9724,51
9725,51
9726,51
9727,51
9728,51
9729,51
9730,51
9731,51
9732,51
9733,51
9734,51
9735,51
9736,51
9737,51
9738,51
9739,51
9740,51
9741,51
9742,51
9743,51
9744,51
9745,51
9746,51
9747,51
9748,51
9749,51
9750,51
9751,51
9752,51
9753,51
9754,51
9755,51
9756,51
9757,51
9758,51
9759,51
9760,51
9761,51
9762,51
9763,51
9764,51
9765,51
9766,51
9767,51
9768,51
9769,51
9770,51
9771,51
9772,51
9773,51
9774,51
9775,51
9776,51
9777,51
9778,51
9779,51
9780,51
9781,51
9782,51
9783,51
9784,51
9785,51
9786,51
9787,51
9788,51
9789,51
9790,51
9791,51
9792,51
9793,51
9794,51
9795,51
9796,51
9797,51
9798,51
9799,51
9800,51
9801,51
9802,51
9803,51
9804,51
9805,51
9806,51
9807,51
9808,51
9809,51
9810,51
9811,51
9812,51
9813,51
9814,51
9815,51
9816,51
9817,51
9818,51
9819,51
9820,51
9821,51
9822,51
9823,51
9824,51
9825,51
9826,51
9827,51
9828,51
9829,51
9830,51
9831,51
9832,51
9833,51
9834,51
9835,51
9836,51
9837,51
9838,51
9839,51
9840,51
9841,51
9842,51
9843,51
9844,51
9845,51
9846,51
9847,51
9848,51
9849,51
9850,51
9851,51
9852,51
9853,51
9854,51
9855,51
9856,51
9857,51
9858,51
9859,51
9860,51
9861,51
9862,51
9863,51
9864,51
9865,51
9866,51
9867,51
9868,51
9869,51
9870,51
9871,51
9872,51
9873,51
9874,51
9875,51
9876,51
9877,51
9878,51
9879,51
9880,51
9881,51
9882,51
9883,51
9884,51
9885,51
9886,51
9887,51
9888,51
9889,51
9890,51
9891,51
9892,51
9893,51
9894,51
9895,51
9896,51
9897,51
9898,51
9899,51
9900,51
9901,51
9902,51
9903,51
9904,51
9905,51
9906,51
9907,51
9908,51
9909,51
9910,51
9911,51
9912,51
9913,51
9914,51
9915,51
9916,51
9917,51
9918,51
9919,51
9920,51
9921,51
9922,51
9923,51
9924,51
9925,51
9926,51
9927,51
9928,51
9929,51
9930,51
9931,51
9932,51
9933,51
9934,51
9935,51
9936,51
9937,51
9938,51
9939,51
9940,51
9941,51
9942,51
9943,51
9944,51
9945,51
9946,51
9947,51
9948,51
9949,51
9950,51
9951,51
9952,51
9953,51
9954,51
9955,51
9956,51
9957,51
9958,51
9959,51
9960,51
9961,51
9962,51
9963,51
9964,51
9965,51
9966,51
9967,51
9968,51
9969,51
9970,51
9971,51
9972,51
9973,51
9974,51
9975,51
9976,51
9977,51
9978,51
9979,51
9980,51
9981,51
9982,51
9983,51
9984,51
9985,51
9986,51
9987,51
9988,51
9989,51
9990,51
9991,51
9992,51
9993,51
9994,51
9995,51
9996,51
9997,51
9998,51
9999,51
