,pso
0,300
1,300
2,300
3,300
4,300
5,300
6,300
7,300
8,300
9,300
10,300
11,300
12,300
13,300
14,300
15,300
16,300
17,300
18,300
19,300
20,300
21,300
22,300
23,300
24,300
25,300
26,300
27,300
28,300
29,300
30,300
31,300
32,300
33,300
34,300
35,300
36,300
37,300
38,300
39,300
40,300
41,300
42,300
43,300
44,300
45,300
46,300
47,300
48,300
49,300
50,300
51,300
52,300
53,300
54,300
55,300
56,300
57,300
58,300
59,300
60,300
61,300
62,300
63,300
64,300
65,300
66,300
67,300
68,300
69,300
70,300
71,300
72,300
73,300
74,300
75,300
76,300
77,300
78,300
79,300
80,300
81,300
82,300
83,300
84,300
85,300
86,300
87,300
88,300
89,300
90,300
91,300
92,300
93,300
94,300
95,300
96,300
97,300
98,300
99,300
100,300
101,300
102,300
103,300
104,300
105,300
106,300
107,300
108,300
109,300
110,300
111,300
112,300
113,300
114,300
115,300
116,300
117,300
118,300
119,300
120,300
121,300
122,300
123,300
124,300
125,300
126,300
127,300
128,300
129,300
130,300
131,300
132,300
133,300
134,300
135,300
136,300
137,300
138,300
139,300
140,300
141,300
142,300
143,300
144,300
145,300
146,300
147,300
148,300
149,300
150,300
151,300
152,300
153,300
154,300
155,300
156,300
157,300
158,300
159,300
160,300
161,300
162,300
163,300
164,300
165,300
166,300
167,300
168,300
169,300
170,300
171,300
172,300
173,300
174,300
175,300
176,300
177,300
178,300
179,300
180,300
181,300
182,300
183,300
184,300
185,300
186,300
187,300
188,300
189,300
190,300
191,300
192,300
193,300
194,300
195,300
196,300
197,300
198,300
199,300
200,300
201,300
202,300
203,300
204,300
205,300
206,300
207,300
208,300
209,300
210,300
211,300
212,300
213,300
214,300
215,300
216,300
217,300
218,300
219,300
220,300
221,300
222,300
223,300
224,300
225,300
226,300
227,300
228,300
229,300
230,300
231,300
232,300
233,300
234,300
235,300
236,300
237,300
238,300
239,300
240,300
241,300
242,300
243,300
244,300
245,300
246,300
247,300
248,300
249,300
250,300
251,300
252,300
253,300
254,300
255,300
256,300
257,300
258,300
259,300
260,300
261,300
262,300
263,300
264,300
265,300
266,300
267,300
268,300
269,300
270,300
271,300
272,300
273,300
274,300
275,300
276,300
277,300
278,300
279,300
280,300
281,300
282,300
283,300
284,300
285,300
286,300
287,300
288,300
289,300
290,300
291,300
292,300
293,300
294,300
295,300
296,300
297,300
298,300
299,300
300,300
301,300
302,300
303,300
304,300
305,300
306,300
307,300
308,300
309,300
310,300
311,300
312,300
313,300
314,300
315,300
316,300
317,300
318,300
319,300
320,300
321,300
322,300
323,300
324,300
325,300
326,300
327,300
328,300
329,300
330,300
331,300
332,300
333,300
334,300
335,300
336,300
337,300
338,300
339,300
340,300
341,300
342,300
343,300
344,300
345,300
346,300
347,300
348,300
349,300
350,300
351,300
352,300
353,300
354,300
355,300
356,300
357,300
358,300
359,300
360,300
361,300
362,300
363,300
364,300
365,300
366,300
367,300
368,300
369,300
370,300
371,300
372,300
373,300
374,300
375,300
376,300
377,300
378,300
379,300
380,300
381,300
382,300
383,300
384,300
385,300
386,300
387,300
388,300
389,300
390,300
391,300
392,300
393,300
394,300
395,300
396,300
397,300
398,300
399,300
400,300
401,300
402,300
403,300
404,300
405,300
406,300
407,300
408,300
409,300
410,300
411,300
412,300
413,300
414,300
415,300
416,300
417,300
418,300
419,300
420,300
421,300
422,300
423,300
424,300
425,300
426,300
427,300
428,300
429,300
430,300
431,300
432,300
433,300
434,300
435,300
436,300
437,300
438,300
439,300
440,300
441,300
442,300
443,300
444,300
445,300
446,300
447,300
448,300
449,300
450,300
451,300
452,300
453,300
454,300
455,300
456,300
457,300
458,300
459,300
460,300
461,300
462,300
463,300
464,300
465,300
466,300
467,300
468,300
469,300
470,300
471,300
472,300
473,300
474,300
475,300
476,300
477,300
478,300
479,300
480,300
481,300
482,300
483,300
484,300
485,300
486,300
487,300
488,300
489,300
490,300
491,300
492,300
493,300
494,300
495,300
496,300
497,300
498,300
499,300
500,300
501,300
502,300
503,300
504,300
505,300
506,300
507,300
508,300
509,300
510,300
511,300
512,300
513,300
514,300
515,300
516,300
517,300
518,300
519,300
520,300
521,300
522,300
523,300
524,300
525,300
526,300
527,300
528,300
529,300
530,300
531,300
532,300
533,300
534,300
535,300
536,300
537,300
538,300
539,300
540,300
541,300
542,300
543,300
544,300
545,300
546,300
547,300
548,300
549,300
550,300
551,300
552,300
553,300
554,300
555,300
556,300
557,300
558,300
559,300
560,300
561,300
562,300
563,300
564,300
565,300
566,300
567,300
568,300
569,300
570,300
571,300
572,300
573,300
574,300
575,300
576,300
577,300
578,300
579,300
580,300
581,300
582,300
583,300
584,300
585,300
586,300
587,300
588,300
589,300
590,300
591,300
592,300
593,300
594,300
595,300
596,300
597,300
598,300
599,300
600,300
601,300
602,300
603,300
604,300
605,300
606,300
607,300
608,300
609,300
610,300
611,300
612,300
613,300
614,300
615,300
616,300
617,300
618,300
619,300
620,300
621,300
622,300
623,300
624,300
625,300
626,300
627,300
628,300
629,300
630,300
631,300
632,300
633,300
634,300
635,300
636,300
637,300
638,300
639,300
640,300
641,300
642,300
643,300
644,300
645,300
646,300
647,300
648,300
649,300
650,300
651,300
652,300
653,300
654,300
655,300
656,300
657,300
658,300
659,300
660,300
661,300
662,300
663,300
664,300
665,300
666,300
667,300
668,300
669,300
670,300
671,300
672,300
673,300
674,300
675,300
676,300
677,300
678,300
679,300
680,300
681,300
682,300
683,300
684,300
685,300
686,300
687,300
688,300
689,300
690,300
691,300
692,300
693,300
694,300
695,300
696,300
697,300
698,300
699,300
700,300
701,300
702,300
703,300
704,300
705,300
706,300
707,300
708,300
709,300
710,300
711,300
712,300
713,300
714,300
715,300
716,300
717,300
718,300
719,300
720,300
721,300
722,300
723,300
724,300
725,300
726,300
727,300
728,300
729,300
730,300
731,300
732,300
733,300
734,300
735,300
736,300
737,300
738,300
739,300
740,300
741,300
742,300
743,300
744,300
745,300
746,300
747,300
748,300
749,300
750,300
751,300
752,300
753,300
754,300
755,300
756,300
757,300
758,300
759,300
760,300
761,300
762,300
763,300
764,300
765,300
766,300
767,300
768,300
769,300
770,300
771,300
772,300
773,300
774,300
775,300
776,300
777,300
778,300
779,300
780,300
781,300
782,300
783,300
784,300
785,300
786,300
787,300
788,300
789,300
790,300
791,300
792,300
793,300
794,300
795,300
796,300
797,300
798,300
799,300
800,300
801,300
802,300
803,300
804,300
805,300
806,300
807,300
808,300
809,300
810,300
811,300
812,300
813,300
814,300
815,300
816,300
817,300
818,300
819,300
820,300
821,300
822,300
823,300
824,300
825,300
826,300
827,300
828,300
829,300
830,300
831,300
832,300
833,300
834,300
835,300
836,300
837,300
838,300
839,300
840,300
841,300
842,300
843,300
844,300
845,300
846,300
847,300
848,300
849,300
850,300
851,300
852,300
853,300
854,300
855,300
856,300
857,300
858,300
859,300
860,300
861,300
862,300
863,300
864,300
865,300
866,300
867,300
868,300
869,300
870,300
871,300
872,300
873,300
874,300
875,300
876,300
877,300
878,300
879,300
880,300
881,300
882,300
883,300
884,300
885,300
886,300
887,300
888,300
889,300
890,300
891,300
892,300
893,300
894,300
895,300
896,300
897,300
898,300
899,300
900,300
901,300
902,300
903,300
904,300
905,300
906,300
907,300
908,300
909,300
910,300
911,300
912,300
913,300
914,300
915,300
916,300
917,300
918,300
919,300
920,300
921,300
922,300
923,300
924,300
925,300
926,300
927,300
928,300
929,300
930,300
931,300
932,300
933,300
934,300
935,300
936,300
937,300
938,300
939,300
940,300
941,300
942,300
943,300
944,300
945,300
946,300
947,300
948,300
949,300
950,300
951,300
952,300
953,300
954,300
955,300
956,300
957,300
958,300
959,300
960,300
961,300
962,300
963,300
964,300
965,300
966,300
967,300
968,300
969,300
970,300
971,300
972,300
973,300
974,300
975,300
976,300
977,300
978,300
979,300
980,300
981,300
982,300
983,300
984,300
985,300
986,300
987,300
988,300
989,300
990,300
991,300
992,300
993,300
994,300
995,300
996,300
997,300
998,300
999,300
1000,300
1001,300
1002,300
1003,300
1004,300
1005,300
1006,300
1007,300
1008,300
1009,300
1010,300
1011,300
1012,300
1013,300
1014,300
1015,300
1016,300
1017,300
1018,300
1019,300
1020,300
1021,300
1022,300
1023,300
1024,300
1025,300
1026,300
1027,300
1028,300
1029,300
1030,300
1031,300
1032,300
1033,300
1034,300
1035,300
1036,300
1037,300
1038,300
1039,300
1040,300
1041,300
1042,300
1043,300
1044,300
1045,300
1046,300
1047,300
1048,300
1049,300
1050,300
1051,300
1052,300
1053,300
1054,300
1055,300
1056,300
1057,300
1058,300
1059,300
1060,300
1061,300
1062,300
1063,300
1064,300
1065,300
1066,300
1067,300
1068,300
1069,300
1070,300
1071,300
1072,300
1073,300
1074,300
1075,300
1076,300
1077,300
1078,300
1079,300
1080,300
1081,300
1082,300
1083,300
1084,300
1085,300
1086,300
1087,300
1088,300
1089,300
1090,300
1091,300
1092,300
1093,300
1094,300
1095,300
1096,300
1097,300
1098,300
1099,300
1100,300
1101,300
1102,300
1103,300
1104,300
1105,300
1106,300
1107,300
1108,300
1109,300
1110,300
1111,300
1112,300
1113,300
1114,300
1115,300
1116,300
1117,300
1118,300
1119,300
1120,300
1121,300
1122,300
1123,300
1124,300
1125,300
1126,300
1127,300
1128,300
1129,300
1130,300
1131,300
1132,300
1133,300
1134,300
1135,300
1136,300
1137,300
1138,300
1139,300
1140,300
1141,300
1142,300
1143,300
1144,300
1145,300
1146,300
1147,300
1148,300
1149,300
1150,300
1151,300
1152,300
1153,300
1154,300
1155,300
1156,300
1157,300
1158,300
1159,300
1160,300
1161,300
1162,300
1163,300
1164,300
1165,300
1166,300
1167,300
1168,300
1169,300
1170,300
1171,300
1172,300
1173,300
1174,300
1175,300
1176,300
1177,300
1178,300
1179,300
1180,300
1181,300
1182,300
1183,300
1184,300
1185,300
1186,300
1187,300
1188,300
1189,300
1190,300
1191,300
1192,300
1193,300
1194,300
1195,300
1196,300
1197,300
1198,300
1199,300
1200,300
1201,300
1202,300
1203,300
1204,300
1205,300
1206,300
1207,300
1208,300
1209,300
1210,300
1211,300
1212,300
1213,300
1214,300
1215,300
1216,300
1217,300
1218,300
1219,300
1220,300
1221,300
1222,300
1223,300
1224,300
1225,300
1226,300
1227,300
1228,300
1229,300
1230,300
1231,300
1232,300
1233,300
1234,300
1235,300
1236,300
1237,300
1238,300
1239,300
1240,300
1241,300
1242,300
1243,300
1244,300
1245,300
1246,300
1247,300
1248,300
1249,300
1250,300
1251,300
1252,300
1253,300
1254,300
1255,300
1256,300
1257,300
1258,300
1259,300
1260,300
1261,300
1262,300
1263,300
1264,300
1265,300
1266,300
1267,300
1268,300
1269,300
1270,300
1271,300
1272,300
1273,300
1274,300
1275,300
1276,300
1277,300
1278,300
1279,300
1280,300
1281,300
1282,300
1283,300
1284,300
1285,300
1286,300
1287,300
1288,300
1289,300
1290,300
1291,300
1292,300
1293,300
1294,300
1295,300
1296,300
1297,300
1298,300
1299,300
1300,300
1301,300
1302,300
1303,300
1304,300
1305,300
1306,300
1307,300
1308,300
1309,300
1310,300
1311,300
1312,300
1313,300
1314,300
1315,300
1316,300
1317,300
1318,300
1319,300
1320,300
1321,300
1322,300
1323,300
1324,300
1325,300
1326,300
1327,300
1328,300
1329,300
1330,300
1331,300
1332,300
1333,300
1334,300
1335,300
1336,300
1337,300
1338,300
1339,300
1340,300
1341,300
1342,300
1343,300
1344,300
1345,300
1346,300
1347,300
1348,300
1349,300
1350,300
1351,300
1352,300
1353,300
1354,300
1355,300
1356,300
1357,300
1358,300
1359,300
1360,300
1361,300
1362,300
1363,300
1364,300
1365,300
1366,300
1367,300
1368,300
1369,300
1370,300
1371,300
1372,300
1373,300
1374,300
1375,300
1376,300
1377,300
1378,300
1379,300
1380,300
1381,300
1382,300
1383,300
1384,300
1385,300
1386,300
1387,300
1388,300
1389,300
1390,300
1391,300
1392,300
1393,300
1394,300
1395,300
1396,300
1397,300
1398,300
1399,300
1400,300
1401,300
1402,300
1403,300
1404,300
1405,300
1406,300
1407,300
1408,300
1409,300
1410,300
1411,300
1412,300
1413,300
1414,300
1415,300
1416,300
1417,300
1418,300
1419,300
1420,300
1421,300
1422,300
1423,300
1424,300
1425,300
1426,300
1427,300
1428,300
1429,300
1430,300
1431,300
1432,300
1433,300
1434,300
1435,300
1436,300
1437,300
1438,300
1439,300
1440,300
1441,300
1442,300
1443,300
1444,300
1445,300
1446,300
1447,300
1448,300
1449,300
1450,300
1451,300
1452,300
1453,300
1454,300
1455,300
1456,300
1457,300
1458,300
1459,300
1460,300
1461,300
1462,300
1463,300
1464,300
1465,300
1466,300
1467,300
1468,300
1469,300
1470,300
1471,300
1472,300
1473,300
1474,300
1475,300
1476,300
1477,300
1478,300
1479,300
1480,300
1481,300
1482,300
1483,300
1484,300
1485,300
1486,300
1487,300
1488,300
1489,300
1490,300
1491,300
1492,300
1493,300
1494,300
1495,300
1496,300
1497,300
1498,300
1499,300
1500,300
1501,300
1502,300
1503,300
1504,300
1505,300
1506,300
1507,300
1508,300
1509,300
1510,300
1511,300
1512,300
1513,300
1514,300
1515,300
1516,300
1517,300
1518,300
1519,300
1520,300
1521,300
1522,300
1523,300
1524,300
1525,300
1526,300
1527,300
1528,300
1529,300
1530,300
1531,300
1532,300
1533,300
1534,300
1535,300
1536,300
1537,300
1538,300
1539,300
1540,300
1541,300
1542,300
1543,300
1544,300
1545,300
1546,300
1547,300
1548,300
1549,300
1550,300
1551,300
1552,300
1553,300
1554,300
1555,300
1556,300
1557,300
1558,300
1559,300
1560,300
1561,300
1562,300
1563,300
1564,300
1565,300
1566,300
1567,300
1568,300
1569,300
1570,300
1571,300
1572,300
1573,300
1574,300
1575,300
1576,300
1577,300
1578,300
1579,300
1580,300
1581,300
1582,300
1583,300
1584,300
1585,300
1586,300
1587,300
1588,300
1589,300
1590,300
1591,300
1592,300
1593,300
1594,300
1595,300
1596,300
1597,300
1598,300
1599,300
1600,300
1601,300
1602,300
1603,300
1604,300
1605,300
1606,300
1607,300
1608,300
1609,300
1610,300
1611,300
1612,300
1613,300
1614,300
1615,300
1616,300
1617,300
1618,300
1619,300
1620,300
1621,300
1622,300
1623,300
1624,300
1625,300
1626,300
1627,300
1628,300
1629,300
1630,300
1631,300
1632,300
1633,300
1634,300
1635,300
1636,300
1637,300
1638,300
1639,300
1640,300
1641,300
1642,300
1643,300
1644,300
1645,300
1646,300
1647,300
1648,300
1649,300
1650,300
1651,300
1652,300
1653,300
1654,300
1655,300
1656,300
1657,300
1658,300
1659,300
1660,300
1661,300
1662,300
1663,300
1664,300
1665,300
1666,300
1667,300
1668,300
1669,300
1670,300
1671,300
1672,300
1673,300
1674,300
1675,300
1676,300
1677,300
1678,300
1679,300
1680,300
1681,300
1682,300
1683,300
1684,300
1685,300
1686,300
1687,300
1688,300
1689,300
1690,300
1691,300
1692,300
1693,300
1694,300
1695,300
1696,300
1697,300
1698,300
1699,300
1700,300
1701,300
1702,300
1703,300
1704,300
1705,300
1706,300
1707,300
1708,299
1709,299
1710,299
1711,299
1712,299
1713,299
1714,299
1715,299
1716,299
1717,299
1718,299
1719,299
1720,299
1721,299
1722,299
1723,299
1724,299
1725,299
1726,299
1727,299
1728,299
1729,299
1730,299
1731,299
1732,299
1733,299
1734,299
1735,299
1736,299
1737,299
1738,299
1739,299
1740,299
1741,299
1742,299
1743,299
1744,299
1745,299
1746,299
1747,299
1748,299
1749,299
1750,299
1751,299
1752,299
1753,299
1754,299
1755,299
1756,299
1757,299
1758,299
1759,299
1760,299
1761,299
1762,299
1763,299
1764,299
1765,299
1766,299
1767,299
1768,299
1769,299
1770,299
1771,299
1772,299
1773,299
1774,299
1775,299
1776,299
1777,299
1778,299
1779,299
1780,299
1781,299
1782,299
1783,299
1784,299
1785,299
1786,299
1787,299
1788,299
1789,299
1790,299
1791,299
1792,299
1793,299
1794,299
1795,299
1796,299
1797,299
1798,299
1799,299
1800,299
1801,299
1802,299
1803,299
1804,299
1805,299
1806,299
1807,299
1808,299
1809,299
1810,299
1811,299
1812,299
1813,299
1814,299
1815,298
1816,298
1817,298
1818,298
1819,298
1820,298
1821,298
1822,298
1823,298
1824,298
1825,298
1826,298
1827,298
1828,298
1829,298
1830,298
1831,298
1832,298
1833,298
1834,298
1835,298
1836,298
1837,298
1838,298
1839,298
1840,298
1841,298
1842,298
1843,298
1844,298
1845,298
1846,298
1847,298
1848,298
1849,298
1850,298
1851,298
1852,298
1853,298
1854,298
1855,298
1856,298
1857,298
1858,298
1859,298
1860,298
1861,298
1862,298
1863,298
1864,298
1865,298
1866,298
1867,298
1868,298
1869,298
1870,298
1871,298
1872,298
1873,298
1874,298
1875,298
1876,298
1877,298
1878,298
1879,298
1880,298
1881,298
1882,298
1883,298
1884,298
1885,298
1886,298
1887,298
1888,298
1889,298
1890,298
1891,298
1892,298
1893,298
1894,298
1895,298
1896,298
1897,298
1898,298
1899,298
1900,298
1901,298
1902,298
1903,298
1904,298
1905,298
1906,298
1907,298
1908,298
1909,298
1910,298
1911,298
1912,298
1913,298
1914,298
1915,298
1916,298
1917,298
1918,298
1919,298
1920,298
1921,298
1922,298
1923,298
1924,298
1925,298
1926,298
1927,298
1928,298
1929,298
1930,297
1931,297
1932,297
1933,297
1934,297
1935,297
1936,297
1937,297
1938,297
1939,297
1940,297
1941,297
1942,297
1943,297
1944,297
1945,297
1946,297
1947,297
1948,297
1949,297
1950,297
1951,297
1952,297
1953,297
1954,297
1955,297
1956,297
1957,297
1958,297
1959,297
1960,297
1961,297
1962,297
1963,297
1964,297
1965,297
1966,297
1967,297
1968,297
1969,297
1970,297
1971,297
1972,297
1973,297
1974,297
1975,297
1976,297
1977,297
1978,297
1979,297
1980,297
1981,297
1982,297
1983,297
1984,297
1985,297
1986,297
1987,297
1988,297
1989,297
1990,297
1991,297
1992,297
1993,297
1994,297
1995,297
1996,297
1997,297
1998,297
1999,297
2000,297
2001,297
2002,297
2003,297
2004,297
2005,297
2006,297
2007,297
2008,297
2009,297
2010,297
2011,297
2012,297
2013,297
2014,297
2015,297
2016,297
2017,297
2018,297
2019,297
2020,297
2021,297
2022,297
2023,297
2024,297
2025,297
2026,297
2027,297
2028,297
2029,297
2030,297
2031,297
2032,297
2033,297
2034,297
2035,297
2036,297
2037,297
2038,297
2039,297
2040,297
2041,297
2042,297
2043,297
2044,297
2045,297
2046,297
2047,297
2048,297
2049,297
2050,297
2051,297
2052,297
2053,297
2054,297
2055,297
2056,297
2057,297
2058,297
2059,297
2060,297
2061,297
2062,297
2063,297
2064,297
2065,297
2066,297
2067,297
2068,297
2069,297
2070,297
2071,297
2072,297
2073,297
2074,297
2075,297
2076,297
2077,297
2078,297
2079,297
2080,297
2081,297
2082,297
2083,297
2084,297
2085,297
2086,297
2087,297
2088,297
2089,297
2090,297
2091,297
2092,297
2093,297
2094,297
2095,297
2096,297
2097,297
2098,297
2099,297
2100,297
2101,297
2102,297
2103,297
2104,297
2105,297
2106,297
2107,297
2108,297
2109,297
2110,297
2111,297
2112,297
2113,297
2114,297
2115,297
2116,297
2117,297
2118,297
2119,297
2120,297
2121,297
2122,297
2123,297
2124,297
2125,297
2126,297
2127,297
2128,297
2129,297
2130,297
2131,297
2132,297
2133,297
2134,297
2135,297
2136,297
2137,297
2138,297
2139,297
2140,297
2141,297
2142,297
2143,297
2144,297
2145,297
2146,297
2147,297
2148,297
2149,297
2150,297
2151,297
2152,297
2153,297
2154,297
2155,297
2156,297
2157,297
2158,297
2159,297
2160,297
2161,297
2162,297
2163,297
2164,297
2165,297
2166,297
2167,297
2168,297
2169,297
2170,297
2171,297
2172,297
2173,297
2174,297
2175,297
2176,297
2177,297
2178,297
2179,297
2180,297
2181,297
2182,297
2183,297
2184,297
2185,297
2186,297
2187,297
2188,297
2189,297
2190,297
2191,297
2192,297
2193,297
2194,297
2195,297
2196,297
2197,297
2198,297
2199,297
2200,297
2201,297
2202,297
2203,297
2204,297
2205,297
2206,297
2207,297
2208,297
2209,297
2210,297
2211,297
2212,297
2213,297
2214,297
2215,297
2216,297
2217,297
2218,297
2219,297
2220,297
2221,297
2222,297
2223,297
2224,297
2225,297
2226,297
2227,297
2228,297
2229,297
2230,297
2231,297
2232,297
2233,297
2234,297
2235,297
2236,297
2237,297
2238,297
2239,297
2240,297
2241,297
2242,297
2243,297
2244,297
2245,297
2246,297
2247,297
2248,297
2249,297
2250,297
2251,297
2252,297
2253,297
2254,297
2255,297
2256,297
2257,297
2258,297
2259,297
2260,297
2261,297
2262,297
2263,297
2264,297
2265,297
2266,297
2267,297
2268,297
2269,297
2270,297
2271,296
2272,296
2273,296
2274,296
2275,296
2276,296
2277,296
2278,296
2279,296
2280,296
2281,296
2282,296
2283,296
2284,296
2285,296
2286,295
2287,295
2288,295
2289,295
2290,295
2291,295
2292,295
2293,295
2294,295
2295,295
2296,295
2297,295
2298,295
2299,295
2300,295
2301,295
2302,295
2303,295
2304,295
2305,295
2306,295
2307,295
2308,295
2309,295
2310,295
2311,295
2312,295
2313,295
2314,295
2315,295
2316,295
2317,295
2318,295
2319,295
2320,295
2321,295
2322,295
2323,295
2324,295
2325,295
2326,295
2327,295
2328,295
2329,295
2330,295
2331,295
2332,295
2333,295
2334,295
2335,295
2336,295
2337,295
2338,295
2339,295
2340,295
2341,295
2342,295
2343,295
2344,295
2345,295
2346,295
2347,295
2348,295
2349,295
2350,295
2351,295
2352,295
2353,295
2354,295
2355,295
2356,295
2357,295
2358,295
2359,295
2360,295
2361,295
2362,295
2363,295
2364,295
2365,295
2366,295
2367,295
2368,295
2369,295
2370,295
2371,295
2372,295
2373,295
2374,295
2375,295
2376,295
2377,295
2378,295
2379,295
2380,295
2381,295
2382,295
2383,295
2384,295
2385,295
2386,295
2387,295
2388,295
2389,295
2390,295
2391,295
2392,295
2393,295
2394,295
2395,295
2396,295
2397,295
2398,295
2399,295
2400,295
2401,295
2402,295
2403,295
2404,295
2405,295
2406,295
2407,294
2408,294
2409,294
2410,294
2411,294
2412,294
2413,294
2414,294
2415,294
2416,294
2417,294
2418,294
2419,294
2420,294
2421,294
2422,294
2423,294
2424,294
2425,294
2426,294
2427,294
2428,294
2429,294
2430,294
2431,294
2432,294
2433,294
2434,294
2435,294
2436,294
2437,294
2438,294
2439,294
2440,294
2441,294
2442,294
2443,294
2444,294
2445,294
2446,294
2447,294
2448,294
2449,294
2450,294
2451,294
2452,294
2453,294
2454,294
2455,294
2456,294
2457,294
2458,294
2459,294
2460,294
2461,294
2462,294
2463,294
2464,294
2465,294
2466,294
2467,294
2468,294
2469,294
2470,294
2471,294
2472,294
2473,294
2474,293
2475,293
2476,293
2477,292
2478,292
2479,292
2480,292
2481,292
2482,292
2483,292
2484,292
2485,292
2486,292
2487,292
2488,292
2489,292
2490,292
2491,292
2492,292
2493,292
2494,292
2495,292
2496,292
2497,292
2498,292
2499,292
2500,292
2501,292
2502,292
2503,292
2504,292
2505,292
2506,292
2507,292
2508,292
2509,292
2510,292
2511,292
2512,292
2513,292
2514,292
2515,292
2516,292
2517,292
2518,292
2519,292
2520,292
2521,292
2522,292
2523,292
2524,292
2525,292
2526,292
2527,292
2528,292
2529,292
2530,292
2531,292
2532,292
2533,292
2534,292
2535,292
2536,292
2537,291
2538,291
2539,291
2540,291
2541,291
2542,291
2543,291
2544,291
2545,291
2546,291
2547,291
2548,291
2549,291
2550,291
2551,291
2552,291
2553,291
2554,291
2555,291
2556,291
2557,291
2558,291
2559,291
2560,291
2561,291
2562,291
2563,291
2564,291
2565,291
2566,291
2567,291
2568,291
2569,291
2570,291
2571,291
2572,291
2573,291
2574,291
2575,291
2576,291
2577,291
2578,291
2579,291
2580,291
2581,291
2582,291
2583,291
2584,291
2585,291
2586,291
2587,291
2588,291
2589,291
2590,291
2591,291
2592,291
2593,291
2594,291
2595,291
2596,291
2597,291
2598,291
2599,291
2600,291
2601,291
2602,291
2603,291
2604,291
2605,291
2606,291
2607,291
2608,291
2609,291
2610,291
2611,291
2612,291
2613,291
2614,291
2615,291
2616,291
2617,290
2618,290
2619,290
2620,290
2621,290
2622,290
2623,290
2624,290
2625,290
2626,290
2627,290
2628,290
2629,290
2630,290
2631,290
2632,290
2633,290
2634,290
2635,290
2636,290
2637,290
2638,290
2639,290
2640,290
2641,289
2642,289
2643,289
2644,289
2645,289
2646,289
2647,288
2648,288
2649,288
2650,288
2651,288
2652,288
2653,287
2654,287
2655,287
2656,286
2657,285
2658,285
2659,284
2660,284
2661,284
2662,283
2663,283
2664,282
2665,282
2666,282
2667,280
2668,279
2669,279
2670,279
2671,278
2672,277
2673,277
2674,276
2675,276
2676,275
2677,274
2678,274
2679,274
2680,273
2681,271
2682,271
2683,269
2684,267
2685,265
2686,263
2687,262
2688,260
2689,259
2690,259
2691,258
2692,257
2693,257
2694,256
2695,255
2696,254
2697,253
2698,251
2699,249
2700,247
2701,246
2702,243
2703,242
2704,240
2705,238
2706,237
2707,235
2708,235
2709,235
2710,235
2711,235
2712,235
2713,235
2714,235
2715,235
2716,235
2717,235
2718,235
2719,235
2720,235
2721,235
2722,235
2723,234
2724,234
2725,234
2726,234
2727,234
2728,234
2729,234
2730,234
2731,234
2732,234
2733,234
2734,234
2735,234
2736,234
2737,234
2738,234
2739,234
2740,234
2741,234
2742,234
2743,234
2744,234
2745,234
2746,234
2747,234
2748,234
2749,234
2750,234
2751,234
2752,234
2753,234
2754,234
2755,234
2756,234
2757,234
2758,234
2759,234
2760,234
2761,234
2762,234
2763,233
2764,233
2765,233
2766,233
2767,233
2768,233
2769,233
2770,233
2771,233
2772,233
2773,233
2774,233
2775,233
2776,233
2777,233
2778,233
2779,233
2780,233
2781,233
2782,233
2783,233
2784,233
2785,233
2786,233
2787,233
2788,232
2789,232
2790,232
2791,232
2792,232
2793,232
2794,232
2795,232
2796,232
2797,232
2798,232
2799,232
2800,232
2801,232
2802,232
2803,232
2804,232
2805,232
2806,232
2807,232
2808,232
2809,232
2810,232
2811,232
2812,232
2813,232
2814,232
2815,232
2816,232
2817,232
2818,231
2819,231
2820,231
2821,231
2822,231
2823,231
2824,231
2825,231
2826,231
2827,231
2828,231
2829,231
2830,231
2831,231
2832,231
2833,231
2834,231
2835,231
2836,231
2837,231
2838,231
2839,231
2840,231
2841,231
2842,231
2843,231
2844,231
2845,231
2846,231
2847,231
2848,231
2849,231
2850,231
2851,231
2852,230
2853,230
2854,230
2855,230
2856,230
2857,230
2858,230
2859,230
2860,230
2861,230
2862,230
2863,230
2864,230
2865,230
2866,230
2867,230
2868,230
2869,230
2870,230
2871,229
2872,229
2873,229
2874,229
2875,229
2876,229
2877,229
2878,229
2879,229
2880,229
2881,229
2882,229
2883,229
2884,229
2885,229
2886,229
2887,229
2888,229
2889,229
2890,229
2891,229
2892,229
2893,228
2894,228
2895,228
2896,228
2897,228
2898,228
2899,228
2900,228
2901,228
2902,228
2903,227
2904,227
2905,227
2906,227
2907,227
2908,227
2909,227
2910,227
2911,227
2912,227
2913,227
2914,227
2915,226
2916,226
2917,225
2918,224
2919,223
2920,222
2921,222
2922,222
2923,222
2924,222
2925,222
2926,221
2927,221
2928,220
2929,220
2930,220
2931,220
2932,220
2933,220
2934,220
2935,220
2936,219
2937,219
2938,219
2939,219
2940,219
2941,218
2942,218
2943,218
2944,218
2945,218
2946,217
2947,217
2948,217
2949,216
2950,215
2951,214
2952,212
2953,210
2954,209
2955,207
2956,207
2957,206
2958,205
2959,205
2960,204
2961,203
2962,202
2963,201
2964,200
2965,198
2966,196
2967,194
2968,193
2969,193
2970,192
2971,190
2972,188
2973,187
2974,186
2975,182
2976,181
2977,178
2978,177
2979,175
2980,172
2981,170
2982,170
2983,170
2984,170
2985,170
2986,169
2987,169
2988,169
2989,169
2990,169
2991,169
2992,169
2993,168
2994,168
2995,168
2996,167
2997,166
2998,166
2999,166
3000,166
3001,166
3002,166
3003,165
3004,165
3005,165
3006,165
3007,165
3008,163
3009,163
3010,162
3011,162
3012,162
3013,162
3014,161
3015,161
3016,160
3017,159
3018,159
3019,157
3020,155
3021,154
3022,153
3023,150
3024,149
3025,145
3026,140
3027,140
3028,138
3029,137
3030,136
3031,135
3032,133
3033,132
3034,129
3035,127
3036,126
3037,125
3038,122
3039,121
3040,121
3041,121
3042,121
3043,121
3044,121
3045,121
3046,121
3047,121
3048,121
3049,121
3050,121
3051,121
3052,121
3053,121
3054,121
3055,121
3056,121
3057,121
3058,121
3059,121
3060,121
3061,121
3062,121
3063,121
3064,121
3065,121
3066,121
3067,121
3068,121
3069,121
3070,121
3071,121
3072,120
3073,120
3074,120
3075,120
3076,120
3077,120
3078,120
3079,120
3080,120
3081,120
3082,120
3083,120
3084,120
3085,120
3086,120
3087,120
3088,120
3089,120
3090,120
3091,120
3092,120
3093,120
3094,120
3095,120
3096,120
3097,120
3098,120
3099,120
3100,120
3101,120
3102,120
3103,120
3104,120
3105,120
3106,120
3107,120
3108,120
3109,120
3110,120
3111,120
3112,120
3113,120
3114,120
3115,120
3116,120
3117,120
3118,120
3119,120
3120,120
3121,120
3122,120
3123,120
3124,120
3125,120
3126,120
3127,120
3128,120
3129,120
3130,120
3131,120
3132,120
3133,120
3134,120
3135,120
3136,120
3137,120
3138,120
3139,120
3140,120
3141,120
3142,120
3143,120
3144,120
3145,120
3146,120
3147,120
3148,120
3149,120
3150,120
3151,120
3152,120
3153,120
3154,120
3155,120
3156,119
3157,119
3158,119
3159,118
3160,118
3161,118
3162,118
3163,118
3164,118
3165,118
3166,118
3167,118
3168,118
3169,118
3170,118
3171,118
3172,118
3173,118
3174,118
3175,118
3176,118
3177,118
3178,118
3179,118
3180,118
3181,118
3182,118
3183,118
3184,118
3185,118
3186,118
3187,117
3188,117
3189,117
3190,117
3191,117
3192,117
3193,117
3194,117
3195,117
3196,117
3197,117
3198,117
3199,117
3200,117
3201,117
3202,117
3203,117
3204,117
3205,117
3206,117
3207,117
3208,117
3209,117
3210,117
3211,117
3212,117
3213,117
3214,117
3215,117
3216,117
3217,117
3218,117
3219,117
3220,117
3221,117
3222,117
3223,117
3224,117
3225,117
3226,117
3227,117
3228,117
3229,117
3230,117
3231,117
3232,117
3233,117
3234,117
3235,117
3236,117
3237,117
3238,117
3239,117
3240,117
3241,117
3242,117
3243,117
3244,117
3245,117
3246,117
3247,117
3248,117
3249,117
3250,117
3251,117
3252,117
3253,117
3254,117
3255,117
3256,117
3257,117
3258,117
3259,117
3260,117
3261,117
3262,117
3263,117
3264,117
3265,117
3266,117
3267,117
3268,117
3269,117
3270,117
3271,117
3272,117
3273,117
3274,117
3275,117
3276,117
3277,117
3278,117
3279,117
3280,117
3281,117
3282,117
3283,117
3284,117
3285,117
3286,117
3287,117
3288,117
3289,117
3290,116
3291,116
3292,116
3293,116
3294,116
3295,116
3296,116
3297,115
3298,115
3299,115
3300,115
3301,115
3302,115
3303,115
3304,115
3305,115
3306,115
3307,115
3308,115
3309,115
3310,115
3311,115
3312,115
3313,115
3314,114
3315,114
3316,114
3317,114
3318,114
3319,114
3320,114
3321,114
3322,114
3323,114
3324,114
3325,114
3326,114
3327,113
3328,113
3329,113
3330,113
3331,113
3332,113
3333,113
3334,113
3335,113
3336,113
3337,112
3338,112
3339,112
3340,112
3341,112
3342,112
3343,112
3344,112
3345,112
3346,112
3347,112
3348,112
3349,112
3350,112
3351,112
3352,112
3353,112
3354,112
3355,112
3356,112
3357,112
3358,112
3359,112
3360,112
3361,112
3362,112
3363,112
3364,112
3365,112
3366,112
3367,112
3368,112
3369,112
3370,112
3371,112
3372,112
3373,112
3374,112
3375,112
3376,112
3377,112
3378,112
3379,112
3380,112
3381,112
3382,112
3383,112
3384,112
3385,112
3386,112
3387,112
3388,112
3389,112
3390,112
3391,112
3392,112
3393,112
3394,112
3395,112
3396,112
3397,112
3398,112
3399,112
3400,112
3401,112
3402,112
3403,112
3404,112
3405,112
3406,112
3407,112
3408,112
3409,112
3410,112
3411,112
3412,112
3413,112
3414,112
3415,112
3416,112
3417,112
3418,112
3419,112
3420,112
3421,112
3422,112
3423,112
3424,112
3425,112
3426,112
3427,112
3428,112
3429,112
3430,112
3431,112
3432,112
3433,111
3434,111
3435,111
3436,111
3437,111
3438,111
3439,110
3440,110
3441,110
3442,109
3443,108
3444,108
3445,108
3446,108
3447,108
3448,107
3449,107
3450,107
3451,107
3452,107
3453,107
3454,107
3455,107
3456,107
3457,107
3458,107
3459,107
3460,107
3461,107
3462,107
3463,107
3464,107
3465,107
3466,107
3467,107
3468,107
3469,107
3470,106
3471,106
3472,106
3473,106
3474,106
3475,106
3476,106
3477,106
3478,106
3479,105
3480,105
3481,105
3482,105
3483,105
3484,105
3485,105
3486,105
3487,105
3488,105
3489,105
3490,105
3491,105
3492,105
3493,105
3494,105
3495,105
3496,105
3497,105
3498,105
3499,105
3500,105
3501,105
3502,105
3503,105
3504,105
3505,105
3506,105
3507,105
3508,105
3509,105
3510,105
3511,105
3512,105
3513,105
3514,105
3515,105
3516,105
3517,105
3518,105
3519,105
3520,104
3521,104
3522,104
3523,104
3524,104
3525,104
3526,104
3527,104
3528,104
3529,104
3530,104
3531,104
3532,104
3533,104
3534,104
3535,103
3536,103
3537,103
3538,103
3539,103
3540,103
3541,103
3542,103
3543,103
3544,103
3545,103
3546,103
3547,103
3548,103
3549,103
3550,103
3551,103
3552,103
3553,103
3554,103
3555,103
3556,103
3557,103
3558,103
3559,103
3560,103
3561,103
3562,103
3563,103
3564,103
3565,103
3566,103
3567,103
3568,103
3569,103
3570,103
3571,103
3572,103
3573,103
3574,103
3575,103
3576,103
3577,103
3578,103
3579,103
3580,103
3581,103
3582,103
3583,103
3584,103
3585,103
3586,103
3587,103
3588,103
3589,103
3590,103
3591,103
3592,103
3593,103
3594,103
3595,103
3596,103
3597,103
3598,103
3599,103
3600,103
3601,103
3602,103
3603,103
3604,103
3605,103
3606,103
3607,103
3608,103
3609,103
3610,103
3611,103
3612,103
3613,103
3614,103
3615,103
3616,103
3617,103
3618,103
3619,103
3620,103
3621,103
3622,103
3623,103
3624,101
3625,101
3626,101
3627,101
3628,101
3629,101
3630,101
3631,101
3632,101
3633,101
3634,101
3635,101
3636,101
3637,101
3638,101
3639,101
3640,101
3641,101
3642,101
3643,101
3644,101
3645,101
3646,101
3647,101
3648,101
3649,101
3650,101
3651,101
3652,101
3653,101
3654,101
3655,101
3656,101
3657,101
3658,101
3659,101
3660,101
3661,101
3662,101
3663,101
3664,101
3665,101
3666,101
3667,101
3668,101
3669,101
3670,101
3671,101
3672,101
3673,101
3674,101
3675,101
3676,101
3677,101
3678,101
3679,101
3680,101
3681,101
3682,101
3683,101
3684,101
3685,101
3686,101
3687,101
3688,101
3689,101
3690,101
3691,101
3692,101
3693,101
3694,101
3695,101
3696,101
3697,101
3698,101
3699,101
3700,101
3701,101
3702,101
3703,101
3704,101
3705,101
3706,101
3707,101
3708,101
3709,101
3710,101
3711,101
3712,101
3713,101
3714,101
3715,101
3716,101
3717,101
3718,101
3719,101
3720,101
3721,101
3722,101
3723,101
3724,101
3725,100
3726,100
3727,100
3728,100
3729,100
3730,100
3731,100
3732,100
3733,100
3734,100
3735,100
3736,100
3737,100
3738,100
3739,100
3740,100
3741,100
3742,100
3743,100
3744,100
3745,100
3746,100
3747,100
3748,100
3749,100
3750,100
3751,100
3752,100
3753,100
3754,100
3755,100
3756,100
3757,100
3758,100
3759,99
3760,99
3761,99
3762,99
3763,99
3764,99
3765,98
3766,98
3767,98
3768,98
3769,98
3770,98
3771,98
3772,98
3773,98
3774,98
3775,98
3776,98
3777,98
3778,98
3779,98
3780,98
3781,98
3782,98
3783,98
3784,98
3785,98
3786,98
3787,98
3788,98
3789,98
3790,98
3791,98
3792,98
3793,98
3794,98
3795,98
3796,98
3797,98
3798,98
3799,98
3800,98
3801,98
3802,98
3803,98
3804,98
3805,98
3806,98
3807,98
3808,98
3809,98
3810,98
3811,98
3812,98
3813,98
3814,98
3815,98
3816,98
3817,98
3818,98
3819,98
3820,98
3821,98
3822,98
3823,98
3824,98
3825,98
3826,98
3827,98
3828,98
3829,98
3830,98
3831,98
3832,98
3833,97
3834,97
3835,97
3836,97
3837,97
3838,97
3839,97
3840,97
3841,97
3842,97
3843,97
3844,97
3845,97
3846,97
3847,97
3848,97
3849,97
3850,97
3851,97
3852,97
3853,97
3854,97
3855,97
3856,97
3857,97
3858,97
3859,97
3860,97
3861,97
3862,97
3863,97
3864,97
3865,97
3866,97
3867,97
3868,97
3869,97
3870,97
3871,97
3872,97
3873,97
3874,97
3875,97
3876,97
3877,97
3878,97
3879,97
3880,97
3881,97
3882,97
3883,97
3884,97
3885,97
3886,97
3887,97
3888,97
3889,97
3890,97
3891,97
3892,97
3893,97
3894,96
3895,96
3896,96
3897,96
3898,96
3899,96
3900,96
3901,96
3902,96
3903,96
3904,96
3905,96
3906,96
3907,96
3908,96
3909,96
3910,96
3911,96
3912,96
3913,96
3914,96
3915,96
3916,96
3917,96
3918,96
3919,96
3920,96
3921,96
3922,96
3923,96
3924,96
3925,96
3926,96
3927,96
3928,96
3929,96
3930,96
3931,96
3932,96
3933,96
3934,96
3935,96
3936,96
3937,96
3938,96
3939,96
3940,96
3941,96
3942,96
3943,96
3944,96
3945,96
3946,96
3947,96
3948,96
3949,96
3950,96
3951,96
3952,96
3953,96
3954,96
3955,96
3956,96
3957,96
3958,96
3959,96
3960,96
3961,96
3962,96
3963,96
3964,96
3965,96
3966,96
3967,96
3968,96
3969,96
3970,96
3971,96
3972,96
3973,96
3974,96
3975,96
3976,96
3977,96
3978,96
3979,96
3980,96
3981,96
3982,96
3983,96
3984,96
3985,96
3986,96
3987,96
3988,96
3989,96
3990,96
3991,96
3992,96
3993,96
3994,96
3995,96
3996,96
3997,96
3998,96
3999,96
4000,96
4001,96
4002,96
4003,96
4004,96
4005,96
4006,96
4007,96
4008,96
4009,96
4010,96
4011,96
4012,96
4013,96
4014,96
4015,96
4016,96
4017,96
4018,96
4019,96
4020,96
4021,96
4022,96
4023,96
4024,96
4025,96
4026,96
4027,96
4028,96
4029,96
4030,96
4031,96
4032,95
4033,95
4034,95
4035,95
4036,95
4037,95
4038,95
4039,95
4040,95
4041,95
4042,95
4043,95
4044,95
4045,95
4046,95
4047,95
4048,95
4049,95
4050,95
4051,95
4052,95
4053,95
4054,95
4055,95
4056,95
4057,95
4058,95
4059,95
4060,95
4061,95
4062,95
4063,95
4064,95
4065,95
4066,95
4067,95
4068,95
4069,95
4070,95
4071,95
4072,95
4073,95
4074,95
4075,95
4076,95
4077,95
4078,95
4079,95
4080,95
4081,95
4082,95
4083,95
4084,95
4085,95
4086,95
4087,95
4088,95
4089,95
4090,95
4091,95
4092,95
4093,95
4094,95
4095,95
4096,95
4097,95
4098,95
4099,95
4100,95
4101,95
4102,95
4103,95
4104,95
4105,95
4106,95
4107,95
4108,95
4109,95
4110,95
4111,95
4112,95
4113,95
4114,95
4115,95
4116,95
4117,95
4118,95
4119,95
4120,95
4121,95
4122,95
4123,95
4124,95
4125,95
4126,95
4127,95
4128,95
4129,95
4130,95
4131,95
4132,95
4133,95
4134,95
4135,95
4136,95
4137,95
4138,95
4139,95
4140,95
4141,95
4142,95
4143,95
4144,95
4145,95
4146,95
4147,95
4148,95
4149,95
4150,95
4151,95
4152,95
4153,95
4154,95
4155,95
4156,95
4157,95
4158,95
4159,95
4160,95
4161,95
4162,95
4163,95
4164,95
4165,95
4166,95
4167,95
4168,95
4169,95
4170,95
4171,95
4172,95
4173,95
4174,95
4175,95
4176,95
4177,95
4178,95
4179,95
4180,95
4181,95
4182,95
4183,95
4184,95
4185,95
4186,95
4187,95
4188,95
4189,95
4190,95
4191,95
4192,95
4193,95
4194,95
4195,95
4196,95
4197,95
4198,95
4199,95
4200,95
4201,95
4202,95
4203,95
4204,95
4205,95
4206,95
4207,95
4208,95
4209,95
4210,95
4211,95
4212,95
4213,95
4214,95
4215,95
4216,95
4217,95
4218,95
4219,95
4220,95
4221,95
4222,95
4223,95
4224,95
4225,95
4226,95
4227,95
4228,95
4229,95
4230,95
4231,95
4232,95
4233,95
4234,95
4235,95
4236,95
4237,95
4238,95
4239,95
4240,95
4241,95
4242,95
4243,95
4244,95
4245,95
4246,95
4247,95
4248,95
4249,95
4250,95
4251,95
4252,95
4253,95
4254,95
4255,95
4256,95
4257,95
4258,95
4259,95
4260,95
4261,95
4262,95
4263,95
4264,95
4265,95
4266,95
4267,95
4268,95
4269,95
4270,95
4271,95
4272,95
4273,95
4274,95
4275,95
4276,95
4277,95
4278,95
4279,95
4280,95
4281,95
4282,95
4283,95
4284,95
4285,95
4286,95
4287,95
4288,95
4289,95
4290,95
4291,95
4292,95
4293,95
4294,95
4295,95
4296,95
4297,95
4298,95
4299,95
4300,95
4301,95
4302,95
4303,95
4304,95
4305,95
4306,95
4307,95
4308,95
4309,95
4310,95
4311,95
4312,95
4313,95
4314,95
4315,95
4316,95
4317,95
4318,95
4319,95
4320,95
4321,95
4322,95
4323,95
4324,95
4325,95
4326,95
4327,95
4328,95
4329,95
4330,95
4331,95
4332,95
4333,95
4334,95
4335,95
4336,95
4337,95
4338,95
4339,95
4340,95
4341,95
4342,95
4343,95
4344,95
4345,95
4346,95
4347,95
4348,95
4349,95
4350,95
4351,95
4352,95
4353,95
4354,95
4355,95
4356,95
4357,95
4358,95
4359,95
4360,95
4361,95
4362,95
4363,95
4364,95
4365,95
4366,95
4367,95
4368,95
4369,95
4370,95
4371,95
4372,95
4373,95
4374,95
4375,95
4376,95
4377,95
4378,95
4379,95
4380,95
4381,95
4382,95
4383,95
4384,95
4385,95
4386,95
4387,95
4388,95
4389,95
4390,95
4391,95
4392,95
4393,95
4394,95
4395,95
4396,95
4397,95
4398,95
4399,95
4400,95
4401,95
4402,95
4403,95
4404,95
4405,95
4406,95
4407,95
4408,95
4409,95
4410,95
4411,95
4412,95
4413,95
4414,95
4415,95
4416,95
4417,95
4418,95
4419,95
4420,95
4421,95
4422,95
4423,95
4424,95
4425,95
4426,95
4427,95
4428,95
4429,95
4430,95
4431,95
4432,95
4433,95
4434,95
4435,95
4436,95
4437,95
4438,95
4439,95
4440,95
4441,95
4442,95
4443,95
4444,95
4445,95
4446,95
4447,95
4448,95
4449,95
4450,95
4451,95
4452,95
4453,95
4454,95
4455,95
4456,95
4457,95
4458,95
4459,95
4460,95
4461,95
4462,95
4463,95
4464,95
4465,95
4466,95
4467,95
4468,95
4469,95
4470,95
4471,95
4472,95
4473,95
4474,95
4475,95
4476,95
4477,95
4478,95
4479,95
4480,95
4481,95
4482,95
4483,95
4484,95
4485,95
4486,95
4487,95
4488,95
4489,95
4490,95
4491,95
4492,95
4493,95
4494,95
4495,95
4496,95
4497,95
4498,95
4499,95
4500,95
4501,95
4502,95
4503,95
4504,95
4505,95
4506,95
4507,95
4508,95
4509,95
4510,95
4511,95
4512,95
4513,95
4514,95
4515,95
4516,95
4517,95
4518,95
4519,95
4520,95
4521,95
4522,95
4523,95
4524,95
4525,95
4526,95
4527,95
4528,95
4529,95
4530,95
4531,95
4532,95
4533,95
4534,95
4535,95
4536,95
4537,95
4538,95
4539,95
4540,95
4541,95
4542,95
4543,95
4544,95
4545,95
4546,95
4547,95
4548,95
4549,95
4550,95
4551,95
4552,95
4553,95
4554,95
4555,95
4556,95
4557,95
4558,95
4559,95
4560,95
4561,95
4562,95
4563,95
4564,95
4565,95
4566,95
4567,95
4568,95
4569,95
4570,95
4571,95
4572,95
4573,95
4574,95
4575,95
4576,95
4577,95
4578,95
4579,95
4580,95
4581,95
4582,95
4583,95
4584,95
4585,95
4586,95
4587,95
4588,95
4589,95
4590,95
4591,95
4592,95
4593,95
4594,95
4595,95
4596,95
4597,95
4598,95
4599,95
4600,95
4601,95
4602,95
4603,95
4604,95
4605,95
4606,95
4607,95
4608,95
4609,95
4610,95
4611,95
4612,95
4613,95
4614,95
4615,95
4616,95
4617,95
4618,95
4619,95
4620,95
4621,95
4622,95
4623,95
4624,95
4625,95
4626,95
4627,95
4628,95
4629,95
4630,95
4631,95
4632,95
4633,95
4634,95
4635,95
4636,95
4637,95
4638,95
4639,95
4640,95
4641,95
4642,95
4643,95
4644,95
4645,95
4646,95
4647,95
4648,95
4649,95
4650,95
4651,95
4652,95
4653,95
4654,95
4655,95
4656,95
4657,95
4658,95
4659,95
4660,95
4661,95
4662,95
4663,95
4664,95
4665,95
4666,95
4667,95
4668,95
4669,95
4670,95
4671,95
4672,95
4673,95
4674,95
4675,95
4676,95
4677,95
4678,95
4679,95
4680,95
4681,95
4682,95
4683,95
4684,95
4685,95
4686,95
4687,95
4688,95
4689,95
4690,95
4691,95
4692,95
4693,95
4694,95
4695,95
4696,94
4697,94
4698,94
4699,94
4700,94
4701,94
4702,94
4703,94
4704,94
4705,94
4706,94
4707,94
4708,94
4709,94
4710,94
4711,94
4712,94
4713,94
4714,94
4715,94
4716,94
4717,94
4718,94
4719,94
4720,94
4721,94
4722,94
4723,94
4724,94
4725,94
4726,94
4727,94
4728,94
4729,94
4730,94
4731,94
4732,94
4733,94
4734,94
4735,94
4736,94
4737,94
4738,94
4739,94
4740,94
4741,94
4742,94
4743,94
4744,94
4745,94
4746,94
4747,94
4748,94
4749,94
4750,94
4751,94
4752,94
4753,94
4754,94
4755,94
4756,94
4757,94
4758,94
4759,94
4760,94
4761,94
4762,94
4763,94
4764,94
4765,94
4766,94
4767,94
4768,94
4769,94
4770,94
4771,94
4772,94
4773,94
4774,94
4775,94
4776,94
4777,94
4778,94
4779,94
4780,94
4781,94
4782,94
4783,94
4784,94
4785,94
4786,94
4787,94
4788,94
4789,94
4790,94
4791,94
4792,94
4793,94
4794,94
4795,94
4796,94
4797,94
4798,94
4799,94
4800,94
4801,94
4802,94
4803,94
4804,94
4805,94
4806,94
4807,94
4808,94
4809,94
4810,94
4811,94
4812,94
4813,94
4814,94
4815,94
4816,94
4817,94
4818,94
4819,94
4820,94
4821,94
4822,94
4823,94
4824,94
4825,94
4826,94
4827,94
4828,94
4829,94
4830,94
4831,94
4832,94
4833,94
4834,94
4835,94
4836,94
4837,94
4838,94
4839,94
4840,94
4841,94
4842,94
4843,94
4844,94
4845,94
4846,94
4847,94
4848,94
4849,94
4850,94
4851,94
4852,94
4853,94
4854,94
4855,94
4856,94
4857,94
4858,94
4859,94
4860,94
4861,94
4862,94
4863,94
4864,94
4865,94
4866,94
4867,94
4868,94
4869,94
4870,94
4871,94
4872,94
4873,94
4874,94
4875,94
4876,94
4877,94
4878,94
4879,94
4880,94
4881,94
4882,94
4883,94
4884,94
4885,94
4886,94
4887,94
4888,94
4889,94
4890,94
4891,94
4892,94
4893,94
4894,94
4895,94
4896,94
4897,94
4898,94
4899,94
4900,94
4901,94
4902,94
4903,94
4904,94
4905,94
4906,94
4907,94
4908,94
4909,94
4910,94
4911,94
4912,94
4913,94
4914,94
4915,94
4916,94
4917,94
4918,94
4919,94
4920,94
4921,94
4922,94
4923,94
4924,94
4925,94
4926,94
4927,94
4928,94
4929,94
4930,94
4931,94
4932,94
4933,94
4934,94
4935,94
4936,94
4937,94
4938,94
4939,94
4940,94
4941,94
4942,94
4943,94
4944,94
4945,94
4946,94
4947,94
4948,94
4949,94
4950,94
4951,94
4952,94
4953,94
4954,94
4955,94
4956,94
4957,94
4958,94
4959,94
4960,94
4961,94
4962,94
4963,94
4964,94
4965,94
4966,94
4967,94
4968,94
4969,94
4970,94
4971,94
4972,94
4973,94
4974,94
4975,94
4976,94
4977,94
4978,94
4979,94
4980,94
4981,94
4982,94
4983,94
4984,94
4985,94
4986,94
4987,94
4988,94
4989,94
4990,94
4991,94
4992,94
4993,94
4994,94
4995,94
4996,94
4997,94
4998,94
4999,94
5000,94
5001,94
5002,94
5003,94
5004,94
5005,94
5006,94
5007,94
5008,94
5009,94
5010,94
5011,94
5012,94
5013,93
5014,93
5015,93
5016,93
5017,93
5018,93
5019,93
5020,93
5021,93
5022,93
5023,93
5024,93
5025,93
5026,93
5027,93
5028,93
5029,93
5030,93
5031,93
5032,93
5033,93
5034,93
5035,93
5036,93
5037,93
5038,93
5039,93
5040,93
5041,93
5042,93
5043,93
5044,93
5045,93
5046,93
5047,93
5048,93
5049,93
5050,93
5051,93
5052,93
5053,93
5054,93
5055,93
5056,93
5057,93
5058,93
5059,93
5060,93
5061,93
5062,93
5063,93
5064,93
5065,93
5066,93
5067,93
5068,93
5069,93
5070,93
5071,93
5072,93
5073,93
5074,93
5075,93
5076,93
5077,93
5078,93
5079,93
5080,93
5081,93
5082,93
5083,93
5084,93
5085,93
5086,93
5087,93
5088,93
5089,93
5090,93
5091,93
5092,93
5093,93
5094,93
5095,93
5096,92
5097,92
5098,92
5099,92
5100,91
5101,91
5102,91
5103,91
5104,91
5105,91
5106,91
5107,91
5108,91
5109,91
5110,91
5111,90
5112,90
5113,90
5114,90
5115,90
5116,90
5117,90
5118,90
5119,90
5120,90
5121,90
5122,90
5123,90
5124,90
5125,90
5126,90
5127,90
5128,90
5129,90
5130,90
5131,90
5132,90
5133,90
5134,90
5135,90
5136,90
5137,90
5138,90
5139,90
5140,90
5141,90
5142,90
5143,90
5144,90
5145,90
5146,90
5147,90
5148,90
5149,90
5150,90
5151,90
5152,90
5153,90
5154,90
5155,90
5156,90
5157,90
5158,90
5159,90
5160,90
5161,90
5162,90
5163,90
5164,90
5165,90
5166,90
5167,90
5168,90
5169,90
5170,90
5171,90
5172,90
5173,90
5174,90
5175,90
5176,90
5177,90
5178,90
5179,90
5180,90
5181,90
5182,90
5183,90
5184,90
5185,90
5186,90
5187,90
5188,90
5189,90
5190,90
5191,90
5192,90
5193,90
5194,90
5195,90
5196,90
5197,90
5198,90
5199,90
5200,90
5201,90
5202,90
5203,90
5204,90
5205,90
5206,89
5207,89
5208,89
5209,89
5210,89
5211,89
5212,89
5213,89
5214,89
5215,89
5216,89
5217,89
5218,89
5219,89
5220,89
5221,89
5222,89
5223,89
5224,89
5225,89
5226,89
5227,89
5228,89
5229,89
5230,89
5231,89
5232,89
5233,89
5234,89
5235,89
5236,89
5237,89
5238,89
5239,89
5240,89
5241,89
5242,89
5243,89
5244,89
5245,89
5246,89
5247,89
5248,89
5249,89
5250,89
5251,89
5252,89
5253,89
5254,89
5255,89
5256,89
5257,89
5258,89
5259,89
5260,89
5261,89
5262,89
5263,89
5264,89
5265,89
5266,89
5267,89
5268,89
5269,89
5270,89
5271,89
5272,89
5273,89
5274,89
5275,89
5276,89
5277,89
5278,89
5279,89
5280,89
5281,89
5282,89
5283,89
5284,89
5285,89
5286,89
5287,89
5288,88
5289,88
5290,88
5291,88
5292,88
5293,88
5294,88
5295,88
5296,87
5297,87
5298,87
5299,87
5300,87
5301,87
5302,87
5303,87
5304,87
5305,87
5306,87
5307,87
5308,87
5309,87
5310,87
5311,87
5312,87
5313,87
5314,87
5315,87
5316,87
5317,87
5318,87
5319,87
5320,87
5321,87
5322,87
5323,87
5324,87
5325,87
5326,87
5327,87
5328,87
5329,87
5330,87
5331,87
5332,87
5333,87
5334,87
5335,87
5336,87
5337,87
5338,87
5339,87
5340,87
5341,87
5342,87
5343,87
5344,87
5345,87
5346,87
5347,87
5348,87
5349,87
5350,87
5351,87
5352,87
5353,87
5354,87
5355,87
5356,87
5357,87
5358,87
5359,87
5360,87
5361,87
5362,87
5363,87
5364,87
5365,87
5366,87
5367,87
5368,87
5369,87
5370,87
5371,87
5372,87
5373,87
5374,87
5375,87
5376,87
5377,87
5378,87
5379,87
5380,87
5381,87
5382,87
5383,87
5384,87
5385,87
5386,87
5387,87
5388,87
5389,87
5390,87
5391,87
5392,87
5393,87
5394,87
5395,87
5396,87
5397,87
5398,87
5399,87
5400,87
5401,87
5402,87
5403,87
5404,87
5405,87
5406,87
5407,87
5408,87
5409,87
5410,87
5411,87
5412,87
5413,87
5414,87
5415,87
5416,87
5417,87
5418,87
5419,87
5420,87
5421,87
5422,87
5423,87
5424,87
5425,87
5426,87
5427,87
5428,87
5429,87
5430,87
5431,87
5432,87
5433,87
5434,87
5435,87
5436,87
5437,87
5438,87
5439,87
5440,87
5441,87
5442,87
5443,87
5444,87
5445,87
5446,87
5447,87
5448,87
5449,87
5450,87
5451,87
5452,87
5453,87
5454,87
5455,87
5456,87
5457,87
5458,87
5459,87
5460,87
5461,87
5462,87
5463,87
5464,87
5465,87
5466,87
5467,87
5468,87
5469,87
5470,87
5471,87
5472,87
5473,87
5474,87
5475,87
5476,87
5477,87
5478,87
5479,87
5480,87
5481,87
5482,87
5483,87
5484,87
5485,87
5486,87
5487,87
5488,87
5489,87
5490,87
5491,87
5492,87
5493,87
5494,87
5495,87
5496,87
5497,87
5498,87
5499,87
5500,87
5501,87
5502,87
5503,87
5504,87
5505,87
5506,87
5507,87
5508,87
5509,87
5510,87
5511,87
5512,87
5513,87
5514,87
5515,87
5516,87
5517,87
5518,87
5519,87
5520,87
5521,87
5522,87
5523,87
5524,87
5525,87
5526,87
5527,87
5528,87
5529,87
5530,87
5531,87
5532,87
5533,87
5534,87
5535,87
5536,87
5537,87
5538,87
5539,87
5540,87
5541,87
5542,87
5543,87
5544,87
5545,87
5546,87
5547,87
5548,87
5549,87
5550,87
5551,87
5552,87
5553,87
5554,87
5555,87
5556,87
5557,87
5558,87
5559,87
5560,87
5561,87
5562,87
5563,87
5564,87
5565,87
5566,87
5567,87
5568,87
5569,87
5570,87
5571,87
5572,87
5573,87
5574,87
5575,87
5576,87
5577,87
5578,87
5579,87
5580,87
5581,87
5582,87
5583,87
5584,87
5585,87
5586,87
5587,87
5588,87
5589,87
5590,87
5591,87
5592,87
5593,87
5594,87
5595,87
5596,87
5597,87
5598,87
5599,87
5600,87
5601,87
5602,87
5603,87
5604,87
5605,87
5606,87
5607,87
5608,87
5609,87
5610,87
5611,87
5612,87
5613,87
5614,87
5615,87
5616,87
5617,87
5618,87
5619,87
5620,86
5621,86
5622,86
5623,86
5624,86
5625,86
5626,86
5627,86
5628,86
5629,86
5630,86
5631,86
5632,85
5633,85
5634,85
5635,85
5636,85
5637,85
5638,85
5639,85
5640,85
5641,85
5642,85
5643,85
5644,85
5645,85
5646,85
5647,85
5648,85
5649,85
5650,85
5651,85
5652,85
5653,85
5654,85
5655,85
5656,85
5657,85
5658,85
5659,85
5660,85
5661,85
5662,85
5663,85
5664,85
5665,85
5666,85
5667,85
5668,85
5669,85
5670,85
5671,85
5672,85
5673,85
5674,85
5675,85
5676,85
5677,85
5678,85
5679,85
5680,85
5681,85
5682,85
5683,85
5684,85
5685,85
5686,85
5687,85
5688,85
5689,85
5690,85
5691,85
5692,85
5693,85
5694,85
5695,85
5696,85
5697,85
5698,85
5699,85
5700,85
5701,85
5702,85
5703,85
5704,85
5705,85
5706,85
5707,85
5708,85
5709,85
5710,85
5711,85
5712,85
5713,85
5714,85
5715,85
5716,85
5717,85
5718,85
5719,85
5720,85
5721,85
5722,85
5723,85
5724,85
5725,85
5726,85
5727,85
5728,85
5729,85
5730,85
5731,85
5732,85
5733,85
5734,85
5735,85
5736,85
5737,85
5738,85
5739,85
5740,85
5741,85
5742,85
5743,85
5744,85
5745,85
5746,85
5747,85
5748,85
5749,85
5750,85
5751,85
5752,85
5753,85
5754,85
5755,85
5756,85
5757,85
5758,85
5759,85
5760,85
5761,85
5762,85
5763,85
5764,85
5765,85
5766,85
5767,85
5768,85
5769,85
5770,85
5771,85
5772,85
5773,85
5774,85
5775,85
5776,85
5777,85
5778,85
5779,85
5780,85
5781,85
5782,85
5783,85
5784,85
5785,85
5786,85
5787,85
5788,85
5789,85
5790,85
5791,85
5792,85
5793,85
5794,85
5795,85
5796,85
5797,85
5798,85
5799,85
5800,85
5801,85
5802,85
5803,85
5804,85
5805,85
5806,85
5807,85
5808,85
5809,85
5810,85
5811,85
5812,85
5813,85
5814,85
5815,85
5816,85
5817,85
5818,85
5819,85
5820,85
5821,85
5822,85
5823,85
5824,85
5825,85
5826,85
5827,85
5828,85
5829,85
5830,85
5831,85
5832,85
5833,85
5834,85
5835,85
5836,85
5837,85
5838,85
5839,85
5840,85
5841,85
5842,85
5843,85
5844,85
5845,85
5846,85
5847,85
5848,85
5849,85
5850,85
5851,85
5852,85
5853,85
5854,85
5855,85
5856,85
5857,85
5858,85
5859,85
5860,85
5861,85
5862,85
5863,85
5864,85
5865,85
5866,85
5867,85
5868,85
5869,85
5870,85
5871,85
5872,85
5873,85
5874,85
5875,85
5876,85
5877,85
5878,85
5879,85
5880,85
5881,85
5882,85
5883,85
5884,85
5885,85
5886,85
5887,85
5888,85
5889,85
5890,85
5891,85
5892,85
5893,85
5894,85
5895,85
5896,85
5897,85
5898,85
5899,85
5900,85
5901,85
5902,85
5903,85
5904,85
5905,85
5906,84
5907,84
5908,84
5909,84
5910,84
5911,84
5912,84
5913,84
5914,84
5915,84
5916,84
5917,84
5918,84
5919,84
5920,84
5921,84
5922,84
5923,84
5924,84
5925,84
5926,84
5927,84
5928,84
5929,84
5930,84
5931,84
5932,84
5933,84
5934,84
5935,84
5936,84
5937,84
5938,84
5939,84
5940,84
5941,84
5942,84
5943,84
5944,83
5945,83
5946,83
5947,83
5948,83
5949,83
5950,83
5951,83
5952,83
5953,83
5954,83
5955,83
5956,83
5957,83
5958,83
5959,83
5960,83
5961,83
5962,83
5963,83
5964,83
5965,83
5966,83
5967,83
5968,83
5969,83
5970,83
5971,83
5972,83
5973,83
5974,83
5975,83
5976,83
5977,83
5978,83
5979,83
5980,83
5981,83
5982,83
5983,83
5984,83
5985,83
5986,83
5987,83
5988,83
5989,83
5990,83
5991,83
5992,83
5993,83
5994,83
5995,83
5996,83
5997,83
5998,83
5999,83
6000,83
6001,83
6002,83
6003,83
6004,83
6005,83
6006,83
6007,83
6008,83
6009,83
6010,83
6011,83
6012,83
6013,83
6014,83
6015,83
6016,83
6017,83
6018,83
6019,83
6020,83
6021,83
6022,83
6023,83
6024,83
6025,83
6026,83
6027,83
6028,83
6029,83
6030,83
6031,83
6032,83
6033,83
6034,83
6035,83
6036,83
6037,83
6038,83
6039,83
6040,83
6041,83
6042,83
6043,83
6044,83
6045,83
6046,83
6047,83
6048,83
6049,83
6050,83
6051,83
6052,83
6053,83
6054,83
6055,83
6056,83
6057,83
6058,83
6059,83
6060,83
6061,83
6062,83
6063,83
6064,83
6065,83
6066,83
6067,83
6068,83
6069,83
6070,83
6071,83
6072,83
6073,83
6074,83
6075,83
6076,83
6077,83
6078,83
6079,83
6080,83
6081,83
6082,83
6083,83
6084,83
6085,83
6086,83
6087,83
6088,83
6089,83
6090,83
6091,83
6092,83
6093,83
6094,83
6095,83
6096,83
6097,83
6098,83
6099,83
6100,83
6101,83
6102,83
6103,83
6104,83
6105,83
6106,83
6107,83
6108,83
6109,83
6110,83
6111,83
6112,83
6113,83
6114,83
6115,83
6116,83
6117,83
6118,83
6119,83
6120,83
6121,83
6122,83
6123,83
6124,83
6125,83
6126,83
6127,83
6128,83
6129,83
6130,83
6131,83
6132,83
6133,83
6134,83
6135,83
6136,83
6137,83
6138,83
6139,83
6140,83
6141,83
6142,83
6143,83
6144,83
6145,83
6146,83
6147,83
6148,83
6149,83
6150,83
6151,83
6152,83
6153,83
6154,83
6155,83
6156,83
6157,83
6158,83
6159,83
6160,83
6161,83
6162,83
6163,83
6164,83
6165,83
6166,83
6167,83
6168,83
6169,83
6170,83
6171,83
6172,83
6173,83
6174,83
6175,83
6176,83
6177,83
6178,83
6179,83
6180,83
6181,83
6182,83
6183,83
6184,83
6185,83
6186,83
6187,83
6188,83
6189,83
6190,83
6191,83
6192,83
6193,83
6194,83
6195,83
6196,83
6197,83
6198,83
6199,83
6200,83
6201,83
6202,83
6203,83
6204,83
6205,83
6206,83
6207,83
6208,83
6209,83
6210,83
6211,83
6212,83
6213,83
6214,83
6215,83
6216,83
6217,83
6218,83
6219,83
6220,83
6221,83
6222,83
6223,83
6224,83
6225,83
6226,83
6227,83
6228,83
6229,83
6230,82
6231,82
6232,82
6233,82
6234,82
6235,82
6236,82
6237,82
6238,82
6239,82
6240,82
6241,82
6242,82
6243,82
6244,82
6245,82
6246,82
6247,82
6248,82
6249,82
6250,82
6251,82
6252,82
6253,82
6254,82
6255,82
6256,82
6257,82
6258,82
6259,82
6260,82
6261,82
6262,82
6263,82
6264,82
6265,82
6266,82
6267,82
6268,82
6269,82
6270,82
6271,82
6272,82
6273,82
6274,82
6275,82
6276,82
6277,82
6278,82
6279,82
6280,82
6281,82
6282,82
6283,82
6284,82
6285,82
6286,82
6287,82
6288,82
6289,82
6290,82
6291,82
6292,82
6293,82
6294,82
6295,82
6296,82
6297,82
6298,82
6299,82
6300,82
6301,82
6302,82
6303,82
6304,82
6305,82
6306,82
6307,82
6308,82
6309,82
6310,82
6311,82
6312,82
6313,82
6314,82
6315,82
6316,82
6317,82
6318,82
6319,82
6320,82
6321,82
6322,82
6323,82
6324,82
6325,82
6326,82
6327,82
6328,82
6329,82
6330,82
6331,82
6332,82
6333,82
6334,82
6335,82
6336,82
6337,82
6338,82
6339,82
6340,82
6341,82
6342,82
6343,82
6344,82
6345,82
6346,82
6347,82
6348,82
6349,82
6350,82
6351,82
6352,82
6353,82
6354,82
6355,82
6356,82
6357,82
6358,82
6359,81
6360,81
6361,81
6362,81
6363,81
6364,81
6365,81
6366,81
6367,81
6368,81
6369,81
6370,81
6371,81
6372,81
6373,81
6374,81
6375,81
6376,81
6377,81
6378,81
6379,81
6380,81
6381,81
6382,81
6383,81
6384,81
6385,81
6386,81
6387,81
6388,81
6389,81
6390,81
6391,81
6392,81
6393,81
6394,81
6395,81
6396,81
6397,81
6398,81
6399,81
6400,81
6401,81
6402,81
6403,81
6404,81
6405,81
6406,81
6407,81
6408,81
6409,81
6410,81
6411,81
6412,81
6413,81
6414,81
6415,81
6416,81
6417,81
6418,81
6419,81
6420,81
6421,81
6422,81
6423,81
6424,81
6425,81
6426,81
6427,81
6428,81
6429,81
6430,81
6431,81
6432,81
6433,81
6434,81
6435,81
6436,81
6437,81
6438,81
6439,81
6440,81
6441,81
6442,81
6443,81
6444,81
6445,81
6446,81
6447,81
6448,81
6449,81
6450,81
6451,81
6452,81
6453,81
6454,81
6455,81
6456,81
6457,81
6458,81
6459,81
6460,81
6461,81
6462,81
6463,81
6464,81
6465,81
6466,81
6467,81
6468,81
6469,81
6470,81
6471,81
6472,81
6473,81
6474,81
6475,81
6476,81
6477,81
6478,81
6479,81
6480,81
6481,81
6482,81
6483,81
6484,81
6485,81
6486,81
6487,81
6488,81
6489,81
6490,81
6491,81
6492,81
6493,81
6494,81
6495,81
6496,81
6497,81
6498,81
6499,81
6500,81
6501,81
6502,81
6503,81
6504,81
6505,81
6506,81
6507,81
6508,81
6509,81
6510,81
6511,81
6512,81
6513,81
6514,81
6515,81
6516,81
6517,81
6518,81
6519,81
6520,81
6521,81
6522,81
6523,81
6524,81
6525,81
6526,81
6527,81
6528,81
6529,81
6530,81
6531,81
6532,81
6533,81
6534,81
6535,81
6536,81
6537,81
6538,81
6539,81
6540,81
6541,81
6542,81
6543,81
6544,81
6545,81
6546,81
6547,81
6548,81
6549,81
6550,81
6551,81
6552,81
6553,81
6554,81
6555,81
6556,81
6557,81
6558,81
6559,81
6560,81
6561,81
6562,81
6563,81
6564,81
6565,81
6566,81
6567,81
6568,81
6569,81
6570,81
6571,81
6572,81
6573,81
6574,81
6575,81
6576,81
6577,81
6578,81
6579,81
6580,81
6581,81
6582,81
6583,81
6584,81
6585,81
6586,81
6587,81
6588,81
6589,81
6590,81
6591,81
6592,81
6593,81
6594,81
6595,81
6596,81
6597,81
6598,81
6599,81
6600,81
6601,81
6602,81
6603,81
6604,81
6605,81
6606,81
6607,81
6608,81
6609,81
6610,81
6611,81
6612,81
6613,81
6614,81
6615,81
6616,81
6617,81
6618,81
6619,81
6620,81
6621,81
6622,81
6623,81
6624,81
6625,81
6626,81
6627,81
6628,81
6629,81
6630,81
6631,81
6632,81
6633,81
6634,81
6635,81
6636,81
6637,81
6638,81
6639,81
6640,81
6641,81
6642,81
6643,81
6644,81
6645,81
6646,81
6647,81
6648,81
6649,81
6650,81
6651,81
6652,81
6653,81
6654,81
6655,81
6656,81
6657,81
6658,81
6659,81
6660,81
6661,81
6662,81
6663,81
6664,81
6665,81
6666,81
6667,80
6668,80
6669,80
6670,80
6671,80
6672,80
6673,80
6674,80
6675,80
6676,80
6677,80
6678,80
6679,80
6680,80
6681,80
6682,80
6683,80
6684,80
6685,80
6686,80
6687,80
6688,80
6689,80
6690,80
6691,80
6692,80
6693,80
6694,80
6695,80
6696,80
6697,80
6698,80
6699,80
6700,80
6701,80
6702,80
6703,80
6704,80
6705,80
6706,80
6707,80
6708,80
6709,80
6710,80
6711,80
6712,80
6713,80
6714,80
6715,80
6716,80
6717,80
6718,80
6719,80
6720,80
6721,80
6722,80
6723,80
6724,80
6725,80
6726,80
6727,80
6728,80
6729,80
6730,80
6731,80
6732,80
6733,80
6734,80
6735,80
6736,80
6737,80
6738,80
6739,80
6740,80
6741,80
6742,80
6743,80
6744,80
6745,80
6746,80
6747,80
6748,80
6749,80
6750,80
6751,80
6752,80
6753,80
6754,80
6755,79
6756,79
6757,79
6758,79
6759,79
6760,79
6761,79
6762,79
6763,79
6764,79
6765,79
6766,79
6767,79
6768,79
6769,79
6770,79
6771,79
6772,79
6773,79
6774,79
6775,79
6776,79
6777,79
6778,79
6779,79
6780,79
6781,79
6782,79
6783,79
6784,79
6785,79
6786,79
6787,79
6788,79
6789,79
6790,79
6791,79
6792,79
6793,79
6794,79
6795,79
6796,79
6797,79
6798,79
6799,79
6800,79
6801,79
6802,79
6803,79
6804,79
6805,79
6806,79
6807,79
6808,79
6809,79
6810,79
6811,79
6812,79
6813,79
6814,79
6815,79
6816,79
6817,79
6818,79
6819,79
6820,79
6821,79
6822,79
6823,79
6824,79
6825,79
6826,79
6827,79
6828,79
6829,79
6830,79
6831,79
6832,79
6833,79
6834,79
6835,79
6836,79
6837,79
6838,79
6839,79
6840,79
6841,79
6842,79
6843,79
6844,79
6845,79
6846,79
6847,79
6848,79
6849,79
6850,79
6851,79
6852,79
6853,79
6854,79
6855,79
6856,79
6857,79
6858,79
6859,79
6860,79
6861,79
6862,79
6863,79
6864,79
6865,79
6866,79
6867,79
6868,79
6869,79
6870,79
6871,79
6872,79
6873,79
6874,79
6875,79
6876,79
6877,79
6878,79
6879,79
6880,79
6881,79
6882,79
6883,79
6884,79
6885,79
6886,79
6887,79
6888,79
6889,79
6890,79
6891,79
6892,79
6893,79
6894,79
6895,79
6896,79
6897,79
6898,79
6899,79
6900,79
6901,79
6902,79
6903,79
6904,79
6905,79
6906,79
6907,79
6908,79
6909,79
6910,79
6911,79
6912,79
6913,79
6914,79
6915,79
6916,79
6917,79
6918,79
6919,79
6920,79
6921,79
6922,79
6923,79
6924,79
6925,79
6926,79
6927,79
6928,79
6929,79
6930,79
6931,79
6932,79
6933,79
6934,79
6935,79
6936,79
6937,79
6938,79
6939,78
6940,78
6941,78
6942,78
6943,78
6944,78
6945,78
6946,78
6947,78
6948,78
6949,78
6950,78
6951,78
6952,78
6953,78
6954,78
6955,78
6956,78
6957,78
6958,78
6959,78
6960,78
6961,78
6962,78
6963,78
6964,78
6965,78
6966,78
6967,78
6968,78
6969,78
6970,77
6971,77
6972,77
6973,77
6974,77
6975,77
6976,77
6977,77
6978,77
6979,77
6980,77
6981,77
6982,77
6983,77
6984,77
6985,77
6986,77
6987,77
6988,77
6989,77
6990,77
6991,77
6992,77
6993,77
6994,77
6995,77
6996,77
6997,77
6998,77
6999,77
7000,77
7001,77
7002,77
7003,77
7004,77
7005,77
7006,77
7007,77
7008,77
7009,77
7010,77
7011,77
7012,77
7013,77
7014,77
7015,77
7016,77
7017,77
7018,77
7019,77
7020,77
7021,77
7022,77
7023,77
7024,77
7025,77
7026,77
7027,77
7028,77
7029,77
7030,77
7031,77
7032,77
7033,77
7034,77
7035,77
7036,77
7037,77
7038,77
7039,77
7040,77
7041,77
7042,77
7043,76
7044,76
7045,76
7046,76
7047,76
7048,76
7049,76
7050,76
7051,76
7052,76
7053,76
7054,76
7055,76
7056,76
7057,76
7058,76
7059,76
7060,76
7061,76
7062,76
7063,76
7064,76
7065,76
7066,76
7067,76
7068,76
7069,76
7070,76
7071,76
7072,76
7073,76
7074,76
7075,76
7076,76
7077,76
7078,76
7079,76
7080,76
7081,76
7082,76
7083,76
7084,76
7085,76
7086,76
7087,76
7088,76
7089,76
7090,76
7091,76
7092,76
7093,76
7094,76
7095,76
7096,76
7097,76
7098,76
7099,76
7100,76
7101,76
7102,76
7103,76
7104,76
7105,76
7106,76
7107,76
7108,76
7109,76
7110,76
7111,76
7112,76
7113,76
7114,76
7115,76
7116,76
7117,76
7118,76
7119,76
7120,76
7121,76
7122,76
7123,76
7124,76
7125,76
7126,76
7127,76
7128,76
7129,76
7130,76
7131,76
7132,76
7133,76
7134,76
7135,76
7136,76
7137,76
7138,76
7139,76
7140,76
7141,76
7142,76
7143,76
7144,76
7145,76
7146,76
7147,76
7148,76
7149,76
7150,76
7151,76
7152,76
7153,76
7154,76
7155,76
7156,76
7157,76
7158,76
7159,76
7160,76
7161,76
7162,76
7163,76
7164,76
7165,76
7166,75
7167,75
7168,75
7169,75
7170,75
7171,75
7172,75
7173,75
7174,75
7175,75
7176,75
7177,75
7178,75
7179,75
7180,75
7181,75
7182,75
7183,75
7184,75
7185,75
7186,75
7187,75
7188,75
7189,75
7190,75
7191,75
7192,75
7193,75
7194,75
7195,75
7196,74
7197,74
7198,74
7199,74
7200,74
7201,74
7202,74
7203,74
7204,74
7205,74
7206,74
7207,74
7208,74
7209,74
7210,74
7211,74
7212,74
7213,74
7214,74
7215,74
7216,74
7217,74
7218,74
7219,74
7220,74
7221,74
7222,74
7223,74
7224,74
7225,74
7226,74
7227,74
7228,74
7229,74
7230,74
7231,74
7232,74
7233,74
7234,74
7235,74
7236,74
7237,74
7238,74
7239,74
7240,74
7241,74
7242,74
7243,74
7244,74
7245,74
7246,74
7247,74
7248,74
7249,74
7250,74
7251,74
7252,74
7253,74
7254,74
7255,74
7256,74
7257,74
7258,74
7259,74
7260,74
7261,74
7262,74
7263,74
7264,74
7265,74
7266,73
7267,73
7268,73
7269,73
7270,73
7271,73
7272,73
7273,73
7274,73
7275,73
7276,73
7277,73
7278,73
7279,73
7280,73
7281,73
7282,73
7283,73
7284,73
7285,73
7286,73
7287,73
7288,73
7289,73
7290,73
7291,73
7292,73
7293,73
7294,73
7295,73
7296,73
7297,73
7298,73
7299,73
7300,73
7301,73
7302,73
7303,73
7304,73
7305,73
7306,73
7307,73
7308,73
7309,73
7310,73
7311,72
7312,72
7313,72
7314,72
7315,72
7316,72
7317,72
7318,72
7319,72
7320,72
7321,72
7322,72
7323,72
7324,71
7325,71
7326,71
7327,71
7328,71
7329,71
7330,71
7331,71
7332,71
7333,71
7334,71
7335,71
7336,71
7337,71
7338,71
7339,71
7340,71
7341,71
7342,71
7343,71
7344,71
7345,71
7346,71
7347,71
7348,71
7349,71
7350,71
7351,71
7352,71
7353,71
7354,71
7355,71
7356,71
7357,71
7358,71
7359,71
7360,71
7361,71
7362,71
7363,71
7364,71
7365,71
7366,71
7367,71
7368,71
7369,71
7370,71
7371,71
7372,71
7373,71
7374,71
7375,71
7376,71
7377,71
7378,71
7379,71
7380,71
7381,71
7382,71
7383,71
7384,71
7385,71
7386,71
7387,71
7388,71
7389,71
7390,71
7391,71
7392,71
7393,71
7394,71
7395,71
7396,71
7397,71
7398,71
7399,71
7400,71
7401,71
7402,71
7403,71
7404,71
7405,71
7406,71
7407,71
7408,71
7409,71
7410,71
7411,71
7412,71
7413,71
7414,71
7415,71
7416,71
7417,71
7418,71
7419,71
7420,71
7421,71
7422,71
7423,71
7424,71
7425,71
7426,71
7427,71
7428,71
7429,71
7430,71
7431,71
7432,71
7433,71
7434,71
7435,71
7436,71
7437,71
7438,71
7439,71
7440,71
7441,71
7442,71
7443,71
7444,71
7445,71
7446,71
7447,71
7448,71
7449,71
7450,71
7451,71
7452,71
7453,71
7454,71
7455,71
7456,71
7457,71
7458,71
7459,71
7460,71
7461,71
7462,71
7463,71
7464,71
7465,71
7466,71
7467,71
7468,71
7469,71
7470,71
7471,71
7472,71
7473,71
7474,71
7475,71
7476,71
7477,71
7478,71
7479,71
7480,71
7481,71
7482,71
7483,71
7484,71
7485,71
7486,71
7487,71
7488,71
7489,71
7490,71
7491,71
7492,71
7493,71
7494,71
7495,71
7496,71
7497,71
7498,71
7499,71
7500,71
7501,71
7502,71
7503,71
7504,71
7505,71
7506,71
7507,71
7508,71
7509,71
7510,71
7511,71
7512,71
7513,71
7514,71
7515,71
7516,71
7517,71
7518,71
7519,71
7520,71
7521,71
7522,71
7523,71
7524,71
7525,71
7526,71
7527,71
7528,71
7529,71
7530,71
7531,71
7532,71
7533,71
7534,71
7535,71
7536,71
7537,71
7538,71
7539,71
7540,71
7541,71
7542,71
7543,71
7544,71
7545,71
7546,71
7547,71
7548,71
7549,71
7550,71
7551,71
7552,71
7553,71
7554,71
7555,71
7556,71
7557,71
7558,71
7559,71
7560,71
7561,71
7562,71
7563,71
7564,71
7565,71
7566,71
7567,71
7568,71
7569,71
7570,71
7571,71
7572,71
7573,71
7574,71
7575,71
7576,71
7577,71
7578,71
7579,71
7580,71
7581,71
7582,71
7583,71
7584,71
7585,71
7586,71
7587,71
7588,71
7589,71
7590,71
7591,71
7592,71
7593,71
7594,71
7595,71
7596,71
7597,71
7598,71
7599,71
7600,70
7601,70
7602,70
7603,70
7604,70
7605,70
7606,70
7607,70
7608,70
7609,70
7610,70
7611,70
7612,70
7613,70
7614,70
7615,70
7616,70
7617,70
7618,70
7619,70
7620,70
7621,70
7622,70
7623,70
7624,70
7625,70
7626,70
7627,70
7628,70
7629,70
7630,70
7631,70
7632,70
7633,70
7634,70
7635,70
7636,70
7637,70
7638,70
7639,70
7640,70
7641,70
7642,70
7643,70
7644,70
7645,70
7646,70
7647,70
7648,70
7649,70
7650,70
7651,70
7652,70
7653,70
7654,70
7655,70
7656,70
7657,70
7658,70
7659,70
7660,70
7661,70
7662,70
7663,70
7664,70
7665,70
7666,70
7667,70
7668,70
7669,70
7670,70
7671,70
7672,70
7673,70
7674,70
7675,70
7676,70
7677,70
7678,70
7679,70
7680,70
7681,70
7682,70
7683,70
7684,70
7685,70
7686,70
7687,70
7688,70
7689,70
7690,70
7691,70
7692,70
7693,70
7694,70
7695,70
7696,70
7697,70
7698,70
7699,70
7700,70
7701,70
7702,70
7703,70
7704,70
7705,70
7706,70
7707,70
7708,70
7709,70
7710,70
7711,70
7712,70
7713,70
7714,70
7715,70
7716,70
7717,70
7718,70
7719,70
7720,70
7721,70
7722,70
7723,70
7724,70
7725,70
7726,70
7727,70
7728,70
7729,70
7730,70
7731,70
7732,70
7733,70
7734,70
7735,70
7736,70
7737,70
7738,70
7739,70
7740,70
7741,70
7742,70
7743,70
7744,70
7745,70
7746,70
7747,70
7748,70
7749,70
7750,70
7751,70
7752,70
7753,70
7754,70
7755,70
7756,70
7757,70
7758,70
7759,70
7760,70
7761,70
7762,70
7763,70
7764,70
7765,70
7766,70
7767,70
7768,70
7769,70
7770,70
7771,70
7772,70
7773,70
7774,70
7775,70
7776,70
7777,70
7778,70
7779,70
7780,70
7781,70
7782,70
7783,70
7784,70
7785,70
7786,70
7787,70
7788,70
7789,70
7790,70
7791,70
7792,70
7793,70
7794,70
7795,70
7796,70
7797,70
7798,70
7799,70
7800,70
7801,70
7802,70
7803,70
7804,70
7805,70
7806,70
7807,70
7808,70
7809,70
7810,70
7811,70
7812,70
7813,70
7814,70
7815,70
7816,70
7817,70
7818,70
7819,70
7820,70
7821,70
7822,70
7823,70
7824,70
7825,70
7826,70
7827,70
7828,70
7829,70
7830,70
7831,70
7832,70
7833,70
7834,70
7835,70
7836,70
7837,70
7838,70
7839,70
7840,70
7841,70
7842,70
7843,70
7844,70
7845,70
7846,70
7847,70
7848,70
7849,70
7850,70
7851,70
7852,70
7853,70
7854,70
7855,70
7856,70
7857,70
7858,70
7859,70
7860,70
7861,70
7862,70
7863,70
7864,70
7865,70
7866,70
7867,70
7868,70
7869,70
7870,70
7871,70
7872,70
7873,70
7874,70
7875,70
7876,70
7877,70
7878,70
7879,70
7880,70
7881,70
7882,70
7883,70
7884,70
7885,70
7886,70
7887,70
7888,70
7889,70
7890,70
7891,70
7892,70
7893,70
7894,70
7895,70
7896,70
7897,70
7898,70
7899,70
7900,70
7901,70
7902,70
7903,70
7904,70
7905,70
7906,70
7907,70
7908,70
7909,70
7910,70
7911,70
7912,70
7913,70
7914,70
7915,70
7916,70
7917,70
7918,70
7919,70
7920,70
7921,70
7922,70
7923,70
7924,70
7925,70
7926,70
7927,70
7928,70
7929,70
7930,70
7931,70
7932,70
7933,70
7934,70
7935,70
7936,70
7937,70
7938,70
7939,70
7940,70
7941,70
7942,70
7943,70
7944,70
7945,70
7946,70
7947,70
7948,70
7949,70
7950,70
7951,70
7952,70
7953,70
7954,70
7955,70
7956,70
7957,70
7958,70
7959,70
7960,70
7961,70
7962,70
7963,70
7964,70
7965,70
7966,70
7967,70
7968,70
7969,70
7970,70
7971,70
7972,70
7973,70
7974,70
7975,70
7976,70
7977,70
7978,70
7979,70
7980,70
7981,70
7982,70
7983,70
7984,70
7985,70
7986,70
7987,70
7988,70
7989,70
7990,70
7991,70
7992,70
7993,70
7994,70
7995,70
7996,70
7997,70
7998,70
7999,70
8000,70
8001,70
8002,70
8003,70
8004,70
8005,70
8006,70
8007,70
8008,70
8009,70
8010,70
8011,70
8012,70
8013,70
8014,70
8015,70
8016,70
8017,70
8018,70
8019,70
8020,70
8021,70
8022,70
8023,70
8024,70
8025,70
8026,70
8027,70
8028,70
8029,70
8030,70
8031,70
8032,70
8033,70
8034,70
8035,70
8036,70
8037,70
8038,70
8039,70
8040,70
8041,70
8042,70
8043,70
8044,70
8045,70
8046,70
8047,70
8048,70
8049,70
8050,70
8051,70
8052,70
8053,70
8054,70
8055,70
8056,70
8057,70
8058,70
8059,70
8060,70
8061,70
8062,70
8063,70
8064,70
8065,70
8066,70
8067,70
8068,70
8069,70
8070,70
8071,70
8072,70
8073,70
8074,70
8075,70
8076,70
8077,70
8078,70
8079,70
8080,70
8081,70
8082,70
8083,70
8084,70
8085,70
8086,70
8087,70
8088,70
8089,70
8090,70
8091,70
8092,70
8093,70
8094,70
8095,70
8096,70
8097,70
8098,70
8099,70
8100,70
8101,70
8102,70
8103,70
8104,70
8105,70
8106,70
8107,70
8108,70
8109,70
8110,70
8111,70
8112,70
8113,70
8114,70
8115,70
8116,70
8117,70
8118,70
8119,70
8120,70
8121,70
8122,70
8123,70
8124,70
8125,70
8126,70
8127,70
8128,70
8129,70
8130,70
8131,70
8132,70
8133,70
8134,70
8135,70
8136,70
8137,70
8138,70
8139,70
8140,70
8141,70
8142,70
8143,70
8144,70
8145,70
8146,70
8147,70
8148,70
8149,70
8150,70
8151,70
8152,70
8153,70
8154,70
8155,69
8156,69
8157,69
8158,69
8159,69
8160,69
8161,69
8162,69
8163,69
8164,69
8165,69
8166,69
8167,69
8168,69
8169,69
8170,69
8171,69
8172,69
8173,69
8174,69
8175,69
8176,69
8177,69
8178,69
8179,69
8180,69
8181,69
8182,69
8183,69
8184,69
8185,69
8186,69
8187,69
8188,69
8189,69
8190,69
8191,69
8192,69
8193,69
8194,69
8195,69
8196,69
8197,69
8198,69
8199,69
8200,69
8201,69
8202,69
8203,69
8204,69
8205,69
8206,69
8207,69
8208,69
8209,69
8210,69
8211,69
8212,69
8213,69
8214,69
8215,69
8216,69
8217,69
8218,69
8219,69
8220,69
8221,69
8222,69
8223,69
8224,69
8225,69
8226,69
8227,69
8228,69
8229,69
8230,69
8231,69
8232,69
8233,69
8234,69
8235,69
8236,69
8237,69
8238,69
8239,69
8240,69
8241,69
8242,69
8243,69
8244,69
8245,69
8246,69
8247,69
8248,69
8249,69
8250,69
8251,69
8252,69
8253,69
8254,69
8255,69
8256,69
8257,69
8258,69
8259,69
8260,69
8261,69
8262,69
8263,69
8264,69
8265,69
8266,69
8267,69
8268,69
8269,69
8270,69
8271,69
8272,69
8273,69
8274,69
8275,69
8276,69
8277,69
8278,69
8279,69
8280,69
8281,69
8282,69
8283,69
8284,69
8285,69
8286,69
8287,69
8288,69
8289,69
8290,69
8291,69
8292,69
8293,69
8294,69
8295,69
8296,69
8297,69
8298,69
8299,69
8300,69
8301,69
8302,69
8303,69
8304,69
8305,69
8306,69
8307,69
8308,69
8309,69
8310,69
8311,69
8312,69
8313,69
8314,69
8315,69
8316,69
8317,69
8318,69
8319,69
8320,69
8321,69
8322,69
8323,69
8324,69
8325,69
8326,69
8327,69
8328,69
8329,69
8330,69
8331,69
8332,69
8333,69
8334,69
8335,69
8336,69
8337,69
8338,69
8339,69
8340,69
8341,69
8342,69
8343,69
8344,69
8345,69
8346,69
8347,69
8348,69
8349,69
8350,69
8351,69
8352,69
8353,69
8354,69
8355,69
8356,69
8357,69
8358,69
8359,69
8360,69
8361,69
8362,69
8363,69
8364,69
8365,69
8366,69
8367,69
8368,69
8369,69
8370,69
8371,69
8372,69
8373,69
8374,69
8375,69
8376,69
8377,69
8378,69
8379,69
8380,69
8381,69
8382,69
8383,69
8384,69
8385,69
8386,69
8387,69
8388,69
8389,69
8390,69
8391,69
8392,69
8393,69
8394,69
8395,69
8396,69
8397,69
8398,69
8399,69
8400,69
8401,69
8402,69
8403,69
8404,69
8405,69
8406,69
8407,69
8408,69
8409,69
8410,69
8411,69
8412,69
8413,69
8414,69
8415,69
8416,69
8417,69
8418,69
8419,69
8420,69
8421,69
8422,69
8423,69
8424,69
8425,69
8426,69
8427,69
8428,69
8429,69
8430,69
8431,69
8432,69
8433,69
8434,69
8435,69
8436,69
8437,69
8438,69
8439,69
8440,69
8441,69
8442,69
8443,69
8444,69
8445,69
8446,69
8447,69
8448,69
8449,69
8450,69
8451,69
8452,69
8453,69
8454,69
8455,69
8456,69
8457,69
8458,69
8459,69
8460,69
8461,69
8462,69
8463,69
8464,69
8465,69
8466,69
8467,69
8468,69
8469,69
8470,69
8471,69
8472,69
8473,69
8474,69
8475,69
8476,69
8477,69
8478,69
8479,69
8480,69
8481,69
8482,69
8483,69
8484,69
8485,69
8486,69
8487,69
8488,69
8489,69
8490,69
8491,69
8492,69
8493,69
8494,69
8495,69
8496,69
8497,69
8498,69
8499,69
8500,69
8501,69
8502,69
8503,69
8504,69
8505,69
8506,69
8507,69
8508,69
8509,69
8510,69
8511,69
8512,69
8513,69
8514,69
8515,69
8516,69
8517,69
8518,69
8519,69
8520,69
8521,69
8522,69
8523,69
8524,69
8525,69
8526,69
8527,69
8528,69
8529,69
8530,69
8531,69
8532,69
8533,69
8534,69
8535,69
8536,69
8537,69
8538,69
8539,69
8540,69
8541,69
8542,69
8543,69
8544,69
8545,69
8546,69
8547,69
8548,69
8549,69
8550,69
8551,69
8552,69
8553,69
8554,69
8555,69
8556,69
8557,69
8558,69
8559,69
8560,69
8561,69
8562,69
8563,69
8564,69
8565,69
8566,69
8567,69
8568,69
8569,69
8570,69
8571,69
8572,69
8573,69
8574,69
8575,69
8576,69
8577,69
8578,69
8579,69
8580,69
8581,69
8582,69
8583,69
8584,69
8585,69
8586,69
8587,69
8588,69
8589,69
8590,69
8591,69
8592,69
8593,69
8594,69
8595,69
8596,69
8597,69
8598,69
8599,69
8600,69
8601,69
8602,69
8603,69
8604,69
8605,69
8606,69
8607,69
8608,69
8609,69
8610,69
8611,69
8612,69
8613,69
8614,69
8615,69
8616,69
8617,69
8618,69
8619,69
8620,69
8621,69
8622,69
8623,69
8624,69
8625,69
8626,69
8627,69
8628,69
8629,69
8630,69
8631,69
8632,69
8633,69
8634,69
8635,69
8636,69
8637,69
8638,69
8639,69
8640,69
8641,69
8642,69
8643,69
8644,69
8645,69
8646,69
8647,69
8648,69
8649,69
8650,69
8651,69
8652,69
8653,69
8654,69
8655,69
8656,69
8657,69
8658,69
8659,69
8660,69
8661,69
8662,69
8663,69
8664,69
8665,69
8666,69
8667,69
8668,69
8669,69
8670,69
8671,69
8672,69
8673,69
8674,69
8675,69
8676,69
8677,69
8678,69
8679,69
8680,69
8681,69
8682,69
8683,69
8684,69
8685,69
8686,69
8687,69
8688,69
8689,69
8690,69
8691,69
8692,69
8693,69
8694,69
8695,69
8696,69
8697,69
8698,69
8699,69
8700,69
8701,69
8702,69
8703,69
8704,69
8705,69
8706,69
8707,69
8708,69
8709,69
8710,69
8711,69
8712,69
8713,69
8714,69
8715,69
8716,69
8717,69
8718,69
8719,69
8720,69
8721,69
8722,69
8723,69
8724,69
8725,69
8726,69
8727,69
8728,69
8729,69
8730,69
8731,69
8732,69
8733,69
8734,69
8735,69
8736,69
8737,69
8738,69
8739,69
8740,69
8741,69
8742,69
8743,69
8744,69
8745,69
8746,69
8747,69
8748,69
8749,69
8750,69
8751,69
8752,69
8753,69
8754,69
8755,69
8756,69
8757,69
8758,69
8759,69
8760,69
8761,69
8762,69
8763,69
8764,69
8765,69
8766,69
8767,69
8768,69
8769,69
8770,69
8771,69
8772,69
8773,69
8774,69
8775,69
8776,69
8777,69
8778,69
8779,69
8780,69
8781,69
8782,69
8783,69
8784,69
8785,69
8786,69
8787,69
8788,69
8789,69
8790,69
8791,69
8792,69
8793,69
8794,69
8795,69
8796,69
8797,69
8798,69
8799,69
8800,69
8801,69
8802,69
8803,69
8804,69
8805,69
8806,69
8807,69
8808,69
8809,69
8810,69
8811,69
8812,69
8813,69
8814,69
8815,69
8816,69
8817,69
8818,69
8819,69
8820,69
8821,69
8822,69
8823,69
8824,69
8825,69
8826,69
8827,69
8828,69
8829,69
8830,69
8831,69
8832,69
8833,69
8834,69
8835,69
8836,69
8837,69
8838,69
8839,69
8840,69
8841,69
8842,69
8843,69
8844,69
8845,69
8846,69
8847,69
8848,69
8849,69
8850,69
8851,69
8852,69
8853,69
8854,69
8855,69
8856,69
8857,69
8858,69
8859,69
8860,69
8861,69
8862,69
8863,69
8864,69
8865,69
8866,69
8867,69
8868,69
8869,69
8870,69
8871,69
8872,69
8873,69
8874,69
8875,69
8876,69
8877,69
8878,69
8879,69
8880,69
8881,69
8882,69
8883,69
8884,69
8885,69
8886,69
8887,69
8888,69
8889,69
8890,69
8891,69
8892,69
8893,69
8894,69
8895,69
8896,69
8897,69
8898,69
8899,69
8900,69
8901,69
8902,69
8903,69
8904,69
8905,69
8906,69
8907,69
8908,69
8909,69
8910,69
8911,69
8912,69
8913,69
8914,69
8915,69
8916,69
8917,69
8918,69
8919,69
8920,69
8921,69
8922,69
8923,69
8924,69
8925,69
8926,69
8927,69
8928,69
8929,69
8930,69
8931,69
8932,69
8933,69
8934,69
8935,69
8936,69
8937,69
8938,69
8939,69
8940,69
8941,69
8942,69
8943,69
8944,69
8945,69
8946,69
8947,69
8948,69
8949,69
8950,69
8951,69
8952,69
8953,69
8954,69
8955,69
8956,69
8957,69
8958,69
8959,69
8960,69
8961,69
8962,69
8963,69
8964,69
8965,69
8966,69
8967,69
8968,69
8969,69
8970,69
8971,69
8972,69
8973,69
8974,69
8975,69
8976,69
8977,69
8978,69
8979,69
8980,69
8981,69
8982,69
8983,69
8984,69
8985,69
8986,69
8987,69
8988,69
8989,69
8990,69
8991,69
8992,69
8993,69
8994,69
8995,69
8996,69
8997,69
8998,69
8999,69
9000,69
9001,69
9002,69
9003,69
9004,69
9005,69
9006,69
9007,69
9008,69
9009,69
9010,69
9011,69
9012,69
9013,69
9014,69
9015,69
9016,69
9017,69
9018,69
9019,69
9020,69
9021,69
9022,69
9023,69
9024,69
9025,69
9026,69
9027,69
9028,69
9029,69
9030,69
9031,69
9032,69
9033,69
9034,69
9035,69
9036,69
9037,69
9038,69
9039,69
9040,69
9041,69
9042,69
9043,69
9044,69
9045,69
9046,69
9047,69
9048,69
9049,69
9050,69
9051,69
9052,69
9053,69
9054,69
9055,69
9056,69
9057,69
9058,69
9059,69
9060,69
9061,69
9062,69
9063,69
9064,69
9065,69
9066,69
9067,69
9068,69
9069,69
9070,69
9071,69
9072,69
9073,69
9074,69
9075,69
9076,69
9077,69
9078,69
9079,69
9080,69
9081,69
9082,69
9083,69
9084,69
9085,69
9086,69
9087,69
9088,69
9089,69
9090,69
9091,69
9092,69
9093,69
9094,69
9095,69
9096,69
9097,69
9098,69
9099,69
9100,69
9101,69
9102,69
9103,69
9104,69
9105,69
9106,69
9107,69
9108,69
9109,69
9110,69
9111,69
9112,69
9113,69
9114,69
9115,69
9116,69
9117,69
9118,69
9119,69
9120,69
9121,69
9122,69
9123,69
9124,69
9125,69
9126,69
9127,69
9128,69
9129,69
9130,69
9131,69
9132,69
9133,69
9134,69
9135,69
9136,69
9137,69
9138,69
9139,69
9140,69
9141,69
9142,69
9143,69
9144,69
9145,69
9146,69
9147,69
9148,69
9149,69
9150,69
9151,69
9152,69
9153,69
9154,69
9155,69
9156,69
9157,69
9158,69
9159,69
9160,69
9161,69
9162,69
9163,69
9164,69
9165,69
9166,69
9167,69
9168,69
9169,69
9170,69
9171,69
9172,69
9173,69
9174,69
9175,69
9176,69
9177,69
9178,69
9179,69
9180,69
9181,69
9182,69
9183,69
9184,69
9185,69
9186,69
9187,69
9188,69
9189,69
9190,69
9191,69
9192,69
9193,69
9194,69
9195,69
9196,69
9197,69
9198,69
9199,69
9200,69
9201,69
9202,69
9203,69
9204,69
9205,69
9206,69
9207,69
9208,69
9209,69
9210,69
9211,69
9212,69
9213,69
9214,69
9215,69
9216,69
9217,69
9218,69
9219,69
9220,69
9221,69
9222,69
9223,69
9224,69
9225,69
9226,69
9227,69
9228,69
9229,69
9230,69
9231,69
9232,69
9233,69
9234,69
9235,69
9236,69
9237,69
9238,69
9239,69
9240,69
9241,69
9242,69
9243,69
9244,69
9245,69
9246,69
9247,69
9248,69
9249,69
9250,69
9251,69
9252,69
9253,69
9254,69
9255,69
9256,69
9257,69
9258,69
9259,69
9260,69
9261,69
9262,69
9263,69
9264,69
9265,69
9266,69
9267,69
9268,69
9269,69
9270,69
9271,69
9272,69
9273,69
9274,69
9275,69
9276,69
9277,69
9278,69
9279,69
9280,69
9281,69
9282,69
9283,69
9284,69
9285,69
9286,69
9287,69
9288,69
9289,69
9290,69
9291,69
9292,69
9293,69
9294,69
9295,69
9296,69
9297,69
9298,69
9299,69
9300,69
9301,69
9302,69
9303,69
9304,69
9305,69
9306,69
9307,69
9308,69
9309,69
9310,69
9311,69
9312,69
9313,69
9314,69
9315,69
9316,69
9317,69
9318,69
9319,69
9320,69
9321,69
9322,69
9323,69
9324,69
9325,69
9326,69
9327,69
9328,69
9329,69
9330,69
9331,69
9332,69
9333,69
9334,69
9335,69
9336,69
9337,69
9338,69
9339,69
9340,69
9341,69
9342,69
9343,69
9344,69
9345,69
9346,69
9347,69
9348,69
9349,69
9350,69
9351,69
9352,69
9353,69
9354,69
9355,69
9356,69
9357,69
9358,69
9359,69
9360,69
9361,69
9362,69
9363,69
9364,69
9365,69
9366,69
9367,69
9368,69
9369,69
9370,69
9371,69
9372,69
9373,69
9374,69
9375,69
9376,69
9377,69
9378,69
9379,69
9380,69
9381,69
9382,69
9383,69
9384,69
9385,69
9386,69
9387,69
9388,69
9389,69
9390,69
9391,69
9392,69
9393,69
9394,69
9395,69
9396,69
9397,69
9398,69
9399,69
9400,69
9401,69
9402,69
9403,69
9404,69
9405,69
9406,69
9407,69
9408,69
9409,69
9410,69
9411,69
9412,69
9413,69
9414,69
9415,69
9416,69
9417,69
9418,69
9419,69
9420,69
9421,69
9422,69
9423,69
9424,69
9425,69
9426,69
9427,69
9428,69
9429,69
9430,69
9431,69
9432,69
9433,69
9434,69
9435,69
9436,69
9437,69
9438,69
9439,69
9440,69
9441,69
9442,69
9443,69
9444,69
9445,69
9446,69
9447,69
9448,69
9449,69
9450,69
9451,69
9452,69
9453,69
9454,69
9455,69
9456,69
9457,69
9458,69
9459,69
9460,69
9461,69
9462,69
9463,69
9464,69
9465,69
9466,69
9467,69
9468,69
9469,69
9470,69
9471,69
9472,69
9473,69
9474,69
9475,69
9476,69
9477,69
9478,69
9479,69
9480,69
9481,69
9482,69
9483,69
9484,69
9485,69
9486,69
9487,69
9488,69
9489,69
9490,69
9491,69
9492,69
9493,69
9494,69
9495,69
9496,69
9497,69
9498,69
9499,69
9500,69
9501,69
9502,69
9503,69
9504,69
9505,69
9506,69
9507,69
9508,69
9509,69
9510,69
9511,69
9512,69
9513,69
9514,69
9515,69
9516,69
9517,69
9518,69
9519,69
9520,69
9521,69
9522,69
9523,69
9524,69
9525,69
9526,69
9527,69
9528,69
9529,69
9530,69
9531,69
9532,69
9533,69
9534,69
9535,69
9536,69
9537,69
9538,69
9539,69
9540,69
9541,69
9542,69
9543,69
9544,69
9545,69
9546,69
9547,69
9548,69
9549,69
9550,69
9551,69
9552,69
9553,69
9554,69
9555,69
9556,69
9557,69
9558,69
9559,69
9560,69
9561,69
9562,69
9563,69
9564,69
9565,69
9566,69
9567,69
9568,69
9569,69
9570,69
9571,69
9572,69
9573,69
9574,69
9575,69
9576,69
9577,69
9578,69
9579,69
9580,69
9581,69
9582,69
9583,69
9584,69
9585,69
9586,69
9587,69
9588,69
9589,69
9590,69
9591,69
9592,69
9593,69
9594,69
9595,69
9596,69
9597,69
9598,69
9599,69
9600,69
9601,69
9602,69
9603,69
9604,69
9605,69
9606,69
9607,69
9608,69
9609,69
9610,69
9611,69
9612,69
9613,69
9614,69
9615,69
9616,69
9617,69
9618,69
9619,69
9620,69
9621,69
9622,69
9623,69
9624,69
9625,69
9626,69
9627,69
9628,69
9629,69
9630,69
9631,69
9632,69
9633,69
9634,69
9635,69
9636,69
9637,69
9638,69
9639,69
9640,69
9641,69
9642,69
9643,69
9644,69
9645,69
9646,69
9647,69
9648,69
9649,69
9650,69
9651,69
9652,69
9653,69
9654,69
9655,69
9656,69
9657,69
9658,69
9659,69
9660,69
9661,69
9662,69
9663,69
9664,69
9665,69
9666,69
9667,69
9668,69
9669,69
9670,69
9671,69
9672,69
9673,69
9674,69
9675,69
9676,69
9677,69
9678,69
9679,69
9680,69
9681,69
9682,69
9683,69
9684,69
9685,69
9686,69
9687,69
9688,69
9689,69
9690,69
9691,69
9692,69
9693,69
9694,69
9695,69
9696,69
9697,69
9698,69
9699,69
9700,69
9701,69
9702,69
9703,69
9704,69
9705,69
9706,69
9707,69
9708,69
9709,69
9710,69
9711,69
9712,69
9713,69
9714,69
9715,69
9716,69
9717,69
9718,69
9719,69
9720,69
9721,69
9722,69
9723,69
9724,69
9725,69
9726,69
9727,69
9728,69
9729,69
9730,69
9731,69
9732,69
9733,69
9734,69
9735,69
9736,69
9737,69
9738,69
9739,69
9740,69
9741,69
9742,69
9743,69
9744,69
9745,69
9746,69
9747,69
9748,69
9749,69
9750,69
9751,69
9752,69
9753,69
9754,69
9755,69
9756,69
9757,69
9758,69
9759,69
9760,69
9761,69
9762,69
9763,69
9764,69
9765,69
9766,69
9767,69
9768,69
9769,69
9770,69
9771,69
9772,69
9773,69
9774,69
9775,69
9776,69
9777,69
9778,69
9779,69
9780,69
9781,69
9782,69
9783,69
9784,69
9785,69
9786,69
9787,69
9788,69
9789,69
9790,69
9791,69
9792,69
9793,69
9794,69
9795,69
9796,69
9797,69
9798,69
9799,69
9800,69
9801,69
9802,69
9803,69
9804,69
9805,69
9806,69
9807,69
9808,69
9809,69
9810,69
9811,69
9812,69
9813,69
9814,69
9815,69
9816,69
9817,69
9818,69
9819,69
9820,69
9821,69
9822,69
9823,69
9824,69
9825,69
9826,69
9827,69
9828,69
9829,69
9830,69
9831,69
9832,69
9833,69
9834,69
9835,69
9836,69
9837,69
9838,69
9839,69
9840,69
9841,69
9842,69
9843,69
9844,69
9845,69
9846,69
9847,69
9848,69
9849,69
9850,69
9851,69
9852,69
9853,69
9854,69
9855,69
9856,69
9857,69
9858,69
9859,69
9860,69
9861,69
9862,69
9863,69
9864,69
9865,69
9866,69
9867,69
9868,69
9869,69
9870,69
9871,69
9872,69
9873,69
9874,69
9875,69
9876,69
9877,69
9878,69
9879,69
9880,69
9881,69
9882,69
9883,69
9884,69
9885,69
9886,69
9887,69
9888,69
9889,69
9890,69
9891,69
9892,69
9893,69
9894,69
9895,69
9896,69
9897,69
9898,69
9899,69
9900,69
9901,69
9902,69
9903,69
9904,69
9905,69
9906,69
9907,69
9908,69
9909,69
9910,69
9911,69
9912,69
9913,69
9914,69
9915,69
9916,69
9917,69
9918,69
9919,69
9920,69
9921,69
9922,69
9923,69
9924,69
9925,69
9926,69
9927,69
9928,69
9929,69
9930,69
9931,69
9932,69
9933,69
9934,69
9935,69
9936,69
9937,69
9938,69
9939,69
9940,69
9941,69
9942,69
9943,69
9944,69
9945,69
9946,69
9947,69
9948,69
9949,69
9950,69
9951,69
9952,69
9953,69
9954,69
9955,69
9956,69
9957,69
9958,69
9959,69
9960,69
9961,69
9962,69
9963,69
9964,69
9965,69
9966,69
9967,69
9968,69
9969,69
9970,69
9971,69
9972,69
9973,69
9974,69
9975,69
9976,69
9977,69
9978,69
9979,69
9980,69
9981,69
9982,69
9983,69
9984,69
9985,69
9986,69
9987,69
9988,69
9989,69
9990,69
9991,69
9992,69
9993,69
9994,69
9995,69
9996,69
9997,69
9998,69
9999,69
