,pso
0,300
1,300
2,300
3,300
4,300
5,300
6,300
7,300
8,300
9,300
10,300
11,300
12,300
13,300
14,300
15,300
16,300
17,300
18,300
19,300
20,300
21,300
22,300
23,300
24,300
25,300
26,300
27,300
28,300
29,300
30,300
31,300
32,300
33,300
34,300
35,300
36,300
37,300
38,300
39,300
40,300
41,300
42,300
43,300
44,300
45,300
46,300
47,300
48,300
49,300
50,300
51,300
52,300
53,300
54,300
55,300
56,300
57,300
58,300
59,300
60,300
61,300
62,300
63,300
64,300
65,300
66,300
67,300
68,300
69,300
70,300
71,300
72,300
73,300
74,300
75,300
76,300
77,300
78,300
79,300
80,300
81,300
82,300
83,300
84,300
85,300
86,300
87,300
88,300
89,300
90,300
91,300
92,300
93,300
94,300
95,300
96,300
97,300
98,300
99,300
100,300
101,300
102,300
103,300
104,300
105,300
106,300
107,300
108,300
109,300
110,300
111,300
112,300
113,300
114,300
115,300
116,300
117,300
118,300
119,300
120,300
121,300
122,300
123,300
124,300
125,300
126,300
127,300
128,300
129,300
130,300
131,300
132,300
133,300
134,300
135,300
136,300
137,300
138,300
139,300
140,300
141,300
142,300
143,300
144,300
145,300
146,300
147,300
148,300
149,300
150,300
151,300
152,300
153,300
154,300
155,300
156,300
157,300
158,300
159,300
160,300
161,300
162,300
163,300
164,300
165,300
166,300
167,300
168,300
169,300
170,300
171,300
172,300
173,300
174,300
175,300
176,300
177,300
178,300
179,300
180,300
181,300
182,300
183,300
184,300
185,300
186,300
187,300
188,300
189,300
190,300
191,300
192,300
193,300
194,300
195,300
196,300
197,300
198,300
199,300
200,300
201,300
202,300
203,300
204,300
205,300
206,300
207,300
208,300
209,300
210,300
211,300
212,300
213,300
214,300
215,300
216,300
217,300
218,300
219,300
220,300
221,300
222,300
223,300
224,300
225,300
226,300
227,300
228,300
229,300
230,300
231,300
232,300
233,300
234,300
235,300
236,300
237,300
238,300
239,300
240,300
241,300
242,300
243,300
244,300
245,300
246,300
247,300
248,300
249,300
250,300
251,300
252,300
253,300
254,300
255,300
256,300
257,300
258,300
259,300
260,300
261,300
262,300
263,300
264,300
265,300
266,300
267,300
268,300
269,300
270,300
271,300
272,300
273,300
274,300
275,300
276,300
277,300
278,300
279,300
280,300
281,300
282,300
283,300
284,300
285,300
286,300
287,300
288,300
289,300
290,300
291,300
292,300
293,300
294,300
295,300
296,300
297,300
298,300
299,300
300,300
301,300
302,300
303,300
304,300
305,300
306,300
307,300
308,300
309,300
310,300
311,300
312,300
313,300
314,300
315,300
316,300
317,300
318,300
319,300
320,300
321,300
322,300
323,300
324,300
325,300
326,300
327,300
328,300
329,300
330,300
331,300
332,300
333,300
334,300
335,300
336,300
337,300
338,300
339,300
340,300
341,300
342,300
343,300
344,300
345,300
346,300
347,300
348,300
349,300
350,300
351,300
352,300
353,300
354,300
355,300
356,300
357,300
358,300
359,300
360,300
361,300
362,300
363,300
364,300
365,300
366,300
367,300
368,300
369,300
370,300
371,300
372,300
373,300
374,300
375,300
376,300
377,300
378,300
379,300
380,300
381,300
382,300
383,300
384,300
385,300
386,300
387,300
388,300
389,300
390,300
391,300
392,300
393,300
394,300
395,300
396,300
397,300
398,300
399,300
400,300
401,300
402,300
403,300
404,300
405,300
406,300
407,300
408,300
409,300
410,300
411,300
412,300
413,300
414,300
415,300
416,300
417,300
418,300
419,300
420,300
421,300
422,300
423,300
424,300
425,300
426,300
427,300
428,300
429,300
430,300
431,300
432,300
433,300
434,300
435,300
436,300
437,300
438,300
439,300
440,300
441,300
442,300
443,300
444,300
445,300
446,300
447,300
448,300
449,300
450,300
451,300
452,300
453,300
454,300
455,300
456,300
457,300
458,300
459,300
460,300
461,300
462,300
463,300
464,300
465,300
466,300
467,300
468,300
469,300
470,300
471,300
472,300
473,300
474,300
475,300
476,300
477,300
478,300
479,300
480,300
481,300
482,300
483,300
484,300
485,300
486,300
487,300
488,300
489,300
490,300
491,300
492,300
493,300
494,300
495,300
496,300
497,300
498,300
499,300
500,300
501,300
502,300
503,300
504,300
505,300
506,300
507,300
508,300
509,300
510,300
511,300
512,300
513,300
514,300
515,300
516,300
517,300
518,300
519,300
520,300
521,300
522,300
523,300
524,300
525,300
526,300
527,300
528,300
529,300
530,300
531,300
532,300
533,300
534,300
535,300
536,300
537,300
538,300
539,300
540,300
541,300
542,300
543,300
544,300
545,300
546,300
547,300
548,300
549,300
550,300
551,300
552,300
553,300
554,300
555,300
556,300
557,300
558,300
559,300
560,300
561,300
562,300
563,300
564,300
565,300
566,300
567,300
568,300
569,300
570,300
571,300
572,300
573,300
574,300
575,300
576,300
577,300
578,300
579,300
580,300
581,300
582,300
583,300
584,300
585,300
586,300
587,300
588,300
589,300
590,300
591,300
592,300
593,300
594,300
595,300
596,300
597,300
598,300
599,300
600,300
601,300
602,300
603,300
604,300
605,300
606,300
607,300
608,300
609,300
610,300
611,300
612,300
613,300
614,300
615,300
616,300
617,300
618,300
619,300
620,300
621,300
622,300
623,300
624,300
625,300
626,300
627,300
628,300
629,300
630,300
631,300
632,300
633,300
634,300
635,300
636,300
637,300
638,300
639,300
640,300
641,300
642,300
643,300
644,300
645,300
646,300
647,300
648,300
649,300
650,300
651,300
652,300
653,300
654,300
655,300
656,300
657,300
658,300
659,300
660,300
661,300
662,300
663,300
664,300
665,300
666,300
667,300
668,300
669,300
670,300
671,300
672,300
673,300
674,300
675,300
676,300
677,300
678,300
679,300
680,300
681,300
682,300
683,300
684,300
685,300
686,300
687,300
688,300
689,300
690,300
691,300
692,300
693,300
694,300
695,300
696,300
697,300
698,300
699,300
700,300
701,300
702,300
703,300
704,300
705,300
706,300
707,300
708,300
709,300
710,300
711,300
712,300
713,300
714,300
715,300
716,300
717,300
718,300
719,300
720,300
721,300
722,300
723,300
724,300
725,300
726,300
727,300
728,300
729,300
730,300
731,300
732,300
733,300
734,300
735,300
736,300
737,300
738,300
739,300
740,300
741,300
742,300
743,300
744,300
745,300
746,300
747,300
748,300
749,300
750,300
751,300
752,300
753,300
754,300
755,300
756,300
757,300
758,300
759,300
760,300
761,300
762,300
763,300
764,300
765,300
766,300
767,300
768,300
769,300
770,300
771,300
772,300
773,300
774,300
775,300
776,300
777,300
778,300
779,300
780,300
781,300
782,300
783,300
784,300
785,300
786,300
787,300
788,300
789,300
790,300
791,300
792,300
793,300
794,300
795,300
796,300
797,300
798,300
799,300
800,300
801,300
802,300
803,300
804,300
805,300
806,300
807,300
808,300
809,300
810,300
811,300
812,300
813,300
814,300
815,300
816,300
817,300
818,300
819,300
820,300
821,300
822,300
823,300
824,300
825,300
826,300
827,300
828,300
829,300
830,300
831,300
832,300
833,300
834,300
835,300
836,300
837,300
838,300
839,300
840,300
841,300
842,300
843,300
844,300
845,300
846,300
847,300
848,300
849,300
850,300
851,300
852,300
853,300
854,300
855,300
856,300
857,300
858,300
859,300
860,300
861,300
862,300
863,300
864,300
865,300
866,300
867,300
868,300
869,300
870,300
871,300
872,300
873,300
874,300
875,300
876,300
877,300
878,300
879,300
880,300
881,300
882,300
883,300
884,300
885,300
886,300
887,300
888,300
889,300
890,300
891,300
892,300
893,300
894,300
895,300
896,300
897,300
898,300
899,300
900,300
901,300
902,300
903,300
904,300
905,300
906,300
907,300
908,300
909,300
910,300
911,300
912,300
913,300
914,300
915,300
916,300
917,300
918,300
919,300
920,300
921,300
922,300
923,300
924,300
925,300
926,300
927,300
928,300
929,300
930,300
931,300
932,300
933,300
934,300
935,300
936,300
937,300
938,300
939,300
940,300
941,300
942,300
943,300
944,300
945,300
946,300
947,300
948,300
949,300
950,300
951,300
952,300
953,300
954,300
955,300
956,300
957,300
958,300
959,300
960,300
961,300
962,300
963,300
964,300
965,300
966,300
967,300
968,300
969,300
970,300
971,300
972,300
973,300
974,300
975,300
976,300
977,300
978,300
979,300
980,300
981,300
982,300
983,300
984,300
985,300
986,300
987,300
988,300
989,300
990,300
991,300
992,300
993,300
994,300
995,300
996,300
997,300
998,300
999,300
1000,300
1001,300
1002,300
1003,300
1004,300
1005,300
1006,300
1007,300
1008,300
1009,300
1010,300
1011,300
1012,300
1013,300
1014,300
1015,300
1016,300
1017,300
1018,300
1019,300
1020,300
1021,300
1022,300
1023,300
1024,300
1025,300
1026,300
1027,300
1028,300
1029,300
1030,300
1031,300
1032,300
1033,300
1034,300
1035,300
1036,300
1037,300
1038,300
1039,300
1040,300
1041,300
1042,300
1043,300
1044,300
1045,300
1046,300
1047,300
1048,300
1049,300
1050,300
1051,300
1052,300
1053,300
1054,300
1055,300
1056,300
1057,300
1058,300
1059,300
1060,300
1061,300
1062,300
1063,300
1064,300
1065,300
1066,300
1067,300
1068,300
1069,300
1070,300
1071,300
1072,300
1073,300
1074,300
1075,300
1076,300
1077,300
1078,300
1079,300
1080,300
1081,300
1082,300
1083,300
1084,300
1085,300
1086,300
1087,300
1088,300
1089,300
1090,300
1091,300
1092,300
1093,300
1094,300
1095,300
1096,300
1097,300
1098,300
1099,300
1100,300
1101,300
1102,300
1103,300
1104,300
1105,300
1106,300
1107,300
1108,300
1109,300
1110,300
1111,300
1112,300
1113,300
1114,300
1115,300
1116,300
1117,300
1118,300
1119,300
1120,300
1121,300
1122,300
1123,300
1124,300
1125,300
1126,300
1127,300
1128,300
1129,300
1130,300
1131,300
1132,300
1133,300
1134,300
1135,300
1136,300
1137,300
1138,300
1139,300
1140,300
1141,300
1142,300
1143,300
1144,300
1145,300
1146,300
1147,300
1148,300
1149,300
1150,300
1151,300
1152,300
1153,300
1154,300
1155,300
1156,300
1157,300
1158,300
1159,300
1160,300
1161,300
1162,300
1163,300
1164,300
1165,300
1166,300
1167,300
1168,300
1169,300
1170,300
1171,300
1172,300
1173,300
1174,300
1175,300
1176,300
1177,300
1178,300
1179,300
1180,300
1181,300
1182,300
1183,300
1184,300
1185,300
1186,300
1187,300
1188,300
1189,300
1190,300
1191,300
1192,300
1193,300
1194,300
1195,300
1196,300
1197,300
1198,300
1199,300
1200,300
1201,300
1202,300
1203,300
1204,300
1205,300
1206,300
1207,300
1208,300
1209,300
1210,300
1211,300
1212,300
1213,300
1214,300
1215,300
1216,300
1217,300
1218,300
1219,300
1220,300
1221,300
1222,300
1223,300
1224,300
1225,300
1226,300
1227,300
1228,300
1229,300
1230,300
1231,300
1232,300
1233,300
1234,300
1235,300
1236,300
1237,300
1238,300
1239,300
1240,300
1241,300
1242,300
1243,300
1244,300
1245,300
1246,300
1247,300
1248,300
1249,300
1250,300
1251,300
1252,300
1253,300
1254,300
1255,300
1256,300
1257,300
1258,300
1259,300
1260,300
1261,300
1262,300
1263,300
1264,300
1265,300
1266,300
1267,300
1268,300
1269,300
1270,300
1271,300
1272,300
1273,300
1274,300
1275,300
1276,300
1277,300
1278,300
1279,300
1280,300
1281,300
1282,300
1283,300
1284,300
1285,300
1286,300
1287,300
1288,300
1289,300
1290,300
1291,300
1292,300
1293,300
1294,300
1295,300
1296,300
1297,300
1298,300
1299,300
1300,300
1301,300
1302,300
1303,300
1304,300
1305,300
1306,300
1307,300
1308,300
1309,300
1310,300
1311,300
1312,300
1313,300
1314,300
1315,300
1316,300
1317,300
1318,300
1319,300
1320,300
1321,300
1322,300
1323,300
1324,300
1325,300
1326,300
1327,300
1328,300
1329,300
1330,300
1331,300
1332,300
1333,300
1334,300
1335,300
1336,300
1337,300
1338,300
1339,300
1340,300
1341,300
1342,300
1343,300
1344,300
1345,300
1346,300
1347,300
1348,300
1349,300
1350,300
1351,300
1352,300
1353,300
1354,300
1355,300
1356,300
1357,300
1358,300
1359,300
1360,300
1361,300
1362,300
1363,300
1364,300
1365,300
1366,300
1367,300
1368,300
1369,300
1370,300
1371,300
1372,300
1373,300
1374,300
1375,300
1376,300
1377,300
1378,300
1379,300
1380,300
1381,300
1382,300
1383,300
1384,300
1385,300
1386,300
1387,300
1388,300
1389,300
1390,300
1391,300
1392,300
1393,300
1394,300
1395,300
1396,300
1397,300
1398,300
1399,300
1400,300
1401,300
1402,300
1403,300
1404,300
1405,300
1406,300
1407,300
1408,300
1409,300
1410,300
1411,300
1412,300
1413,300
1414,300
1415,300
1416,300
1417,300
1418,300
1419,300
1420,300
1421,300
1422,300
1423,300
1424,300
1425,300
1426,300
1427,300
1428,300
1429,300
1430,300
1431,300
1432,300
1433,300
1434,300
1435,300
1436,300
1437,300
1438,300
1439,300
1440,300
1441,300
1442,300
1443,300
1444,300
1445,300
1446,300
1447,300
1448,300
1449,300
1450,300
1451,300
1452,300
1453,300
1454,300
1455,300
1456,300
1457,300
1458,300
1459,300
1460,300
1461,300
1462,300
1463,300
1464,300
1465,300
1466,300
1467,300
1468,300
1469,300
1470,300
1471,300
1472,300
1473,300
1474,300
1475,300
1476,300
1477,300
1478,300
1479,300
1480,300
1481,300
1482,300
1483,300
1484,300
1485,300
1486,300
1487,300
1488,300
1489,300
1490,300
1491,300
1492,300
1493,300
1494,300
1495,300
1496,300
1497,300
1498,300
1499,300
1500,300
1501,300
1502,300
1503,300
1504,300
1505,300
1506,300
1507,300
1508,300
1509,300
1510,300
1511,300
1512,300
1513,300
1514,300
1515,300
1516,300
1517,300
1518,300
1519,300
1520,300
1521,300
1522,300
1523,300
1524,300
1525,300
1526,300
1527,300
1528,300
1529,300
1530,300
1531,300
1532,300
1533,300
1534,300
1535,300
1536,300
1537,300
1538,300
1539,300
1540,300
1541,300
1542,300
1543,300
1544,300
1545,300
1546,300
1547,300
1548,300
1549,300
1550,300
1551,300
1552,300
1553,300
1554,300
1555,300
1556,300
1557,300
1558,300
1559,300
1560,300
1561,300
1562,300
1563,300
1564,300
1565,300
1566,300
1567,300
1568,300
1569,300
1570,300
1571,300
1572,300
1573,300
1574,300
1575,300
1576,300
1577,300
1578,300
1579,300
1580,300
1581,300
1582,300
1583,300
1584,300
1585,300
1586,300
1587,300
1588,300
1589,300
1590,300
1591,300
1592,300
1593,300
1594,300
1595,300
1596,300
1597,300
1598,300
1599,300
1600,300
1601,300
1602,300
1603,300
1604,300
1605,300
1606,300
1607,300
1608,300
1609,300
1610,300
1611,300
1612,300
1613,300
1614,300
1615,300
1616,300
1617,300
1618,300
1619,300
1620,300
1621,300
1622,300
1623,300
1624,300
1625,300
1626,300
1627,300
1628,300
1629,300
1630,300
1631,300
1632,300
1633,300
1634,300
1635,300
1636,300
1637,300
1638,300
1639,300
1640,300
1641,300
1642,300
1643,300
1644,300
1645,300
1646,300
1647,300
1648,300
1649,300
1650,300
1651,300
1652,300
1653,300
1654,300
1655,300
1656,300
1657,300
1658,300
1659,300
1660,300
1661,300
1662,300
1663,300
1664,300
1665,300
1666,300
1667,300
1668,300
1669,300
1670,300
1671,300
1672,300
1673,300
1674,300
1675,300
1676,300
1677,300
1678,300
1679,300
1680,300
1681,300
1682,300
1683,300
1684,300
1685,300
1686,300
1687,300
1688,300
1689,300
1690,300
1691,300
1692,300
1693,300
1694,300
1695,300
1696,300
1697,300
1698,300
1699,300
1700,300
1701,300
1702,300
1703,300
1704,300
1705,300
1706,300
1707,300
1708,300
1709,300
1710,300
1711,300
1712,300
1713,300
1714,300
1715,300
1716,300
1717,300
1718,300
1719,300
1720,300
1721,300
1722,300
1723,300
1724,300
1725,300
1726,300
1727,300
1728,300
1729,300
1730,300
1731,300
1732,300
1733,300
1734,300
1735,300
1736,300
1737,300
1738,300
1739,300
1740,300
1741,300
1742,300
1743,300
1744,300
1745,300
1746,300
1747,300
1748,300
1749,300
1750,300
1751,300
1752,300
1753,300
1754,300
1755,300
1756,300
1757,300
1758,300
1759,300
1760,300
1761,300
1762,300
1763,300
1764,300
1765,300
1766,300
1767,300
1768,300
1769,300
1770,300
1771,300
1772,300
1773,300
1774,300
1775,300
1776,300
1777,300
1778,300
1779,300
1780,300
1781,300
1782,300
1783,300
1784,300
1785,300
1786,300
1787,300
1788,300
1789,300
1790,300
1791,300
1792,300
1793,300
1794,299
1795,299
1796,299
1797,299
1798,299
1799,299
1800,298
1801,298
1802,297
1803,296
1804,296
1805,295
1806,295
1807,295
1808,294
1809,294
1810,294
1811,293
1812,292
1813,292
1814,292
1815,291
1816,291
1817,291
1818,290
1819,290
1820,290
1821,289
1822,289
1823,288
1824,288
1825,288
1826,287
1827,286
1828,285
1829,282
1830,281
1831,280
1832,278
1833,277
1834,276
1835,274
1836,272
1837,271
1838,270
1839,269
1840,268
1841,267
1842,265
1843,264
1844,263
1845,262
1846,261
1847,260
1848,259
1849,258
1850,256
1851,255
1852,254
1853,253
1854,252
1855,251
1856,250
1857,249
1858,246
1859,244
1860,243
1861,243
1862,243
1863,243
1864,243
1865,243
1866,243
1867,243
1868,243
1869,243
1870,243
1871,243
1872,243
1873,243
1874,243
1875,243
1876,243
1877,243
1878,243
1879,243
1880,243
1881,243
1882,243
1883,243
1884,243
1885,243
1886,243
1887,243
1888,243
1889,243
1890,243
1891,243
1892,243
1893,243
1894,243
1895,243
1896,243
1897,243
1898,243
1899,243
1900,243
1901,243
1902,243
1903,243
1904,243
1905,243
1906,243
1907,243
1908,243
1909,243
1910,243
1911,243
1912,243
1913,243
1914,243
1915,243
1916,243
1917,243
1918,243
1919,243
1920,243
1921,243
1922,243
1923,243
1924,243
1925,243
1926,243
1927,243
1928,243
1929,243
1930,243
1931,243
1932,243
1933,243
1934,243
1935,243
1936,243
1937,243
1938,243
1939,243
1940,243
1941,243
1942,243
1943,243
1944,243
1945,243
1946,243
1947,243
1948,243
1949,243
1950,243
1951,243
1952,243
1953,243
1954,243
1955,243
1956,243
1957,243
1958,243
1959,243
1960,243
1961,243
1962,243
1963,243
1964,243
1965,243
1966,243
1967,243
1968,243
1969,243
1970,243
1971,243
1972,243
1973,243
1974,243
1975,243
1976,243
1977,243
1978,243
1979,243
1980,243
1981,243
1982,243
1983,243
1984,243
1985,243
1986,243
1987,243
1988,243
1989,243
1990,243
1991,243
1992,243
1993,243
1994,243
1995,243
1996,243
1997,243
1998,243
1999,243
2000,243
2001,243
2002,243
2003,243
2004,243
2005,243
2006,243
2007,243
2008,243
2009,243
2010,243
2011,243
2012,243
2013,243
2014,243
2015,243
2016,243
2017,243
2018,243
2019,243
2020,243
2021,243
2022,243
2023,243
2024,243
2025,243
2026,243
2027,243
2028,243
2029,243
2030,243
2031,243
2032,243
2033,243
2034,243
2035,243
2036,243
2037,243
2038,243
2039,243
2040,243
2041,243
2042,243
2043,243
2044,243
2045,243
2046,243
2047,243
2048,243
2049,243
2050,243
2051,243
2052,243
2053,243
2054,243
2055,243
2056,243
2057,243
2058,243
2059,243
2060,243
2061,243
2062,243
2063,243
2064,243
2065,243
2066,243
2067,243
2068,243
2069,243
2070,243
2071,243
2072,243
2073,243
2074,243
2075,243
2076,243
2077,243
2078,243
2079,243
2080,243
2081,243
2082,243
2083,243
2084,243
2085,243
2086,243
2087,243
2088,243
2089,243
2090,243
2091,243
2092,243
2093,243
2094,243
2095,243
2096,243
2097,243
2098,243
2099,243
2100,243
2101,243
2102,243
2103,243
2104,243
2105,243
2106,243
2107,243
2108,243
2109,243
2110,243
2111,243
2112,243
2113,243
2114,243
2115,243
2116,243
2117,243
2118,243
2119,243
2120,243
2121,243
2122,243
2123,243
2124,243
2125,243
2126,243
2127,243
2128,243
2129,243
2130,243
2131,243
2132,243
2133,243
2134,243
2135,243
2136,243
2137,243
2138,243
2139,243
2140,243
2141,243
2142,243
2143,243
2144,243
2145,243
2146,243
2147,243
2148,243
2149,243
2150,243
2151,243
2152,243
2153,243
2154,243
2155,243
2156,243
2157,243
2158,243
2159,243
2160,243
2161,243
2162,243
2163,243
2164,243
2165,243
2166,243
2167,243
2168,243
2169,243
2170,243
2171,243
2172,243
2173,243
2174,243
2175,243
2176,243
2177,243
2178,243
2179,243
2180,243
2181,243
2182,243
2183,243
2184,243
2185,243
2186,243
2187,243
2188,243
2189,243
2190,243
2191,243
2192,243
2193,243
2194,243
2195,243
2196,243
2197,243
2198,243
2199,243
2200,243
2201,243
2202,243
2203,243
2204,243
2205,243
2206,243
2207,243
2208,243
2209,243
2210,243
2211,243
2212,243
2213,243
2214,243
2215,243
2216,243
2217,243
2218,243
2219,243
2220,243
2221,243
2222,243
2223,243
2224,243
2225,243
2226,243
2227,243
2228,243
2229,243
2230,243
2231,243
2232,243
2233,243
2234,243
2235,243
2236,243
2237,243
2238,243
2239,243
2240,243
2241,243
2242,243
2243,243
2244,243
2245,243
2246,243
2247,243
2248,243
2249,243
2250,243
2251,243
2252,243
2253,243
2254,243
2255,243
2256,243
2257,243
2258,243
2259,243
2260,243
2261,243
2262,243
2263,243
2264,243
2265,243
2266,243
2267,243
2268,243
2269,243
2270,243
2271,243
2272,243
2273,243
2274,243
2275,243
2276,243
2277,243
2278,243
2279,243
2280,243
2281,243
2282,243
2283,243
2284,243
2285,243
2286,243
2287,243
2288,243
2289,243
2290,243
2291,243
2292,243
2293,243
2294,243
2295,243
2296,243
2297,243
2298,243
2299,243
2300,243
2301,243
2302,243
2303,243
2304,243
2305,243
2306,243
2307,243
2308,243
2309,243
2310,243
2311,243
2312,243
2313,243
2314,243
2315,243
2316,243
2317,243
2318,243
2319,243
2320,243
2321,243
2322,243
2323,243
2324,243
2325,243
2326,243
2327,243
2328,243
2329,243
2330,243
2331,243
2332,243
2333,243
2334,243
2335,243
2336,243
2337,243
2338,243
2339,243
2340,243
2341,243
2342,243
2343,243
2344,243
2345,243
2346,243
2347,243
2348,243
2349,243
2350,243
2351,243
2352,243
2353,243
2354,243
2355,243
2356,243
2357,243
2358,243
2359,243
2360,243
2361,243
2362,243
2363,243
2364,243
2365,243
2366,243
2367,243
2368,243
2369,243
2370,243
2371,243
2372,243
2373,243
2374,243
2375,243
2376,243
2377,243
2378,243
2379,243
2380,243
2381,243
2382,243
2383,243
2384,243
2385,243
2386,243
2387,243
2388,243
2389,243
2390,243
2391,243
2392,243
2393,243
2394,243
2395,243
2396,243
2397,243
2398,243
2399,243
2400,243
2401,243
2402,243
2403,243
2404,243
2405,243
2406,243
2407,243
2408,243
2409,243
2410,243
2411,243
2412,243
2413,243
2414,243
2415,243
2416,243
2417,243
2418,243
2419,243
2420,243
2421,243
2422,243
2423,243
2424,243
2425,243
2426,243
2427,243
2428,243
2429,243
2430,243
2431,243
2432,243
2433,243
2434,243
2435,243
2436,243
2437,243
2438,243
2439,243
2440,243
2441,243
2442,243
2443,243
2444,243
2445,243
2446,243
2447,243
2448,243
2449,243
2450,243
2451,243
2452,243
2453,243
2454,243
2455,243
2456,243
2457,243
2458,243
2459,243
2460,243
2461,243
2462,243
2463,243
2464,243
2465,243
2466,243
2467,243
2468,243
2469,243
2470,243
2471,243
2472,243
2473,243
2474,243
2475,243
2476,243
2477,243
2478,243
2479,243
2480,243
2481,243
2482,243
2483,243
2484,243
2485,243
2486,243
2487,243
2488,243
2489,243
2490,243
2491,243
2492,243
2493,243
2494,243
2495,243
2496,243
2497,243
2498,243
2499,243
