,pso
0,300
1,300
2,300
3,300
4,300
5,300
6,300
7,300
8,300
9,300
10,300
11,300
12,300
13,300
14,300
15,300
16,300
17,300
18,300
19,300
20,300
21,300
22,300
23,300
24,300
25,300
26,300
27,300
28,300
29,300
30,300
31,300
32,300
33,300
34,300
35,300
36,300
37,300
38,300
39,300
40,300
41,300
42,300
43,300
44,300
45,300
46,300
47,300
48,300
49,300
50,300
51,300
52,300
53,300
54,300
55,300
56,300
57,300
58,300
59,300
60,300
61,300
62,300
63,300
64,300
65,300
66,300
67,300
68,300
69,300
70,300
71,300
72,300
73,300
74,300
75,300
76,300
77,300
78,300
79,300
80,300
81,300
82,300
83,300
84,300
85,300
86,300
87,300
88,300
89,300
90,300
91,300
92,300
93,300
94,300
95,300
96,300
97,300
98,300
99,300
100,300
101,300
102,300
103,300
104,300
105,300
106,300
107,300
108,300
109,300
110,300
111,300
112,300
113,300
114,300
115,300
116,300
117,300
118,300
119,300
120,300
121,300
122,300
123,300
124,300
125,300
126,300
127,300
128,300
129,300
130,300
131,300
132,300
133,300
134,300
135,300
136,300
137,300
138,300
139,300
140,300
141,300
142,300
143,300
144,300
145,300
146,300
147,300
148,300
149,300
150,300
151,300
152,300
153,300
154,300
155,300
156,300
157,300
158,300
159,300
160,300
161,300
162,300
163,300
164,300
165,300
166,300
167,300
168,300
169,300
170,300
171,300
172,300
173,300
174,300
175,300
176,300
177,300
178,300
179,300
180,300
181,300
182,300
183,300
184,300
185,300
186,300
187,300
188,300
189,300
190,300
191,300
192,300
193,300
194,300
195,300
196,300
197,300
198,300
199,300
200,300
201,300
202,300
203,300
204,300
205,300
206,300
207,300
208,300
209,300
210,300
211,300
212,300
213,300
214,300
215,300
216,300
217,300
218,300
219,300
220,300
221,300
222,300
223,300
224,300
225,300
226,300
227,300
228,300
229,300
230,300
231,300
232,300
233,300
234,300
235,300
236,300
237,300
238,300
239,300
240,300
241,300
242,300
243,300
244,300
245,300
246,300
247,300
248,300
249,300
250,300
251,300
252,300
253,300
254,300
255,300
256,300
257,300
258,300
259,300
260,300
261,300
262,300
263,300
264,300
265,300
266,300
267,300
268,300
269,300
270,300
271,300
272,300
273,300
274,300
275,300
276,300
277,300
278,300
279,300
280,300
281,300
282,300
283,300
284,300
285,300
286,300
287,300
288,300
289,300
290,300
291,300
292,300
293,300
294,300
295,300
296,300
297,300
298,300
299,300
300,300
301,300
302,300
303,300
304,300
305,300
306,300
307,300
308,300
309,300
310,300
311,300
312,300
313,300
314,300
315,300
316,300
317,300
318,300
319,300
320,300
321,300
322,300
323,300
324,300
325,300
326,300
327,300
328,300
329,300
330,300
331,300
332,300
333,300
334,300
335,300
336,300
337,300
338,300
339,300
340,300
341,300
342,300
343,300
344,300
345,300
346,300
347,300
348,300
349,300
350,300
351,300
352,300
353,300
354,300
355,300
356,300
357,300
358,300
359,300
360,300
361,300
362,300
363,300
364,300
365,300
366,300
367,300
368,300
369,300
370,300
371,300
372,300
373,300
374,300
375,300
376,300
377,300
378,300
379,300
380,300
381,300
382,300
383,300
384,300
385,300
386,300
387,300
388,300
389,300
390,300
391,300
392,300
393,300
394,300
395,300
396,300
397,300
398,300
399,300
400,300
401,300
402,300
403,300
404,300
405,300
406,300
407,300
408,300
409,300
410,300
411,300
412,300
413,300
414,300
415,300
416,300
417,300
418,300
419,300
420,300
421,300
422,300
423,300
424,300
425,300
426,300
427,300
428,300
429,300
430,300
431,300
432,300
433,300
434,300
435,300
436,300
437,300
438,300
439,300
440,300
441,300
442,300
443,300
444,300
445,300
446,300
447,300
448,300
449,300
450,300
451,300
452,300
453,300
454,300
455,300
456,300
457,300
458,300
459,300
460,300
461,300
462,300
463,300
464,300
465,300
466,300
467,300
468,300
469,300
470,300
471,300
472,300
473,300
474,300
475,300
476,300
477,300
478,300
479,300
480,300
481,300
482,300
483,300
484,300
485,300
486,300
487,300
488,300
489,300
490,300
491,300
492,300
493,300
494,300
495,300
496,300
497,300
498,300
499,300
500,300
501,300
502,300
503,300
504,300
505,300
506,300
507,300
508,300
509,300
510,300
511,300
512,300
513,300
514,300
515,300
516,300
517,300
518,300
519,300
520,300
521,300
522,300
523,300
524,300
525,300
526,300
527,300
528,300
529,300
530,300
531,300
532,300
533,300
534,300
535,300
536,300
537,300
538,300
539,300
540,300
541,300
542,300
543,300
544,300
545,300
546,300
547,300
548,300
549,300
550,300
551,300
552,300
553,300
554,300
555,300
556,300
557,300
558,300
559,300
560,300
561,300
562,300
563,300
564,300
565,300
566,300
567,300
568,300
569,300
570,300
571,300
572,300
573,300
574,300
575,300
576,300
577,300
578,300
579,300
580,300
581,300
582,300
583,300
584,300
585,300
586,300
587,300
588,300
589,300
590,300
591,300
592,300
593,300
594,300
595,300
596,300
597,300
598,300
599,300
600,300
601,300
602,300
603,300
604,300
605,300
606,300
607,300
608,300
609,300
610,300
611,300
612,300
613,300
614,300
615,300
616,300
617,300
618,300
619,300
620,300
621,300
622,300
623,300
624,300
625,300
626,300
627,300
628,300
629,300
630,300
631,300
632,300
633,300
634,300
635,300
636,300
637,300
638,300
639,300
640,300
641,300
642,300
643,300
644,300
645,300
646,300
647,300
648,300
649,300
650,300
651,300
652,300
653,300
654,300
655,300
656,300
657,300
658,300
659,300
660,300
661,300
662,300
663,300
664,300
665,300
666,300
667,300
668,300
669,300
670,300
671,300
672,300
673,300
674,300
675,300
676,300
677,300
678,300
679,300
680,300
681,300
682,300
683,300
684,300
685,300
686,300
687,300
688,300
689,300
690,300
691,300
692,300
693,300
694,300
695,300
696,300
697,300
698,300
699,300
700,300
701,300
702,300
703,300
704,300
705,300
706,300
707,300
708,300
709,300
710,300
711,300
712,300
713,300
714,300
715,300
716,300
717,300
718,300
719,300
720,300
721,300
722,300
723,300
724,300
725,300
726,300
727,300
728,300
729,300
730,300
731,300
732,300
733,300
734,300
735,300
736,300
737,300
738,300
739,300
740,300
741,300
742,300
743,300
744,300
745,300
746,300
747,300
748,300
749,300
750,300
751,300
752,300
753,300
754,300
755,300
756,300
757,300
758,300
759,300
760,300
761,300
762,300
763,300
764,300
765,300
766,300
767,300
768,300
769,300
770,300
771,300
772,300
773,300
774,300
775,300
776,300
777,300
778,300
779,300
780,300
781,300
782,300
783,300
784,300
785,300
786,300
787,300
788,300
789,300
790,300
791,300
792,300
793,300
794,300
795,300
796,300
797,300
798,300
799,300
800,300
801,300
802,300
803,300
804,300
805,300
806,300
807,300
808,300
809,300
810,300
811,300
812,300
813,300
814,300
815,300
816,300
817,300
818,300
819,300
820,300
821,300
822,300
823,300
824,300
825,300
826,300
827,300
828,300
829,300
830,300
831,300
832,300
833,300
834,300
835,300
836,300
837,300
838,300
839,300
840,300
841,300
842,300
843,300
844,300
845,300
846,300
847,300
848,300
849,300
850,300
851,300
852,300
853,300
854,300
855,300
856,300
857,300
858,300
859,300
860,300
861,300
862,300
863,300
864,300
865,300
866,300
867,300
868,300
869,300
870,300
871,300
872,300
873,300
874,300
875,300
876,300
877,300
878,300
879,300
880,300
881,300
882,300
883,300
884,300
885,300
886,300
887,300
888,300
889,300
890,300
891,300
892,300
893,300
894,300
895,300
896,300
897,300
898,300
899,300
900,300
901,300
902,300
903,300
904,300
905,300
906,300
907,300
908,300
909,300
910,300
911,300
912,300
913,300
914,300
915,300
916,300
917,300
918,300
919,300
920,300
921,300
922,300
923,300
924,300
925,300
926,300
927,300
928,300
929,300
930,300
931,300
932,300
933,300
934,300
935,300
936,300
937,300
938,300
939,300
940,300
941,300
942,300
943,300
944,300
945,300
946,300
947,300
948,300
949,300
950,300
951,300
952,300
953,300
954,300
955,300
956,300
957,300
958,300
959,300
960,300
961,300
962,300
963,300
964,300
965,300
966,300
967,300
968,300
969,300
970,300
971,300
972,300
973,300
974,300
975,300
976,300
977,300
978,300
979,300
980,300
981,300
982,300
983,300
984,300
985,300
986,300
987,300
988,300
989,300
990,300
991,300
992,300
993,300
994,300
995,300
996,300
997,300
998,300
999,300
1000,300
1001,300
1002,300
1003,300
1004,300
1005,300
1006,300
1007,300
1008,300
1009,300
1010,300
1011,300
1012,300
1013,300
1014,300
1015,300
1016,300
1017,300
1018,300
1019,300
1020,300
1021,300
1022,300
1023,300
1024,300
1025,300
1026,300
1027,300
1028,300
1029,300
1030,300
1031,300
1032,300
1033,300
1034,300
1035,300
1036,300
1037,300
1038,300
1039,300
1040,300
1041,300
1042,300
1043,300
1044,300
1045,300
1046,300
1047,300
1048,300
1049,300
1050,300
1051,300
1052,300
1053,300
1054,300
1055,300
1056,300
1057,300
1058,300
1059,300
1060,300
1061,300
1062,300
1063,300
1064,300
1065,300
1066,300
1067,300
1068,300
1069,300
1070,300
1071,300
1072,300
1073,300
1074,300
1075,300
1076,300
1077,300
1078,300
1079,300
1080,300
1081,300
1082,300
1083,300
1084,300
1085,300
1086,300
1087,300
1088,300
1089,300
1090,300
1091,300
1092,300
1093,300
1094,300
1095,300
1096,300
1097,300
1098,300
1099,300
1100,300
1101,300
1102,300
1103,300
1104,300
1105,300
1106,300
1107,300
1108,300
1109,300
1110,300
1111,300
1112,300
1113,300
1114,300
1115,300
1116,300
1117,300
1118,300
1119,300
1120,300
1121,300
1122,300
1123,300
1124,300
1125,300
1126,300
1127,300
1128,300
1129,300
1130,300
1131,300
1132,300
1133,300
1134,300
1135,300
1136,300
1137,300
1138,300
1139,300
1140,300
1141,300
1142,300
1143,300
1144,300
1145,300
1146,300
1147,300
1148,300
1149,300
1150,300
1151,300
1152,300
1153,300
1154,300
1155,300
1156,300
1157,300
1158,300
1159,300
1160,300
1161,300
1162,300
1163,300
1164,300
1165,300
1166,300
1167,300
1168,300
1169,300
1170,300
1171,300
1172,300
1173,300
1174,300
1175,300
1176,300
1177,300
1178,300
1179,300
1180,300
1181,300
1182,300
1183,300
1184,300
1185,300
1186,300
1187,300
1188,300
1189,300
1190,300
1191,300
1192,300
1193,300
1194,300
1195,300
1196,300
1197,300
1198,300
1199,300
1200,300
1201,300
1202,300
1203,300
1204,300
1205,300
1206,300
1207,300
1208,300
1209,300
1210,300
1211,300
1212,300
1213,300
1214,300
1215,300
1216,300
1217,300
1218,300
1219,300
1220,300
1221,300
1222,300
1223,300
1224,300
1225,300
1226,300
1227,300
1228,300
1229,300
1230,300
1231,300
1232,300
1233,300
1234,300
1235,300
1236,300
1237,300
1238,300
1239,300
1240,300
1241,300
1242,300
1243,300
1244,300
1245,300
1246,300
1247,300
1248,300
1249,300
1250,300
1251,300
1252,300
1253,300
1254,300
1255,300
1256,300
1257,300
1258,300
1259,300
1260,300
1261,300
1262,300
1263,300
1264,300
1265,300
1266,300
1267,300
1268,300
1269,300
1270,300
1271,300
1272,300
1273,300
1274,300
1275,300
1276,300
1277,300
1278,300
1279,300
1280,300
1281,300
1282,300
1283,300
1284,300
1285,300
1286,300
1287,300
1288,300
1289,300
1290,300
1291,300
1292,300
1293,300
1294,300
1295,300
1296,300
1297,300
1298,300
1299,300
1300,300
1301,300
1302,300
1303,300
1304,300
1305,300
1306,300
1307,300
1308,300
1309,300
1310,300
1311,300
1312,300
1313,300
1314,300
1315,300
1316,300
1317,300
1318,300
1319,300
1320,300
1321,300
1322,300
1323,300
1324,300
1325,300
1326,300
1327,300
1328,300
1329,300
1330,300
1331,300
1332,300
1333,300
1334,300
1335,300
1336,300
1337,300
1338,300
1339,300
1340,300
1341,300
1342,300
1343,300
1344,300
1345,300
1346,300
1347,300
1348,300
1349,300
1350,300
1351,300
1352,300
1353,300
1354,300
1355,300
1356,300
1357,300
1358,300
1359,300
1360,300
1361,300
1362,300
1363,300
1364,300
1365,300
1366,300
1367,300
1368,300
1369,300
1370,300
1371,300
1372,300
1373,300
1374,300
1375,300
1376,300
1377,300
1378,300
1379,300
1380,300
1381,300
1382,300
1383,300
1384,300
1385,300
1386,300
1387,300
1388,300
1389,300
1390,300
1391,300
1392,300
1393,300
1394,300
1395,300
1396,300
1397,300
1398,300
1399,300
1400,300
1401,300
1402,300
1403,300
1404,300
1405,300
1406,300
1407,300
1408,300
1409,300
1410,300
1411,300
1412,300
1413,300
1414,300
1415,300
1416,300
1417,300
1418,300
1419,300
1420,300
1421,300
1422,300
1423,300
1424,300
1425,300
1426,300
1427,300
1428,300
1429,300
1430,300
1431,300
1432,300
1433,300
1434,300
1435,300
1436,300
1437,300
1438,300
1439,300
1440,300
1441,300
1442,300
1443,300
1444,300
1445,300
1446,300
1447,300
1448,300
1449,300
1450,300
1451,300
1452,300
1453,300
1454,300
1455,300
1456,300
1457,300
1458,300
1459,300
1460,300
1461,300
1462,300
1463,300
1464,300
1465,300
1466,300
1467,300
1468,300
1469,300
1470,300
1471,300
1472,300
1473,300
1474,300
1475,300
1476,300
1477,300
1478,300
1479,300
1480,300
1481,300
1482,300
1483,300
1484,300
1485,300
1486,300
1487,300
1488,300
1489,300
1490,300
1491,300
1492,300
1493,300
1494,300
1495,300
1496,300
1497,300
1498,300
1499,300
1500,300
1501,300
1502,300
1503,300
1504,300
1505,300
1506,300
1507,300
1508,300
1509,300
1510,300
1511,300
1512,300
1513,300
1514,300
1515,300
1516,300
1517,300
1518,300
1519,300
1520,300
1521,300
1522,300
1523,300
1524,300
1525,300
1526,300
1527,300
1528,300
1529,300
1530,300
1531,300
1532,300
1533,300
1534,300
1535,300
1536,300
1537,300
1538,300
1539,300
1540,300
1541,300
1542,300
1543,300
1544,300
1545,300
1546,300
1547,300
1548,300
1549,300
1550,300
1551,300
1552,300
1553,300
1554,300
1555,300
1556,300
1557,300
1558,300
1559,300
1560,300
1561,300
1562,300
1563,300
1564,300
1565,300
1566,300
1567,300
1568,300
1569,300
1570,300
1571,300
1572,300
1573,300
1574,300
1575,300
1576,300
1577,300
1578,300
1579,300
1580,300
1581,300
1582,300
1583,300
1584,300
1585,300
1586,300
1587,300
1588,300
1589,300
1590,300
1591,300
1592,300
1593,300
1594,300
1595,300
1596,300
1597,300
1598,300
1599,300
1600,300
1601,300
1602,300
1603,300
1604,300
1605,300
1606,300
1607,300
1608,300
1609,300
1610,300
1611,300
1612,300
1613,300
1614,300
1615,300
1616,300
1617,300
1618,300
1619,300
1620,300
1621,300
1622,300
1623,300
1624,300
1625,300
1626,300
1627,300
1628,300
1629,300
1630,300
1631,300
1632,300
1633,300
1634,300
1635,300
1636,300
1637,300
1638,300
1639,300
1640,300
1641,300
1642,300
1643,300
1644,300
1645,300
1646,300
1647,300
1648,300
1649,300
1650,300
1651,300
1652,300
1653,300
1654,300
1655,300
1656,300
1657,300
1658,300
1659,300
1660,300
1661,300
1662,300
1663,300
1664,300
1665,300
1666,300
1667,300
1668,300
1669,300
1670,300
1671,300
1672,300
1673,300
1674,300
1675,300
1676,300
1677,300
1678,300
1679,300
1680,300
1681,300
1682,300
1683,300
1684,300
1685,300
1686,300
1687,300
1688,300
1689,300
1690,300
1691,300
1692,300
1693,300
1694,300
1695,300
1696,300
1697,300
1698,300
1699,300
1700,300
1701,300
1702,300
1703,300
1704,300
1705,300
1706,300
1707,300
1708,300
1709,300
1710,300
1711,300
1712,300
1713,300
1714,300
1715,300
1716,300
1717,300
1718,300
1719,300
1720,300
1721,300
1722,300
1723,300
1724,300
1725,300
1726,300
1727,300
1728,300
1729,300
1730,300
1731,300
1732,300
1733,300
1734,300
1735,300
1736,300
1737,300
1738,300
1739,300
1740,300
1741,300
1742,300
1743,300
1744,300
1745,300
1746,300
1747,300
1748,300
1749,300
1750,300
1751,300
1752,300
1753,300
1754,300
1755,300
1756,300
1757,300
1758,300
1759,300
1760,300
1761,300
1762,300
1763,300
1764,300
1765,300
1766,300
1767,300
1768,300
1769,300
1770,300
1771,300
1772,300
1773,300
1774,300
1775,300
1776,300
1777,300
1778,300
1779,300
1780,300
1781,300
1782,300
1783,300
1784,300
1785,300
1786,300
1787,300
1788,300
1789,300
1790,300
1791,300
1792,300
1793,300
1794,300
1795,300
1796,300
1797,300
1798,300
1799,300
1800,300
1801,300
1802,300
1803,300
1804,300
1805,300
1806,300
1807,300
1808,300
1809,300
1810,300
1811,300
1812,300
1813,300
1814,300
1815,300
1816,300
1817,300
1818,300
1819,300
1820,300
1821,300
1822,300
1823,300
1824,300
1825,300
1826,300
1827,300
1828,300
1829,300
1830,300
1831,300
1832,300
1833,300
1834,300
1835,300
1836,300
1837,300
1838,300
1839,300
1840,300
1841,300
1842,300
1843,300
1844,300
1845,300
1846,300
1847,300
1848,300
1849,300
1850,300
1851,300
1852,300
1853,300
1854,300
1855,300
1856,300
1857,300
1858,300
1859,300
1860,300
1861,300
1862,300
1863,300
1864,300
1865,300
1866,300
1867,300
1868,300
1869,300
1870,300
1871,300
1872,300
1873,300
1874,300
1875,300
1876,300
1877,300
1878,300
1879,300
1880,300
1881,300
1882,300
1883,300
1884,300
1885,300
1886,300
1887,300
1888,300
1889,300
1890,300
1891,300
1892,300
1893,300
1894,300
1895,300
1896,300
1897,300
1898,300
1899,300
1900,300
1901,300
1902,300
1903,300
1904,300
1905,300
1906,300
1907,300
1908,300
1909,300
1910,300
1911,300
1912,300
1913,300
1914,300
1915,300
1916,300
1917,300
1918,300
1919,300
1920,300
1921,300
1922,300
1923,300
1924,300
1925,300
1926,300
1927,300
1928,300
1929,300
1930,300
1931,300
1932,300
1933,300
1934,300
1935,300
1936,300
1937,300
1938,300
1939,300
1940,300
1941,300
1942,300
1943,300
1944,300
1945,300
1946,300
1947,300
1948,300
1949,300
1950,300
1951,300
1952,300
1953,300
1954,300
1955,300
1956,300
1957,300
1958,300
1959,300
1960,300
1961,300
1962,300
1963,300
1964,300
1965,300
1966,300
1967,300
1968,300
1969,300
1970,300
1971,300
1972,300
1973,300
1974,300
1975,300
1976,300
1977,300
1978,300
1979,300
1980,300
1981,300
1982,300
1983,300
1984,300
1985,300
1986,300
1987,300
1988,300
1989,300
1990,300
1991,300
1992,300
1993,300
1994,300
1995,300
1996,300
1997,300
1998,300
1999,300
2000,300
2001,300
2002,300
2003,300
2004,300
2005,300
2006,300
2007,300
2008,300
2009,300
2010,300
2011,300
2012,300
2013,300
2014,300
2015,300
2016,300
2017,300
2018,300
2019,300
2020,300
2021,300
2022,300
2023,300
2024,300
2025,300
2026,300
2027,300
2028,300
2029,300
2030,300
2031,300
2032,300
2033,300
2034,300
2035,300
2036,300
2037,300
2038,300
2039,300
2040,300
2041,300
2042,300
2043,300
2044,300
2045,300
2046,300
2047,300
2048,300
2049,300
2050,300
2051,300
2052,300
2053,300
2054,300
2055,300
2056,300
2057,300
2058,300
2059,300
2060,300
2061,300
2062,300
2063,300
2064,300
2065,300
2066,300
2067,300
2068,300
2069,300
2070,300
2071,300
2072,300
2073,300
2074,300
2075,300
2076,300
2077,300
2078,300
2079,300
2080,300
2081,300
2082,300
2083,300
2084,300
2085,300
2086,300
2087,300
2088,300
2089,300
2090,300
2091,300
2092,300
2093,300
2094,300
2095,300
2096,300
2097,300
2098,300
2099,300
2100,300
2101,300
2102,300
2103,300
2104,300
2105,300
2106,300
2107,300
2108,300
2109,300
2110,300
2111,300
2112,299
2113,299
2114,299
2115,299
2116,299
2117,299
2118,299
2119,299
2120,299
2121,299
2122,299
2123,299
2124,299
2125,299
2126,299
2127,299
2128,299
2129,299
2130,299
2131,299
2132,299
2133,298
2134,298
2135,298
2136,298
2137,298
2138,298
2139,298
2140,298
2141,298
2142,298
2143,298
2144,298
2145,298
2146,298
2147,298
2148,298
2149,298
2150,298
2151,298
2152,298
2153,298
2154,298
2155,298
2156,298
2157,298
2158,298
2159,298
2160,298
2161,298
2162,297
2163,297
2164,297
2165,297
2166,297
2167,297
2168,297
2169,297
2170,297
2171,297
2172,297
2173,297
2174,297
2175,297
2176,297
2177,297
2178,297
2179,297
2180,297
2181,297
2182,297
2183,297
2184,296
2185,296
2186,295
2187,295
2188,295
2189,295
2190,295
2191,294
2192,294
2193,294
2194,294
2195,294
2196,293
2197,291
2198,291
2199,291
2200,291
2201,291
2202,290
2203,289
2204,288
2205,288
2206,286
2207,284
2208,283
2209,281
2210,281
2211,281
2212,280
2213,278
2214,277
2215,276
2216,275
2217,274
2218,272
2219,271
2220,269
2221,269
2222,266
2223,265
2224,262
2225,261
2226,260
2227,258
2228,257
2229,256
2230,255
2231,253
2232,252
2233,251
2234,250
2235,249
2236,247
2237,245
2238,244
2239,242
2240,241
2241,241
2242,241
2243,241
2244,241
2245,241
2246,241
2247,241
2248,241
2249,241
2250,241
2251,241
2252,241
2253,241
2254,241
2255,241
2256,241
2257,241
2258,241
2259,241
2260,241
2261,241
2262,241
2263,241
2264,241
2265,241
2266,241
2267,241
2268,241
2269,241
2270,241
2271,241
2272,241
2273,241
2274,241
2275,241
2276,241
2277,241
2278,241
2279,241
2280,241
2281,241
2282,241
2283,241
2284,241
2285,241
2286,241
2287,241
2288,241
2289,241
2290,241
2291,241
2292,241
2293,241
2294,241
2295,241
2296,241
2297,241
2298,241
2299,241
2300,241
2301,241
2302,241
2303,241
2304,241
2305,241
2306,241
2307,241
2308,241
2309,241
2310,241
2311,241
2312,241
2313,241
2314,241
2315,241
2316,241
2317,241
2318,241
2319,241
2320,241
2321,241
2322,241
2323,241
2324,241
2325,241
2326,241
2327,241
2328,241
2329,241
2330,241
2331,241
2332,241
2333,241
2334,241
2335,241
2336,241
2337,241
2338,241
2339,241
2340,241
2341,241
2342,241
2343,241
2344,241
2345,241
2346,241
2347,241
2348,241
2349,241
2350,241
2351,241
2352,241
2353,241
2354,241
2355,241
2356,241
2357,241
2358,241
2359,241
2360,241
2361,241
2362,241
2363,241
2364,241
2365,241
2366,241
2367,241
2368,241
2369,241
2370,241
2371,241
2372,241
2373,241
2374,241
2375,241
2376,241
2377,241
2378,241
2379,241
2380,240
2381,240
2382,240
2383,240
2384,240
2385,240
2386,240
2387,240
2388,240
2389,240
2390,240
2391,240
2392,240
2393,240
2394,240
2395,240
2396,240
2397,240
2398,240
2399,240
2400,240
2401,240
2402,240
2403,240
2404,240
2405,240
2406,240
2407,240
2408,240
2409,240
2410,240
2411,240
2412,240
2413,240
2414,240
2415,240
2416,240
2417,240
2418,240
2419,240
2420,240
2421,240
2422,240
2423,240
2424,240
2425,240
2426,240
2427,240
2428,240
2429,239
2430,239
2431,239
2432,239
2433,239
2434,239
2435,239
2436,239
2437,239
2438,239
2439,239
2440,239
2441,239
2442,239
2443,239
2444,239
2445,239
2446,239
2447,239
2448,239
2449,238
2450,238
2451,238
2452,238
2453,238
2454,238
2455,238
2456,238
2457,238
2458,238
2459,238
2460,238
2461,238
2462,238
2463,238
2464,238
2465,238
2466,238
2467,237
2468,237
2469,237
2470,237
2471,237
2472,237
2473,237
2474,236
2475,236
2476,236
2477,236
2478,236
2479,236
2480,236
2481,236
2482,236
2483,236
2484,236
2485,236
2486,236
2487,236
2488,236
2489,236
2490,236
2491,236
2492,236
2493,236
2494,236
2495,236
2496,236
2497,236
2498,236
2499,236
2500,236
2501,236
2502,236
2503,236
2504,236
2505,236
2506,236
2507,236
2508,236
2509,236
2510,236
2511,236
2512,236
2513,236
2514,236
2515,236
2516,236
2517,236
2518,236
2519,236
2520,236
2521,236
2522,236
2523,236
2524,236
2525,236
2526,236
2527,236
2528,236
2529,236
2530,236
2531,236
2532,236
2533,236
2534,236
2535,236
2536,236
2537,236
2538,236
2539,236
2540,236
2541,236
2542,236
2543,236
2544,236
2545,236
2546,236
2547,236
2548,236
2549,236
2550,236
2551,236
2552,236
2553,236
2554,236
2555,236
2556,236
2557,236
2558,236
2559,236
2560,236
2561,236
2562,236
2563,236
2564,236
2565,236
2566,236
2567,236
2568,236
2569,236
2570,236
2571,236
2572,236
2573,236
2574,236
2575,236
2576,236
2577,236
2578,236
2579,236
2580,236
2581,236
2582,236
2583,236
2584,236
2585,236
2586,236
2587,236
2588,236
2589,236
2590,236
2591,236
2592,235
2593,235
2594,235
2595,235
2596,235
2597,235
2598,235
2599,235
2600,235
2601,235
2602,234
2603,234
2604,233
2605,233
2606,233
2607,233
2608,233
2609,233
2610,233
2611,232
2612,232
2613,230
2614,230
2615,230
2616,229
2617,229
2618,229
2619,228
2620,228
2621,227
2622,227
2623,227
2624,227
2625,227
2626,226
2627,226
2628,225
2629,224
2630,223
2631,223
2632,222
2633,221
2634,221
2635,221
2636,220
2637,220
2638,220
2639,219
2640,219
2641,219
2642,219
2643,217
2644,216
2645,215
2646,215
2647,214
2648,213
2649,213
2650,212
2651,212
2652,211
2653,210
2654,210
2655,207
2656,206
2657,204
2658,201
2659,199
2660,198
2661,197
2662,194
2663,193
2664,192
2665,191
2666,190
2667,189
2668,188
2669,187
2670,186
2671,185
2672,184
2673,183
2674,182
2675,179
2676,176
2677,175
2678,174
2679,173
2680,172
2681,171
2682,171
2683,171
2684,171
2685,171
2686,171
2687,171
2688,171
2689,171
2690,171
2691,171
2692,171
2693,171
2694,171
2695,171
2696,171
2697,171
2698,171
2699,171
2700,171
2701,171
2702,171
2703,171
2704,171
2705,171
2706,171
2707,171
2708,171
2709,171
2710,171
2711,171
2712,171
2713,171
2714,171
2715,171
2716,171
2717,171
2718,171
2719,171
2720,171
2721,171
2722,171
2723,170
2724,170
2725,170
2726,170
2727,170
2728,170
2729,170
2730,170
2731,169
2732,169
2733,169
2734,169
2735,169
2736,169
2737,169
2738,169
2739,169
2740,169
2741,169
2742,169
2743,169
2744,169
2745,169
2746,169
2747,169
2748,169
2749,169
2750,169
2751,169
2752,169
2753,169
2754,169
2755,169
2756,169
2757,169
2758,169
2759,169
2760,169
2761,169
2762,169
2763,169
2764,169
2765,169
2766,169
2767,169
2768,169
2769,169
2770,169
2771,169
2772,169
2773,169
2774,169
2775,169
2776,169
2777,169
2778,169
2779,169
2780,169
2781,169
2782,169
2783,169
2784,169
2785,169
2786,169
2787,169
2788,169
2789,169
2790,169
2791,169
2792,169
2793,169
2794,169
2795,169
2796,169
2797,169
2798,169
2799,169
2800,169
2801,169
2802,169
2803,169
2804,169
2805,169
2806,169
2807,169
2808,169
2809,169
2810,169
2811,169
2812,169
2813,169
2814,169
2815,169
2816,169
2817,169
2818,169
2819,169
2820,169
2821,169
2822,169
2823,169
2824,169
2825,169
2826,168
2827,168
2828,168
2829,168
2830,168
2831,168
2832,168
2833,168
2834,168
2835,168
2836,168
2837,168
2838,168
2839,168
2840,168
2841,168
2842,168
2843,168
2844,168
2845,168
2846,168
2847,168
2848,168
2849,168
2850,168
2851,168
2852,168
2853,168
2854,168
2855,167
2856,167
2857,167
2858,167
2859,167
2860,167
2861,167
2862,167
2863,167
2864,167
2865,167
2866,167
2867,167
2868,167
2869,167
2870,167
2871,167
2872,167
2873,167
2874,167
2875,167
2876,167
2877,167
2878,167
2879,167
2880,167
2881,167
2882,167
2883,167
2884,167
2885,167
2886,167
2887,167
2888,166
2889,166
2890,166
2891,166
2892,166
2893,166
2894,166
2895,166
2896,166
2897,166
2898,166
2899,166
2900,166
2901,166
2902,166
2903,166
2904,166
2905,166
2906,166
2907,166
2908,166
2909,166
2910,166
2911,166
2912,166
2913,166
2914,166
2915,166
2916,166
2917,166
2918,166
2919,166
2920,166
2921,166
2922,166
2923,166
2924,166
2925,166
2926,166
2927,166
2928,166
2929,166
2930,166
2931,166
2932,166
2933,166
2934,166
2935,166
2936,166
2937,166
2938,166
2939,166
2940,166
2941,165
2942,165
2943,165
2944,165
2945,164
2946,164
2947,164
2948,164
2949,164
2950,164
2951,164
2952,164
2953,164
2954,164
2955,164
2956,164
2957,164
2958,164
2959,164
2960,164
2961,164
2962,164
2963,164
2964,164
2965,164
2966,164
2967,164
2968,164
2969,164
2970,164
2971,164
2972,164
2973,164
2974,164
2975,164
2976,164
2977,164
2978,164
2979,164
2980,164
2981,164
2982,164
2983,164
2984,164
2985,164
2986,164
2987,164
2988,164
2989,164
2990,164
2991,164
2992,164
2993,164
2994,164
2995,164
2996,164
2997,164
2998,164
2999,164
3000,164
3001,164
3002,164
3003,164
3004,164
3005,164
3006,164
3007,164
3008,164
3009,164
3010,164
3011,164
3012,164
3013,164
3014,164
3015,164
3016,164
3017,164
3018,164
3019,163
3020,163
3021,163
3022,163
3023,163
3024,162
3025,162
3026,162
3027,162
3028,162
3029,162
3030,161
3031,161
3032,161
3033,161
3034,161
3035,161
3036,161
3037,161
3038,161
3039,161
3040,161
3041,161
3042,161
3043,161
3044,161
3045,161
3046,161
3047,161
3048,161
3049,161
3050,161
3051,161
3052,161
3053,161
3054,161
3055,161
3056,161
3057,161
3058,161
3059,161
3060,161
3061,161
3062,161
3063,160
3064,160
3065,160
3066,160
3067,160
3068,160
3069,160
3070,160
3071,160
3072,159
3073,159
3074,159
3075,159
3076,159
3077,159
3078,159
3079,159
3080,159
3081,159
3082,159
3083,159
3084,159
3085,159
3086,159
3087,159
3088,159
3089,159
3090,159
3091,159
3092,159
3093,159
3094,159
3095,159
3096,159
3097,159
3098,159
3099,159
3100,159
3101,159
3102,159
3103,159
3104,159
3105,159
3106,159
3107,159
3108,159
3109,159
3110,159
3111,159
3112,159
3113,159
3114,159
3115,159
3116,158
3117,158
3118,158
3119,158
3120,158
3121,158
3122,158
3123,158
3124,158
3125,158
3126,158
3127,158
3128,158
3129,158
3130,158
3131,158
3132,158
3133,158
3134,158
3135,158
3136,158
3137,158
3138,158
3139,158
3140,158
3141,158
3142,158
3143,158
3144,158
3145,158
3146,158
3147,158
3148,158
3149,158
3150,158
3151,158
3152,158
3153,158
3154,158
3155,158
3156,158
3157,158
3158,158
3159,158
3160,158
3161,158
3162,158
3163,158
3164,158
3165,158
3166,158
3167,158
3168,158
3169,158
3170,158
3171,158
3172,158
3173,158
3174,158
3175,158
3176,158
3177,158
3178,158
3179,158
3180,158
3181,158
3182,158
3183,158
3184,158
3185,158
3186,158
3187,158
3188,158
3189,158
3190,157
3191,157
3192,157
3193,156
3194,156
3195,156
3196,156
3197,156
3198,156
3199,156
3200,156
3201,156
3202,156
3203,156
3204,156
3205,156
3206,156
3207,156
3208,156
3209,156
3210,156
3211,156
3212,156
3213,156
3214,156
3215,156
3216,156
3217,156
3218,156
3219,156
3220,156
3221,156
3222,156
3223,156
3224,156
3225,156
3226,156
3227,156
3228,156
3229,156
3230,156
3231,155
3232,155
3233,155
3234,155
3235,155
3236,155
3237,155
3238,155
3239,155
3240,155
3241,155
3242,155
3243,155
3244,155
3245,155
3246,155
3247,155
3248,155
3249,155
3250,155
3251,155
3252,155
3253,155
3254,155
3255,155
3256,155
3257,155
3258,155
3259,155
3260,155
3261,155
3262,155
3263,155
3264,155
3265,155
3266,155
3267,155
3268,154
3269,154
3270,154
3271,154
3272,154
3273,154
3274,154
3275,154
3276,154
3277,154
3278,154
3279,154
3280,154
3281,154
3282,154
3283,154
3284,154
3285,154
3286,154
3287,154
3288,154
3289,154
3290,154
3291,154
3292,154
3293,154
3294,154
3295,154
3296,154
3297,154
3298,154
3299,154
3300,154
3301,154
3302,153
3303,153
3304,153
3305,153
3306,153
3307,153
3308,153
3309,153
3310,153
3311,153
3312,153
3313,152
3314,152
3315,152
3316,152
3317,152
3318,152
3319,152
3320,152
3321,152
3322,152
3323,152
3324,152
3325,152
3326,152
3327,152
3328,152
3329,152
3330,152
3331,152
3332,152
3333,152
3334,152
3335,152
3336,152
3337,151
3338,151
3339,151
3340,151
3341,151
3342,151
3343,151
3344,151
3345,151
3346,151
3347,151
3348,151
3349,151
3350,151
3351,151
3352,151
3353,151
3354,151
3355,151
3356,151
3357,151
3358,151
3359,151
3360,151
3361,151
3362,149
3363,149
3364,149
3365,149
3366,149
3367,149
3368,149
3369,148
3370,148
3371,148
3372,148
3373,148
3374,148
3375,148
3376,148
3377,148
3378,148
3379,147
3380,147
3381,147
3382,147
3383,147
3384,147
3385,147
3386,147
3387,147
3388,147
3389,147
3390,147
3391,147
3392,147
3393,147
3394,147
3395,147
3396,147
3397,146
3398,146
3399,146
3400,146
3401,146
3402,146
3403,146
3404,146
3405,146
3406,146
3407,145
3408,145
3409,145
3410,145
3411,145
3412,145
3413,145
3414,145
3415,145
3416,145
3417,145
3418,145
3419,145
3420,145
3421,145
3422,145
3423,145
3424,145
3425,145
3426,144
3427,144
3428,144
3429,144
3430,144
3431,144
3432,144
3433,144
3434,144
3435,144
3436,144
3437,144
3438,144
3439,144
3440,144
3441,144
3442,144
3443,144
3444,144
3445,144
3446,144
3447,144
3448,144
3449,144
3450,144
3451,144
3452,144
3453,144
3454,144
3455,144
3456,144
3457,144
3458,144
3459,144
3460,144
3461,144
3462,144
3463,144
3464,144
3465,144
3466,144
3467,143
3468,143
3469,143
3470,143
3471,143
3472,143
3473,143
3474,143
3475,143
3476,143
3477,143
3478,143
3479,143
3480,143
3481,143
3482,143
3483,143
3484,143
3485,143
3486,143
3487,143
3488,143
3489,143
3490,143
3491,143
3492,143
3493,143
3494,143
3495,143
3496,143
3497,143
3498,143
3499,143
3500,143
3501,143
3502,143
3503,143
3504,143
3505,143
3506,143
3507,143
3508,143
3509,143
3510,143
3511,143
3512,143
3513,143
3514,143
3515,143
3516,143
3517,143
3518,143
3519,143
3520,143
3521,142
3522,142
3523,142
3524,142
3525,142
3526,142
3527,142
3528,142
3529,142
3530,142
3531,142
3532,142
3533,142
3534,142
3535,142
3536,142
3537,142
3538,142
3539,142
3540,142
3541,142
3542,142
3543,142
3544,142
3545,142
3546,142
3547,142
3548,142
3549,141
3550,141
3551,141
3552,141
3553,141
3554,141
3555,141
3556,141
3557,141
3558,141
3559,141
3560,141
3561,141
3562,141
3563,141
3564,141
3565,141
3566,141
3567,141
3568,141
3569,141
3570,141
3571,141
3572,141
3573,141
3574,141
3575,141
3576,141
3577,141
3578,141
3579,141
3580,141
3581,141
3582,141
3583,141
3584,141
3585,141
3586,141
3587,141
3588,141
3589,141
3590,141
3591,141
3592,141
3593,140
3594,140
3595,140
3596,140
3597,140
3598,140
3599,140
3600,140
3601,140
3602,140
3603,140
3604,139
3605,139
3606,139
3607,139
3608,139
3609,139
3610,139
3611,139
3612,139
3613,139
3614,139
3615,139
3616,139
3617,139
3618,139
3619,139
3620,139
3621,139
3622,139
3623,139
3624,139
3625,139
3626,139
3627,139
3628,139
3629,139
3630,139
3631,139
3632,139
3633,139
3634,139
3635,139
3636,139
3637,139
3638,139
3639,139
3640,139
3641,139
3642,139
3643,139
3644,139
3645,139
3646,139
3647,139
3648,139
3649,139
3650,139
3651,139
3652,139
3653,139
3654,139
3655,139
3656,139
3657,139
3658,139
3659,139
3660,139
3661,139
3662,139
3663,139
3664,139
3665,139
3666,139
3667,139
3668,139
3669,139
3670,139
3671,139
3672,139
3673,139
3674,139
3675,139
3676,139
3677,139
3678,139
3679,139
3680,139
3681,139
3682,139
3683,139
3684,139
3685,139
3686,139
3687,139
3688,139
3689,139
3690,139
3691,139
3692,139
3693,139
3694,139
3695,139
3696,139
3697,139
3698,139
3699,139
3700,139
3701,138
3702,138
3703,138
3704,138
3705,138
3706,138
3707,138
3708,138
3709,138
3710,138
3711,138
3712,138
3713,138
3714,138
3715,138
3716,138
3717,138
3718,138
3719,138
3720,138
3721,138
3722,138
3723,138
3724,138
3725,138
3726,138
3727,138
3728,138
3729,138
3730,138
3731,138
3732,138
3733,138
3734,138
3735,138
3736,138
3737,138
3738,138
3739,138
3740,138
3741,138
3742,138
3743,138
3744,138
3745,138
3746,138
3747,138
3748,138
3749,138
3750,138
3751,138
3752,138
3753,138
3754,138
3755,138
3756,138
3757,138
3758,138
3759,138
3760,138
3761,138
3762,137
3763,137
3764,137
3765,137
3766,137
3767,137
3768,137
3769,136
3770,136
3771,136
3772,136
3773,136
3774,136
3775,136
3776,136
3777,136
3778,136
3779,136
3780,136
3781,136
3782,136
3783,136
3784,136
3785,136
3786,136
3787,136
3788,136
3789,135
3790,135
3791,135
3792,135
3793,135
3794,135
3795,135
3796,135
3797,135
3798,135
3799,134
3800,134
3801,134
3802,134
3803,134
3804,134
3805,134
3806,134
3807,134
3808,134
3809,134
3810,134
3811,134
3812,134
3813,134
3814,134
3815,134
3816,133
3817,133
3818,133
3819,133
3820,132
3821,132
3822,132
3823,132
3824,132
3825,132
3826,132
3827,132
3828,132
3829,132
3830,132
3831,132
3832,132
3833,132
3834,132
3835,132
3836,132
3837,132
3838,132
3839,132
3840,132
3841,132
3842,132
3843,132
3844,132
3845,132
3846,132
3847,132
3848,132
3849,132
3850,132
3851,132
3852,132
3853,132
3854,132
3855,132
3856,132
3857,132
3858,132
3859,132
3860,132
3861,132
3862,132
3863,132
3864,132
3865,132
3866,132
3867,132
3868,132
3869,132
3870,131
3871,131
3872,131
3873,131
3874,131
3875,131
3876,131
3877,131
3878,131
3879,131
3880,131
3881,131
3882,131
3883,131
3884,131
3885,131
3886,131
3887,131
3888,131
3889,131
3890,131
3891,131
3892,131
3893,131
3894,131
3895,131
3896,131
3897,131
3898,131
3899,131
3900,131
3901,131
3902,131
3903,130
3904,130
3905,130
3906,129
3907,129
3908,129
3909,129
3910,129
3911,129
3912,129
3913,129
3914,129
3915,129
3916,129
3917,129
3918,129
3919,129
3920,129
3921,129
3922,129
3923,129
3924,129
3925,129
3926,128
3927,128
3928,128
3929,128
3930,128
3931,128
3932,127
3933,127
3934,127
3935,127
3936,126
3937,126
3938,126
3939,126
3940,126
3941,126
3942,126
3943,126
3944,126
3945,126
3946,126
3947,126
3948,126
3949,126
3950,126
3951,126
3952,126
3953,126
3954,126
3955,126
3956,126
3957,126
3958,126
3959,126
3960,126
3961,126
3962,126
3963,126
3964,126
3965,126
3966,126
3967,126
3968,126
3969,126
3970,126
3971,126
3972,126
3973,126
3974,126
3975,126
3976,126
3977,126
3978,126
3979,126
3980,126
3981,126
3982,126
3983,126
3984,126
3985,126
3986,126
3987,126
3988,126
3989,126
3990,126
3991,126
3992,125
3993,125
3994,125
3995,125
3996,125
3997,125
3998,125
3999,125
4000,125
4001,125
4002,125
4003,125
4004,125
4005,125
4006,125
4007,125
4008,125
4009,125
4010,125
4011,125
4012,125
4013,125
4014,125
4015,125
4016,125
4017,125
4018,125
4019,125
4020,125
4021,125
4022,125
4023,125
4024,125
4025,125
4026,125
4027,125
4028,124
4029,124
4030,124
4031,124
4032,124
4033,124
4034,124
4035,124
4036,124
4037,124
4038,124
4039,124
4040,124
4041,124
4042,124
4043,124
4044,124
4045,124
4046,124
4047,124
4048,124
4049,124
4050,124
4051,124
4052,124
4053,124
4054,124
4055,124
4056,124
4057,124
4058,124
4059,124
4060,124
4061,124
4062,124
4063,124
4064,124
4065,124
4066,124
4067,124
4068,124
4069,124
4070,124
4071,124
4072,124
4073,124
4074,124
4075,124
4076,124
4077,124
4078,124
4079,124
4080,124
4081,124
4082,124
4083,124
4084,124
4085,124
4086,124
4087,124
4088,124
4089,124
4090,124
4091,124
4092,124
4093,124
4094,124
4095,124
4096,124
4097,124
4098,124
4099,124
4100,124
4101,124
4102,124
4103,124
4104,124
4105,124
4106,124
4107,124
4108,124
4109,124
4110,124
4111,124
4112,124
4113,124
4114,124
4115,124
4116,124
4117,124
4118,124
4119,124
4120,124
4121,124
4122,124
4123,124
4124,124
4125,124
4126,124
4127,124
4128,124
4129,124
4130,124
4131,124
4132,124
4133,124
4134,124
4135,124
4136,124
4137,124
4138,124
4139,124
4140,124
4141,124
4142,124
4143,124
4144,124
4145,124
4146,124
4147,124
4148,124
4149,124
4150,124
4151,124
4152,124
4153,124
4154,124
4155,124
4156,124
4157,124
4158,124
4159,124
4160,124
4161,124
4162,124
4163,124
4164,124
4165,124
4166,124
4167,124
4168,124
4169,124
4170,124
4171,124
4172,124
4173,124
4174,124
4175,124
4176,124
4177,124
4178,124
4179,124
4180,124
4181,124
4182,124
4183,124
4184,124
4185,124
4186,124
4187,124
4188,124
4189,124
4190,124
4191,124
4192,124
4193,124
4194,124
4195,124
4196,124
4197,124
4198,124
4199,124
4200,124
4201,124
4202,124
4203,124
4204,124
4205,124
4206,124
4207,124
4208,124
4209,124
4210,124
4211,124
4212,124
4213,124
4214,124
4215,124
4216,124
4217,124
4218,124
4219,124
4220,124
4221,124
4222,124
4223,124
4224,124
4225,124
4226,124
4227,124
4228,124
4229,124
4230,124
4231,124
4232,124
4233,124
4234,124
4235,124
4236,124
4237,124
4238,124
4239,124
4240,124
4241,124
4242,124
4243,124
4244,124
4245,124
4246,124
4247,124
4248,124
4249,124
4250,124
4251,124
4252,124
4253,124
4254,124
4255,124
4256,124
4257,124
4258,124
4259,124
4260,124
4261,124
4262,124
4263,124
4264,124
4265,124
4266,124
4267,124
4268,124
4269,124
4270,124
4271,124
4272,124
4273,124
4274,124
4275,124
4276,124
4277,124
4278,124
4279,124
4280,124
4281,124
4282,124
4283,124
4284,124
4285,124
4286,124
4287,124
4288,124
4289,124
4290,124
4291,124
4292,124
4293,124
4294,124
4295,124
4296,124
4297,124
4298,123
4299,123
4300,123
4301,123
4302,123
4303,123
4304,123
4305,123
4306,123
4307,123
4308,123
4309,123
4310,123
4311,123
4312,123
4313,123
4314,123
4315,123
4316,123
4317,123
4318,123
4319,123
4320,123
4321,123
4322,123
4323,123
4324,123
4325,123
4326,123
4327,123
4328,123
4329,123
4330,123
4331,123
4332,123
4333,123
4334,123
4335,123
4336,123
4337,123
4338,123
4339,123
4340,123
4341,123
4342,123
4343,123
4344,123
4345,123
4346,123
4347,123
4348,123
4349,123
4350,123
4351,123
4352,123
4353,123
4354,123
4355,123
4356,123
4357,123
4358,123
4359,123
4360,123
4361,123
4362,123
4363,123
4364,123
4365,123
4366,123
4367,123
4368,123
4369,123
4370,123
4371,123
4372,123
4373,123
4374,123
4375,123
4376,123
4377,123
4378,123
4379,123
4380,123
4381,123
4382,123
4383,123
4384,123
4385,123
4386,123
4387,123
4388,123
4389,123
4390,123
4391,123
4392,123
4393,123
4394,123
4395,123
4396,123
4397,123
4398,123
4399,123
4400,123
4401,123
4402,123
4403,122
4404,122
4405,122
4406,122
4407,122
4408,122
4409,122
4410,122
4411,122
4412,122
4413,122
4414,122
4415,122
4416,122
4417,122
4418,122
4419,122
4420,122
4421,122
4422,122
4423,122
4424,122
4425,122
4426,122
4427,122
4428,122
4429,122
4430,122
4431,122
4432,122
4433,122
4434,122
4435,122
4436,122
4437,122
4438,122
4439,122
4440,122
4441,122
4442,122
4443,122
4444,122
4445,122
4446,122
4447,122
4448,122
4449,122
4450,122
4451,122
4452,122
4453,122
4454,122
4455,122
4456,122
4457,122
4458,122
4459,122
4460,122
4461,122
4462,122
4463,122
4464,122
4465,122
4466,122
4467,122
4468,122
4469,122
4470,122
4471,122
4472,122
4473,122
4474,122
4475,122
4476,122
4477,122
4478,122
4479,122
4480,122
4481,122
4482,122
4483,122
4484,122
4485,122
4486,122
4487,122
4488,122
4489,122
4490,122
4491,122
4492,122
4493,122
4494,122
4495,122
4496,122
4497,122
4498,122
4499,122
4500,122
4501,122
4502,122
4503,122
4504,122
4505,122
4506,122
4507,122
4508,122
4509,122
4510,122
4511,122
4512,122
4513,122
4514,122
4515,122
4516,122
4517,122
4518,122
4519,122
4520,122
4521,122
4522,122
4523,122
4524,122
4525,122
4526,122
4527,122
4528,122
4529,122
4530,122
4531,122
4532,122
4533,122
4534,122
4535,122
4536,122
4537,122
4538,122
4539,122
4540,122
4541,122
4542,122
4543,122
4544,122
4545,122
4546,122
4547,122
4548,122
4549,122
4550,122
4551,122
4552,122
4553,122
4554,122
4555,122
4556,122
4557,122
4558,122
4559,122
4560,122
4561,122
4562,122
4563,122
4564,122
4565,122
4566,122
4567,122
4568,122
4569,122
4570,122
4571,122
4572,122
4573,122
4574,122
4575,122
4576,122
4577,122
4578,122
4579,122
4580,122
4581,121
4582,121
4583,121
4584,121
4585,121
4586,121
4587,121
4588,121
4589,121
4590,121
4591,121
4592,121
4593,121
4594,121
4595,121
4596,121
4597,121
4598,121
4599,121
4600,121
4601,121
4602,121
4603,121
4604,121
4605,121
4606,121
4607,121
4608,121
4609,121
4610,121
4611,121
4612,121
4613,121
4614,121
4615,121
4616,121
4617,121
4618,121
4619,121
4620,121
4621,121
4622,121
4623,121
4624,121
4625,121
4626,121
4627,121
4628,121
4629,121
4630,121
4631,121
4632,121
4633,121
4634,121
4635,121
4636,121
4637,121
4638,121
4639,121
4640,121
4641,121
4642,121
4643,121
4644,121
4645,121
4646,121
4647,121
4648,121
4649,121
4650,121
4651,121
4652,121
4653,121
4654,121
4655,121
4656,121
4657,121
4658,121
4659,121
4660,121
4661,121
4662,121
4663,121
4664,121
4665,121
4666,121
4667,121
4668,121
4669,121
4670,121
4671,121
4672,121
4673,121
4674,121
4675,121
4676,121
4677,121
4678,121
4679,121
4680,121
4681,121
4682,121
4683,121
4684,121
4685,121
4686,121
4687,121
4688,121
4689,121
4690,121
4691,121
4692,121
4693,121
4694,121
4695,121
4696,121
4697,121
4698,121
4699,121
4700,121
4701,121
4702,121
4703,121
4704,121
4705,121
4706,121
4707,121
4708,121
4709,121
4710,121
4711,121
4712,121
4713,121
4714,121
4715,121
4716,121
4717,121
4718,121
4719,121
4720,121
4721,121
4722,121
4723,121
4724,121
4725,121
4726,121
4727,121
4728,121
4729,121
4730,121
4731,121
4732,121
4733,121
4734,121
4735,121
4736,121
4737,121
4738,121
4739,121
4740,121
4741,121
4742,121
4743,121
4744,121
4745,121
4746,121
4747,121
4748,121
4749,121
4750,121
4751,121
4752,121
4753,121
4754,121
4755,121
4756,121
4757,121
4758,121
4759,121
4760,121
4761,121
4762,121
4763,121
4764,121
4765,121
4766,121
4767,121
4768,121
4769,121
4770,121
4771,121
4772,121
4773,121
4774,121
4775,121
4776,121
4777,121
4778,121
4779,121
4780,121
4781,121
4782,121
4783,121
4784,121
4785,121
4786,121
4787,121
4788,121
4789,121
4790,121
4791,121
4792,121
4793,121
4794,121
4795,121
4796,121
4797,121
4798,121
4799,121
4800,121
4801,121
4802,121
4803,121
4804,121
4805,121
4806,121
4807,121
4808,121
4809,121
4810,121
4811,121
4812,121
4813,121
4814,121
4815,121
4816,121
4817,121
4818,121
4819,121
4820,121
4821,121
4822,121
4823,121
4824,121
4825,121
4826,121
4827,121
4828,121
4829,121
4830,121
4831,121
4832,121
4833,121
4834,121
4835,121
4836,121
4837,121
4838,121
4839,121
4840,121
4841,121
4842,121
4843,121
4844,121
4845,121
4846,121
4847,121
4848,121
4849,121
4850,121
4851,121
4852,121
4853,121
4854,121
4855,121
4856,121
4857,121
4858,121
4859,121
4860,121
4861,121
4862,121
4863,121
4864,121
4865,121
4866,121
4867,121
4868,121
4869,121
4870,121
4871,121
4872,121
4873,121
4874,121
4875,121
4876,121
4877,121
4878,121
4879,121
4880,121
4881,121
4882,121
4883,121
4884,121
4885,121
4886,121
4887,121
4888,121
4889,121
4890,121
4891,121
4892,121
4893,121
4894,121
4895,121
4896,121
4897,121
4898,121
4899,121
4900,121
4901,121
4902,121
4903,121
4904,121
4905,121
4906,121
4907,121
4908,121
4909,121
4910,121
4911,121
4912,121
4913,121
4914,121
4915,121
4916,121
4917,121
4918,121
4919,121
4920,121
4921,121
4922,121
4923,121
4924,121
4925,121
4926,121
4927,121
4928,121
4929,121
4930,121
4931,121
4932,121
4933,121
4934,121
4935,121
4936,121
4937,121
4938,121
4939,121
4940,121
4941,121
4942,121
4943,121
4944,121
4945,121
4946,121
4947,121
4948,121
4949,121
4950,121
4951,121
4952,121
4953,121
4954,121
4955,121
4956,121
4957,121
4958,121
4959,121
4960,121
4961,121
4962,121
4963,121
4964,121
4965,121
4966,121
4967,121
4968,121
4969,121
4970,121
4971,121
4972,121
4973,121
4974,121
4975,121
4976,121
4977,121
4978,121
4979,121
4980,121
4981,121
4982,121
4983,121
4984,121
4985,121
4986,121
4987,121
4988,121
4989,121
4990,121
4991,121
4992,121
4993,121
4994,121
4995,121
4996,121
4997,121
4998,121
4999,121
5000,121
5001,121
5002,121
5003,121
5004,121
5005,121
5006,121
5007,121
5008,121
5009,121
5010,121
5011,121
5012,121
5013,121
5014,121
5015,121
5016,121
5017,121
5018,121
5019,121
5020,121
5021,121
5022,121
5023,121
5024,121
5025,121
5026,121
5027,121
5028,121
5029,121
5030,121
5031,121
5032,121
5033,121
5034,121
5035,121
5036,121
5037,121
5038,121
5039,121
5040,121
5041,120
5042,120
5043,120
5044,120
5045,120
5046,120
5047,120
5048,120
5049,120
5050,120
5051,120
5052,120
5053,120
5054,120
5055,120
5056,120
5057,120
5058,120
5059,120
5060,120
5061,120
5062,120
5063,120
5064,120
5065,120
5066,120
5067,120
5068,120
5069,120
5070,120
5071,120
5072,120
5073,120
5074,120
5075,120
5076,120
5077,120
5078,120
5079,120
5080,120
5081,120
5082,120
5083,120
5084,120
5085,120
5086,120
5087,120
5088,120
5089,120
5090,120
5091,120
5092,120
5093,120
5094,120
5095,120
5096,120
5097,120
5098,120
5099,120
5100,120
5101,120
5102,120
5103,120
5104,120
5105,120
5106,120
5107,120
5108,120
5109,120
5110,120
5111,120
5112,120
5113,120
5114,120
5115,120
5116,120
5117,120
5118,120
5119,120
5120,120
5121,120
5122,120
5123,120
5124,120
5125,120
5126,120
5127,120
5128,120
5129,120
5130,120
5131,120
5132,120
5133,120
5134,120
5135,120
5136,120
5137,120
5138,120
5139,120
5140,120
5141,120
5142,120
5143,120
5144,120
5145,120
5146,120
5147,120
5148,120
5149,120
5150,120
5151,120
5152,120
5153,120
5154,120
5155,120
5156,120
5157,120
5158,120
5159,120
5160,120
5161,120
5162,120
5163,120
5164,120
5165,120
5166,120
5167,119
5168,119
5169,119
5170,119
5171,119
5172,119
5173,119
5174,119
5175,119
5176,119
5177,119
5178,119
5179,119
5180,119
5181,119
5182,119
5183,119
5184,119
5185,119
5186,119
5187,119
5188,119
5189,119
5190,119
5191,119
5192,119
5193,119
5194,119
5195,119
5196,119
5197,119
5198,119
5199,119
5200,119
5201,119
5202,118
5203,118
5204,118
5205,118
5206,118
5207,118
5208,118
5209,118
5210,118
5211,118
5212,118
5213,118
5214,118
5215,118
5216,118
5217,118
5218,118
5219,118
5220,118
5221,118
5222,118
5223,118
5224,118
5225,118
5226,118
5227,118
5228,118
5229,118
5230,118
5231,118
5232,118
5233,118
5234,118
5235,118
5236,118
5237,118
5238,118
5239,118
5240,118
5241,118
5242,118
5243,118
5244,118
5245,118
5246,118
5247,118
5248,118
5249,118
5250,118
5251,118
5252,118
5253,118
5254,118
5255,118
5256,118
5257,118
5258,118
5259,118
5260,118
5261,118
5262,118
5263,118
5264,118
5265,118
5266,118
5267,118
5268,118
5269,118
5270,118
5271,118
5272,118
5273,118
5274,118
5275,118
5276,118
5277,118
5278,118
5279,118
5280,118
5281,118
5282,118
5283,118
5284,118
5285,118
5286,118
5287,118
5288,118
5289,118
5290,118
5291,118
5292,118
5293,118
5294,118
5295,118
5296,118
5297,118
5298,118
5299,118
5300,118
5301,118
5302,118
5303,118
5304,118
5305,118
5306,118
5307,118
5308,118
5309,118
5310,118
5311,118
5312,118
5313,118
5314,118
5315,118
5316,118
5317,118
5318,118
5319,118
5320,118
5321,118
5322,118
5323,118
5324,118
5325,118
5326,118
5327,118
5328,118
5329,118
5330,118
5331,118
5332,118
5333,118
5334,118
5335,118
5336,118
5337,118
5338,118
5339,118
5340,118
5341,118
5342,118
5343,118
5344,118
5345,118
5346,118
5347,118
5348,118
5349,118
5350,118
5351,118
5352,118
5353,118
5354,118
5355,118
5356,118
5357,118
5358,118
5359,118
5360,118
5361,118
5362,118
5363,118
5364,118
5365,118
5366,118
5367,118
5368,118
5369,118
5370,118
5371,118
5372,118
5373,118
5374,118
5375,118
5376,118
5377,118
5378,118
5379,118
5380,118
5381,118
5382,118
5383,118
5384,118
5385,118
5386,118
5387,118
5388,118
5389,118
5390,118
5391,118
5392,118
5393,118
5394,118
5395,118
5396,118
5397,118
5398,118
5399,118
5400,118
5401,118
5402,118
5403,118
5404,118
5405,118
5406,118
5407,118
5408,118
5409,118
5410,118
5411,118
5412,118
5413,118
5414,118
5415,118
5416,118
5417,118
5418,118
5419,118
5420,118
5421,118
5422,118
5423,118
5424,118
5425,118
5426,118
5427,118
5428,118
5429,118
5430,118
5431,118
5432,118
5433,118
5434,118
5435,118
5436,118
5437,118
5438,118
5439,118
5440,118
5441,118
5442,118
5443,117
5444,117
5445,117
5446,117
5447,117
5448,117
5449,117
5450,117
5451,117
5452,117
5453,117
5454,117
5455,117
5456,117
5457,117
5458,117
5459,117
5460,117
5461,117
5462,117
5463,117
5464,117
5465,117
5466,117
5467,117
5468,117
5469,117
5470,117
5471,117
5472,117
5473,117
5474,117
5475,117
5476,117
5477,117
5478,117
5479,117
5480,117
5481,117
5482,117
5483,117
5484,117
5485,117
5486,117
5487,117
5488,117
5489,117
5490,117
5491,117
5492,117
5493,117
5494,117
5495,117
5496,117
5497,117
5498,117
5499,117
5500,117
5501,117
5502,117
5503,117
5504,117
5505,117
5506,117
5507,117
5508,117
5509,117
5510,117
5511,117
5512,117
5513,117
5514,117
5515,117
5516,117
5517,117
5518,117
5519,117
5520,117
5521,117
5522,117
5523,117
5524,117
5525,117
5526,117
5527,117
5528,117
5529,117
5530,117
5531,117
5532,117
5533,117
5534,117
5535,117
5536,117
5537,117
5538,117
5539,117
5540,117
5541,117
5542,117
5543,117
5544,117
5545,117
5546,117
5547,117
5548,117
5549,117
5550,117
5551,117
5552,117
5553,117
5554,117
5555,117
5556,117
5557,117
5558,117
5559,117
5560,117
5561,117
5562,117
5563,117
5564,117
5565,117
5566,117
5567,117
5568,117
5569,117
5570,117
5571,117
5572,117
5573,117
5574,117
5575,117
5576,117
5577,117
5578,117
5579,117
5580,117
5581,117
5582,117
5583,117
5584,117
5585,117
5586,117
5587,117
5588,117
5589,117
5590,117
5591,117
5592,117
5593,116
5594,116
5595,116
5596,116
5597,116
5598,116
5599,116
5600,116
5601,116
5602,116
5603,116
5604,116
5605,116
5606,116
5607,116
5608,116
5609,116
5610,116
5611,116
5612,116
5613,116
5614,116
5615,116
5616,116
5617,116
5618,116
5619,115
5620,115
5621,115
5622,115
5623,115
5624,115
5625,115
5626,115
5627,115
5628,115
5629,115
5630,115
5631,115
5632,115
5633,115
5634,115
5635,115
5636,115
5637,115
5638,115
5639,115
5640,115
5641,115
5642,115
5643,115
5644,115
5645,115
5646,115
5647,115
5648,115
5649,115
5650,115
5651,115
5652,115
5653,115
5654,115
5655,115
5656,114
5657,114
5658,114
5659,114
5660,113
5661,113
5662,113
5663,113
5664,113
5665,113
5666,113
5667,113
5668,113
5669,113
5670,113
5671,113
5672,113
5673,113
5674,113
5675,113
5676,113
5677,113
5678,113
5679,113
5680,113
5681,113
5682,113
5683,113
5684,113
5685,113
5686,113
5687,113
5688,113
5689,113
5690,113
5691,113
5692,113
5693,113
5694,113
5695,113
5696,113
5697,113
5698,113
5699,113
5700,113
5701,113
5702,113
5703,113
5704,113
5705,113
5706,113
5707,113
5708,113
5709,113
5710,113
5711,113
5712,113
5713,113
5714,113
5715,113
5716,113
5717,113
5718,113
5719,113
5720,113
5721,113
5722,113
5723,113
5724,113
5725,113
5726,113
5727,113
5728,113
5729,113
5730,113
5731,113
5732,113
5733,113
5734,113
5735,113
5736,113
5737,113
5738,113
5739,113
5740,113
5741,113
5742,113
5743,113
5744,113
5745,113
5746,113
5747,113
5748,113
5749,113
5750,113
5751,113
5752,113
5753,113
5754,113
5755,113
5756,113
5757,113
5758,113
5759,113
5760,113
5761,113
5762,113
5763,113
5764,113
5765,113
5766,113
5767,113
5768,113
5769,113
5770,113
5771,113
5772,113
5773,113
5774,113
5775,113
5776,113
5777,113
5778,113
5779,113
5780,113
5781,113
5782,113
5783,113
5784,113
5785,113
5786,113
5787,113
5788,113
5789,113
5790,113
5791,113
5792,113
5793,113
5794,113
5795,113
5796,113
5797,113
5798,113
5799,113
5800,113
5801,113
5802,113
5803,113
5804,113
5805,113
5806,113
5807,113
5808,113
5809,113
5810,113
5811,113
5812,113
5813,113
5814,113
5815,113
5816,113
5817,113
5818,113
5819,113
5820,113
5821,113
5822,113
5823,113
5824,113
5825,113
5826,113
5827,113
5828,113
5829,113
5830,113
5831,113
5832,113
5833,113
5834,113
5835,113
5836,113
5837,113
5838,113
5839,113
5840,113
5841,113
5842,113
5843,113
5844,113
5845,113
5846,113
5847,113
5848,113
5849,113
5850,113
5851,113
5852,113
5853,113
5854,113
5855,113
5856,113
5857,113
5858,113
5859,113
5860,113
5861,113
5862,113
5863,113
5864,113
5865,113
5866,113
5867,113
5868,113
5869,113
5870,113
5871,113
5872,113
5873,113
5874,113
5875,113
5876,113
5877,113
5878,113
5879,113
5880,113
5881,113
5882,113
5883,113
5884,113
5885,113
5886,113
5887,113
5888,113
5889,113
5890,113
5891,113
5892,113
5893,113
5894,113
5895,113
5896,113
5897,113
5898,113
5899,113
5900,113
5901,113
5902,113
5903,113
5904,113
5905,113
5906,113
5907,113
5908,113
5909,113
5910,113
5911,113
5912,113
5913,113
5914,113
5915,113
5916,113
5917,113
5918,113
5919,113
5920,113
5921,113
5922,113
5923,113
5924,113
5925,113
5926,113
5927,113
5928,113
5929,113
5930,113
5931,113
5932,113
5933,113
5934,113
5935,113
5936,113
5937,113
5938,113
5939,113
5940,113
5941,113
5942,113
5943,113
5944,113
5945,113
5946,113
5947,113
5948,113
5949,113
5950,113
5951,113
5952,113
5953,113
5954,113
5955,113
5956,113
5957,113
5958,113
5959,113
5960,113
5961,113
5962,113
5963,113
5964,113
5965,113
5966,113
5967,113
5968,113
5969,113
5970,113
5971,113
5972,113
5973,113
5974,113
5975,113
5976,113
5977,113
5978,113
5979,113
5980,113
5981,113
5982,113
5983,113
5984,113
5985,113
5986,113
5987,113
5988,113
5989,113
5990,113
5991,113
5992,113
5993,113
5994,113
5995,113
5996,113
5997,113
5998,113
5999,113
6000,113
6001,113
6002,113
6003,113
6004,113
6005,113
6006,113
6007,113
6008,113
6009,113
6010,113
6011,113
6012,113
6013,113
6014,113
6015,113
6016,113
6017,113
6018,113
6019,113
6020,113
6021,113
6022,113
6023,113
6024,113
6025,113
6026,113
6027,113
6028,113
6029,113
6030,113
6031,113
6032,113
6033,113
6034,113
6035,113
6036,113
6037,113
6038,113
6039,113
6040,113
6041,113
6042,113
6043,113
6044,113
6045,113
6046,113
6047,113
6048,113
6049,113
6050,113
6051,113
6052,113
6053,113
6054,113
6055,113
6056,113
6057,113
6058,113
6059,113
6060,113
6061,113
6062,113
6063,113
6064,113
6065,113
6066,113
6067,113
6068,113
6069,113
6070,113
6071,113
6072,113
6073,113
6074,113
6075,113
6076,113
6077,113
6078,113
6079,113
6080,113
6081,113
6082,113
6083,113
6084,113
6085,113
6086,113
6087,113
6088,113
6089,113
6090,113
6091,113
6092,113
6093,113
6094,113
6095,113
6096,113
6097,113
6098,113
6099,113
6100,113
6101,113
6102,113
6103,113
6104,113
6105,113
6106,113
6107,113
6108,113
6109,113
6110,113
6111,113
6112,113
6113,113
6114,113
6115,113
6116,113
6117,113
6118,113
6119,113
6120,113
6121,113
6122,113
6123,113
6124,113
6125,113
6126,113
6127,113
6128,113
6129,113
6130,113
6131,113
6132,113
6133,113
6134,113
6135,113
6136,113
6137,113
6138,113
6139,113
6140,113
6141,113
6142,113
6143,113
6144,113
6145,113
6146,113
6147,113
6148,113
6149,113
6150,113
6151,113
6152,113
6153,113
6154,113
6155,113
6156,113
6157,113
6158,113
6159,113
6160,113
6161,113
6162,113
6163,113
6164,113
6165,113
6166,113
6167,113
6168,113
6169,113
6170,113
6171,113
6172,113
6173,113
6174,113
6175,113
6176,113
6177,113
6178,113
6179,113
6180,113
6181,113
6182,113
6183,113
6184,113
6185,113
6186,113
6187,113
6188,113
6189,113
6190,113
6191,113
6192,113
6193,113
6194,113
6195,113
6196,113
6197,113
6198,113
6199,113
6200,113
6201,113
6202,113
6203,113
6204,113
6205,113
6206,113
6207,113
6208,113
6209,113
6210,113
6211,113
6212,113
6213,113
6214,113
6215,113
6216,113
6217,113
6218,113
6219,113
6220,113
6221,113
6222,113
6223,113
6224,113
6225,113
6226,113
6227,113
6228,113
6229,113
6230,113
6231,113
6232,113
6233,113
6234,113
6235,113
6236,113
6237,113
6238,113
6239,113
6240,113
6241,113
6242,113
6243,113
6244,113
6245,113
6246,113
6247,113
6248,113
6249,113
6250,113
6251,113
6252,113
6253,113
6254,113
6255,113
6256,113
6257,113
6258,113
6259,113
6260,113
6261,113
6262,113
6263,113
6264,113
6265,113
6266,113
6267,113
6268,113
6269,113
6270,113
6271,113
6272,113
6273,113
6274,113
6275,113
6276,113
6277,113
6278,113
6279,113
6280,113
6281,113
6282,113
6283,113
6284,113
6285,113
6286,113
6287,113
6288,113
6289,113
6290,113
6291,113
6292,113
6293,113
6294,113
6295,113
6296,113
6297,113
6298,113
6299,113
6300,113
6301,113
6302,113
6303,112
6304,112
6305,112
6306,112
6307,112
6308,112
6309,112
6310,112
6311,112
6312,112
6313,112
6314,112
6315,112
6316,112
6317,112
6318,112
6319,112
6320,112
6321,112
6322,112
6323,112
6324,112
6325,112
6326,112
6327,112
6328,112
6329,112
6330,112
6331,112
6332,112
6333,112
6334,112
6335,112
6336,112
6337,112
6338,112
6339,112
6340,112
6341,112
6342,112
6343,112
6344,112
6345,112
6346,112
6347,112
6348,112
6349,112
6350,112
6351,112
6352,112
6353,111
6354,111
6355,111
6356,111
6357,111
6358,111
6359,111
6360,111
6361,111
6362,110
6363,110
6364,109
6365,108
6366,108
6367,107
6368,107
6369,107
6370,106
6371,105
6372,104
6373,103
6374,102
6375,101
6376,99
6377,97
6378,95
6379,91
6380,90
6381,88
6382,87
6383,86
6384,85
6385,85
6386,84
6387,83
6388,82
6389,80
6390,79
6391,78
6392,77
6393,76
6394,75
6395,75
6396,75
6397,75
6398,75
6399,75
6400,75
6401,75
6402,75
6403,75
6404,75
6405,75
6406,75
6407,75
6408,75
6409,75
6410,75
6411,75
6412,75
6413,75
6414,75
6415,75
6416,75
6417,75
6418,75
6419,75
6420,75
6421,75
6422,75
6423,75
6424,75
6425,75
6426,75
6427,75
6428,75
6429,75
6430,75
6431,75
6432,75
6433,75
6434,75
6435,75
6436,75
6437,75
6438,75
6439,75
6440,75
6441,75
6442,75
6443,75
6444,75
6445,75
6446,75
6447,75
6448,75
6449,75
6450,75
6451,75
6452,75
6453,75
6454,75
6455,75
6456,75
6457,75
6458,75
6459,75
6460,75
6461,75
6462,75
6463,75
6464,75
6465,75
6466,75
6467,75
6468,75
6469,75
6470,75
6471,75
6472,75
6473,75
6474,75
6475,75
6476,75
6477,75
6478,75
6479,75
6480,75
6481,75
6482,75
6483,75
6484,75
6485,75
6486,75
6487,75
6488,75
6489,75
6490,75
6491,75
6492,75
6493,75
6494,75
6495,75
6496,75
6497,75
6498,75
6499,75
6500,75
6501,75
6502,75
6503,75
6504,75
6505,75
6506,75
6507,75
6508,75
6509,75
6510,75
6511,75
6512,75
6513,75
6514,75
6515,75
6516,75
6517,75
6518,75
6519,75
6520,75
6521,75
6522,75
6523,75
6524,75
6525,75
6526,75
6527,75
6528,75
6529,75
6530,75
6531,75
6532,75
6533,74
6534,74
6535,74
6536,74
6537,74
6538,74
6539,74
6540,74
6541,74
6542,74
6543,74
6544,74
6545,74
6546,74
6547,74
6548,74
6549,74
6550,74
6551,74
6552,74
6553,74
6554,74
6555,74
6556,74
6557,74
6558,74
6559,74
6560,74
6561,74
6562,74
6563,74
6564,74
6565,74
6566,74
6567,74
6568,74
6569,74
6570,74
6571,74
6572,74
6573,74
6574,74
6575,74
6576,74
6577,74
6578,74
6579,74
6580,74
6581,74
6582,74
6583,74
6584,74
6585,74
6586,74
6587,74
6588,74
6589,74
6590,74
6591,74
6592,74
6593,74
6594,74
6595,74
6596,74
6597,74
6598,74
6599,74
6600,74
6601,74
6602,74
6603,74
6604,74
6605,74
6606,74
6607,74
6608,74
6609,74
6610,74
6611,74
6612,74
6613,74
6614,74
6615,74
6616,74
6617,74
6618,74
6619,74
6620,74
6621,74
6622,74
6623,74
6624,74
6625,74
6626,74
6627,74
6628,74
6629,74
6630,74
6631,74
6632,74
6633,74
6634,74
6635,74
6636,74
6637,74
6638,74
6639,74
6640,74
6641,74
6642,74
6643,74
6644,74
6645,74
6646,74
6647,74
6648,74
6649,74
6650,74
6651,74
6652,74
6653,74
6654,74
6655,74
6656,74
6657,74
6658,74
6659,74
6660,74
6661,74
6662,74
6663,74
6664,74
6665,74
6666,74
6667,74
6668,74
6669,74
6670,74
6671,74
6672,74
6673,74
6674,74
6675,74
6676,74
6677,74
6678,74
6679,74
6680,74
6681,74
6682,74
6683,74
6684,74
6685,74
6686,74
6687,74
6688,74
6689,74
6690,74
6691,74
6692,74
6693,74
6694,74
6695,74
6696,74
6697,74
6698,74
6699,74
6700,74
6701,74
6702,74
6703,74
6704,74
6705,74
6706,74
6707,74
6708,74
6709,74
6710,74
6711,74
6712,74
6713,74
6714,74
6715,74
6716,74
6717,74
6718,74
6719,74
6720,74
6721,74
6722,74
6723,74
6724,74
6725,74
6726,74
6727,74
6728,74
6729,74
6730,74
6731,74
6732,74
6733,74
6734,74
6735,74
6736,74
6737,74
6738,74
6739,74
6740,74
6741,74
6742,74
6743,74
6744,74
6745,74
6746,74
6747,74
6748,74
6749,74
6750,74
6751,74
6752,74
6753,74
6754,74
6755,74
6756,74
6757,74
6758,74
6759,74
6760,74
6761,74
6762,74
6763,74
6764,74
6765,74
6766,74
6767,74
6768,74
6769,74
6770,74
6771,74
6772,74
6773,74
6774,74
6775,74
6776,74
6777,74
6778,74
6779,74
6780,74
6781,74
6782,74
6783,74
6784,74
6785,74
6786,74
6787,74
6788,74
6789,74
6790,74
6791,74
6792,74
6793,74
6794,74
6795,74
6796,74
6797,74
6798,74
6799,74
6800,74
6801,74
6802,74
6803,74
6804,74
6805,74
6806,74
6807,74
6808,74
6809,74
6810,74
6811,74
6812,74
6813,74
6814,74
6815,74
6816,74
6817,74
6818,74
6819,74
6820,74
6821,74
6822,74
6823,74
6824,74
6825,74
6826,74
6827,74
6828,74
6829,74
6830,74
6831,74
6832,74
6833,74
6834,74
6835,74
6836,74
6837,74
6838,74
6839,74
6840,74
6841,74
6842,74
6843,74
6844,74
6845,74
6846,74
6847,74
6848,74
6849,74
6850,74
6851,74
6852,74
6853,74
6854,74
6855,74
6856,74
6857,74
6858,74
6859,74
6860,74
6861,74
6862,74
6863,74
6864,74
6865,74
6866,74
6867,74
6868,74
6869,74
6870,74
6871,74
6872,74
6873,74
6874,74
6875,74
6876,74
6877,74
6878,74
6879,74
6880,74
6881,74
6882,74
6883,74
6884,74
6885,74
6886,74
6887,74
6888,74
6889,74
6890,74
6891,74
6892,74
6893,74
6894,74
6895,74
6896,74
6897,74
6898,74
6899,74
6900,74
6901,74
6902,74
6903,74
6904,74
6905,74
6906,74
6907,74
6908,74
6909,74
6910,74
6911,74
6912,74
6913,74
6914,74
6915,74
6916,74
6917,74
6918,74
6919,74
6920,74
6921,74
6922,74
6923,74
6924,74
6925,74
6926,74
6927,74
6928,74
6929,74
6930,74
6931,74
6932,74
6933,74
6934,74
6935,74
6936,74
6937,74
6938,74
6939,74
6940,74
6941,74
6942,74
6943,74
6944,74
6945,74
6946,74
6947,74
6948,74
6949,74
6950,74
6951,74
6952,74
6953,74
6954,74
6955,74
6956,74
6957,74
6958,74
6959,74
6960,74
6961,74
6962,74
6963,74
6964,74
6965,74
6966,74
6967,74
6968,74
6969,74
6970,74
6971,74
6972,74
6973,74
6974,73
6975,73
6976,73
6977,73
6978,73
6979,73
6980,73
6981,73
6982,73
6983,73
6984,73
6985,73
6986,73
6987,73
6988,73
6989,73
6990,73
6991,73
6992,73
6993,73
6994,73
6995,73
6996,73
6997,73
6998,73
6999,73
7000,73
7001,73
7002,73
7003,73
7004,73
7005,73
7006,73
7007,73
7008,73
7009,73
7010,73
7011,73
7012,73
7013,73
7014,73
7015,73
7016,73
7017,73
7018,73
7019,73
7020,73
7021,73
7022,73
7023,73
7024,73
7025,73
7026,73
7027,73
7028,73
7029,73
7030,73
7031,73
7032,73
7033,73
7034,73
7035,73
7036,73
7037,73
7038,73
7039,73
7040,73
7041,73
7042,73
7043,73
7044,73
7045,73
7046,73
7047,73
7048,73
7049,73
7050,73
7051,73
7052,73
7053,73
7054,73
7055,73
7056,73
7057,73
7058,73
7059,73
7060,73
7061,73
7062,73
7063,73
7064,73
7065,73
7066,73
7067,73
7068,73
7069,73
7070,73
7071,73
7072,73
7073,73
7074,73
7075,73
7076,73
7077,73
7078,73
7079,73
7080,73
7081,72
7082,72
7083,72
7084,72
7085,72
7086,72
7087,71
7088,71
7089,71
7090,71
7091,71
7092,71
7093,71
7094,71
7095,71
7096,71
7097,70
7098,70
7099,70
7100,70
7101,70
7102,70
7103,70
7104,70
7105,70
7106,70
7107,70
7108,70
7109,70
7110,70
7111,70
7112,70
7113,70
7114,70
7115,70
7116,70
7117,70
7118,70
7119,70
7120,70
7121,70
7122,70
7123,70
7124,70
7125,70
7126,70
7127,70
7128,70
7129,70
7130,70
7131,70
7132,70
7133,70
7134,70
7135,70
7136,70
7137,70
7138,70
7139,70
7140,70
7141,70
7142,70
7143,70
7144,70
7145,70
7146,70
7147,70
7148,70
7149,70
7150,70
7151,70
7152,70
7153,70
7154,70
7155,70
7156,70
7157,70
7158,70
7159,70
7160,70
7161,70
7162,70
7163,70
7164,70
7165,70
7166,70
7167,70
7168,70
7169,70
7170,70
7171,70
7172,70
7173,70
7174,70
7175,70
7176,70
7177,70
7178,70
7179,70
7180,70
7181,70
7182,70
7183,70
7184,70
7185,70
7186,70
7187,70
7188,70
7189,70
7190,70
7191,70
7192,70
7193,70
7194,70
7195,70
7196,70
7197,70
7198,70
7199,70
7200,70
7201,70
7202,70
7203,70
7204,70
7205,70
7206,70
7207,70
7208,70
7209,70
7210,70
7211,70
7212,70
7213,70
7214,70
7215,70
7216,70
7217,70
7218,70
7219,70
7220,70
7221,70
7222,70
7223,70
7224,70
7225,70
7226,70
7227,70
7228,70
7229,70
7230,70
7231,70
7232,70
7233,70
7234,70
7235,70
7236,70
7237,70
7238,70
7239,70
7240,70
7241,70
7242,70
7243,70
7244,70
7245,70
7246,70
7247,70
7248,70
7249,70
7250,70
7251,70
7252,70
7253,70
7254,70
7255,70
7256,70
7257,70
7258,70
7259,70
7260,70
7261,70
7262,70
7263,70
7264,70
7265,70
7266,70
7267,70
7268,70
7269,70
7270,70
7271,70
7272,70
7273,70
7274,70
7275,70
7276,70
7277,70
7278,70
7279,70
7280,70
7281,70
7282,70
7283,70
7284,70
7285,70
7286,70
7287,70
7288,70
7289,70
7290,70
7291,70
7292,70
7293,70
7294,70
7295,70
7296,70
7297,70
7298,70
7299,70
7300,70
7301,70
7302,70
7303,70
7304,70
7305,69
7306,69
7307,69
7308,69
7309,69
7310,69
7311,69
7312,69
7313,69
7314,69
7315,69
7316,69
7317,69
7318,69
7319,69
7320,69
7321,69
7322,69
7323,69
7324,69
7325,69
7326,69
7327,69
7328,69
7329,69
7330,69
7331,69
7332,69
7333,69
7334,69
7335,69
7336,69
7337,69
7338,69
7339,69
7340,69
7341,69
7342,69
7343,69
7344,69
7345,69
7346,69
7347,69
7348,69
7349,69
7350,69
7351,69
7352,69
7353,69
7354,69
7355,69
7356,69
7357,69
7358,69
7359,69
7360,69
7361,69
7362,69
7363,69
7364,69
7365,69
7366,69
7367,69
7368,69
7369,69
7370,69
7371,69
7372,69
7373,69
7374,69
7375,69
7376,69
7377,69
7378,69
7379,69
7380,69
7381,69
7382,69
7383,69
7384,69
7385,69
7386,69
7387,69
7388,69
7389,69
7390,69
7391,69
7392,69
7393,69
7394,69
7395,69
7396,69
7397,69
7398,69
7399,69
7400,69
7401,69
7402,69
7403,69
7404,69
7405,69
7406,69
7407,69
7408,69
7409,69
7410,69
7411,69
7412,69
7413,69
7414,69
7415,69
7416,69
7417,69
7418,69
7419,69
7420,69
7421,69
7422,69
7423,69
7424,69
7425,69
7426,69
7427,69
7428,69
7429,69
7430,69
7431,69
7432,69
7433,69
7434,69
7435,69
7436,69
7437,69
7438,69
7439,69
7440,69
7441,69
7442,69
7443,69
7444,69
7445,69
7446,69
7447,69
7448,69
7449,69
7450,69
7451,69
7452,69
7453,69
7454,69
7455,69
7456,69
7457,69
7458,69
7459,69
7460,69
7461,69
7462,69
7463,69
7464,69
7465,69
7466,69
7467,69
7468,69
7469,69
7470,69
7471,69
7472,69
7473,68
7474,68
7475,68
7476,68
7477,68
7478,68
7479,68
7480,68
7481,68
7482,68
7483,68
7484,68
7485,68
7486,68
7487,68
7488,68
7489,68
7490,68
7491,68
7492,68
7493,68
7494,68
7495,68
7496,68
7497,68
7498,68
7499,68
7500,68
7501,68
7502,68
7503,68
7504,68
7505,68
7506,68
7507,68
7508,68
7509,68
7510,68
7511,68
7512,68
7513,68
7514,68
7515,68
7516,68
7517,68
7518,68
7519,68
7520,68
7521,68
7522,68
7523,68
7524,68
7525,68
7526,68
7527,68
7528,68
7529,68
7530,68
7531,68
7532,68
7533,68
7534,68
7535,68
7536,68
7537,68
7538,68
7539,68
7540,68
7541,68
7542,68
7543,68
7544,68
7545,68
7546,68
7547,68
7548,68
7549,68
7550,68
7551,68
7552,68
7553,68
7554,68
7555,68
7556,68
7557,68
7558,68
7559,68
7560,68
7561,68
7562,68
7563,68
7564,68
7565,68
7566,68
7567,68
7568,68
7569,68
7570,68
7571,68
7572,68
7573,68
7574,68
7575,68
7576,68
7577,68
7578,68
7579,68
7580,68
7581,68
7582,68
7583,68
7584,68
7585,68
7586,68
7587,68
7588,68
7589,68
7590,68
7591,68
7592,68
7593,68
7594,68
7595,68
7596,68
7597,68
7598,68
7599,68
7600,68
7601,68
7602,68
7603,68
7604,68
7605,68
7606,68
7607,68
7608,68
7609,68
7610,68
7611,68
7612,68
7613,68
7614,68
7615,68
7616,68
7617,68
7618,68
7619,68
7620,68
7621,68
7622,68
7623,68
7624,68
7625,68
7626,68
7627,68
7628,68
7629,68
7630,68
7631,68
7632,68
7633,68
7634,68
7635,68
7636,68
7637,68
7638,68
7639,68
7640,68
7641,68
7642,68
7643,68
7644,68
7645,68
7646,68
7647,68
7648,68
7649,68
7650,68
7651,68
7652,68
7653,68
7654,68
7655,68
7656,68
7657,68
7658,68
7659,68
7660,68
7661,68
7662,68
7663,68
7664,68
7665,68
7666,68
7667,68
7668,68
7669,68
7670,68
7671,68
7672,68
7673,68
7674,68
7675,68
7676,68
7677,68
7678,68
7679,68
7680,68
7681,68
7682,68
7683,68
7684,68
7685,68
7686,68
7687,68
7688,68
7689,68
7690,68
7691,68
7692,68
7693,68
7694,68
7695,68
7696,68
7697,68
7698,68
7699,67
7700,67
7701,67
7702,67
7703,67
7704,67
7705,67
7706,67
7707,67
7708,67
7709,67
7710,67
7711,67
7712,67
7713,67
7714,67
7715,67
7716,67
7717,67
7718,67
7719,67
7720,67
7721,67
7722,67
7723,67
7724,67
7725,67
7726,67
7727,67
7728,67
7729,67
7730,67
7731,67
7732,66
7733,66
7734,66
7735,66
7736,66
7737,66
7738,66
7739,66
7740,66
7741,66
7742,66
7743,66
7744,66
7745,66
7746,66
7747,66
7748,66
7749,66
7750,66
7751,66
7752,66
7753,66
7754,66
7755,66
7756,66
7757,66
7758,66
7759,66
7760,66
7761,66
7762,66
7763,66
7764,66
7765,66
7766,66
7767,66
7768,66
7769,66
7770,66
7771,66
7772,66
7773,66
7774,66
7775,66
7776,66
7777,66
7778,66
7779,66
7780,66
7781,66
7782,66
7783,66
7784,66
7785,66
7786,66
7787,66
7788,66
7789,66
7790,66
7791,66
7792,66
7793,66
7794,66
7795,66
7796,66
7797,66
7798,66
7799,66
7800,66
7801,66
7802,66
7803,66
7804,66
7805,66
7806,66
7807,66
7808,66
7809,66
7810,66
7811,66
7812,66
7813,66
7814,66
7815,66
7816,66
7817,66
7818,66
7819,66
7820,66
7821,66
7822,66
7823,66
7824,66
7825,66
7826,66
7827,66
7828,66
7829,66
7830,65
7831,65
7832,65
7833,65
7834,65
7835,65
7836,65
7837,65
7838,65
7839,65
7840,65
7841,65
7842,65
7843,65
7844,65
7845,65
7846,65
7847,65
7848,65
7849,65
7850,65
7851,65
7852,65
7853,65
7854,65
7855,65
7856,65
7857,65
7858,65
7859,65
7860,65
7861,65
7862,65
7863,65
7864,65
7865,65
7866,65
7867,65
7868,65
7869,65
7870,65
7871,65
7872,65
7873,65
7874,65
7875,65
7876,65
7877,65
7878,65
7879,65
7880,65
7881,65
7882,65
7883,65
7884,65
7885,65
7886,65
7887,65
7888,65
7889,65
7890,65
7891,65
7892,65
7893,65
7894,65
7895,65
7896,65
7897,65
7898,65
7899,65
7900,65
7901,65
7902,65
7903,65
7904,65
7905,65
7906,65
7907,65
7908,65
7909,65
7910,65
7911,65
7912,65
7913,65
7914,65
7915,65
7916,65
7917,65
7918,65
7919,65
7920,65
7921,65
7922,65
7923,65
7924,65
7925,65
7926,65
7927,65
7928,65
7929,65
7930,65
7931,65
7932,65
7933,65
7934,65
7935,65
7936,65
7937,65
7938,65
7939,65
7940,65
7941,65
7942,65
7943,65
7944,65
7945,65
7946,65
7947,65
7948,65
7949,65
7950,65
7951,65
7952,65
7953,65
7954,65
7955,65
7956,65
7957,65
7958,65
7959,65
7960,65
7961,65
7962,65
7963,65
7964,65
7965,65
7966,65
7967,65
7968,65
7969,65
7970,65
7971,65
7972,65
7973,65
7974,65
7975,65
7976,65
7977,65
7978,65
7979,65
7980,65
7981,65
7982,65
7983,65
7984,65
7985,65
7986,65
7987,65
7988,65
7989,65
7990,65
7991,65
7992,65
7993,65
7994,65
7995,65
7996,65
7997,65
7998,65
7999,65
8000,65
8001,65
8002,65
8003,65
8004,65
8005,65
8006,65
8007,65
8008,65
8009,65
8010,65
8011,65
8012,65
8013,65
8014,65
8015,65
8016,65
8017,65
8018,65
8019,65
8020,65
8021,65
8022,65
8023,65
8024,65
8025,65
8026,65
8027,65
8028,65
8029,65
8030,65
8031,65
8032,65
8033,65
8034,65
8035,65
8036,65
8037,65
8038,65
8039,65
8040,65
8041,65
8042,65
8043,65
8044,65
8045,65
8046,65
8047,65
8048,65
8049,65
8050,65
8051,65
8052,65
8053,65
8054,65
8055,65
8056,65
8057,65
8058,65
8059,65
8060,65
8061,65
8062,65
8063,65
8064,65
8065,65
8066,65
8067,65
8068,65
8069,65
8070,65
8071,65
8072,65
8073,65
8074,65
8075,65
8076,65
8077,65
8078,65
8079,65
8080,65
8081,65
8082,65
8083,65
8084,65
8085,65
8086,65
8087,65
8088,65
8089,65
8090,65
8091,65
8092,65
8093,65
8094,65
8095,65
8096,65
8097,65
8098,65
8099,65
8100,65
8101,65
8102,65
8103,65
8104,65
8105,65
8106,65
8107,65
8108,65
8109,65
8110,65
8111,65
8112,65
8113,65
8114,65
8115,65
8116,65
8117,65
8118,65
8119,65
8120,65
8121,65
8122,65
8123,65
8124,65
8125,65
8126,65
8127,65
8128,65
8129,65
8130,65
8131,65
8132,65
8133,65
8134,65
8135,65
8136,65
8137,65
8138,65
8139,65
8140,65
8141,65
8142,65
8143,65
8144,65
8145,65
8146,65
8147,65
8148,65
8149,65
8150,65
8151,65
8152,65
8153,65
8154,65
8155,65
8156,65
8157,65
8158,65
8159,65
8160,65
8161,65
8162,65
8163,65
8164,65
8165,65
8166,65
8167,65
8168,65
8169,65
8170,65
8171,65
8172,65
8173,65
8174,65
8175,65
8176,65
8177,65
8178,65
8179,65
8180,65
8181,65
8182,65
8183,65
8184,65
8185,65
8186,65
8187,65
8188,65
8189,65
8190,65
8191,65
8192,65
8193,65
8194,65
8195,65
8196,65
8197,65
8198,65
8199,65
8200,65
8201,65
8202,65
8203,65
8204,65
8205,65
8206,65
8207,65
8208,65
8209,65
8210,65
8211,65
8212,65
8213,65
8214,65
8215,65
8216,65
8217,65
8218,65
8219,65
8220,65
8221,65
8222,65
8223,65
8224,65
8225,65
8226,65
8227,65
8228,65
8229,65
8230,65
8231,65
8232,65
8233,65
8234,65
8235,65
8236,65
8237,65
8238,65
8239,65
8240,65
8241,65
8242,65
8243,65
8244,65
8245,65
8246,65
8247,65
8248,65
8249,65
8250,65
8251,65
8252,65
8253,65
8254,65
8255,65
8256,65
8257,65
8258,65
8259,65
8260,65
8261,65
8262,65
8263,65
8264,65
8265,65
8266,65
8267,65
8268,65
8269,65
8270,65
8271,65
8272,65
8273,65
8274,65
8275,65
8276,65
8277,65
8278,65
8279,65
8280,65
8281,65
8282,65
8283,65
8284,65
8285,65
8286,65
8287,65
8288,65
8289,65
8290,65
8291,65
8292,65
8293,65
8294,65
8295,65
8296,65
8297,65
8298,65
8299,65
8300,65
8301,65
8302,65
8303,65
8304,65
8305,65
8306,65
8307,65
8308,65
8309,65
8310,65
8311,64
8312,64
8313,64
8314,64
8315,64
8316,64
8317,64
8318,64
8319,64
8320,64
8321,64
8322,64
8323,64
8324,64
8325,64
8326,64
8327,64
8328,64
8329,64
8330,64
8331,64
8332,64
8333,64
8334,64
8335,64
8336,64
8337,64
8338,64
8339,64
8340,64
8341,64
8342,64
8343,64
8344,64
8345,64
8346,64
8347,64
8348,64
8349,64
8350,64
8351,64
8352,64
8353,64
8354,64
8355,64
8356,64
8357,64
8358,64
8359,64
8360,64
8361,64
8362,64
8363,64
8364,64
8365,64
8366,64
8367,64
8368,64
8369,64
8370,64
8371,64
8372,64
8373,64
8374,64
8375,64
8376,64
8377,64
8378,64
8379,64
8380,64
8381,64
8382,64
8383,64
8384,64
8385,64
8386,64
8387,64
8388,64
8389,64
8390,64
8391,64
8392,64
8393,64
8394,64
8395,64
8396,64
8397,64
8398,64
8399,64
8400,64
8401,64
8402,64
8403,64
8404,64
8405,64
8406,64
8407,64
8408,64
8409,64
8410,64
8411,64
8412,64
8413,64
8414,64
8415,64
8416,64
8417,64
8418,64
8419,64
8420,64
8421,64
8422,64
8423,64
8424,64
8425,64
8426,64
8427,64
8428,64
8429,64
8430,64
8431,64
8432,64
8433,64
8434,64
8435,64
8436,64
8437,64
8438,64
8439,64
8440,64
8441,64
8442,64
8443,64
8444,64
8445,64
8446,64
8447,64
8448,64
8449,64
8450,64
8451,64
8452,64
8453,64
8454,64
8455,64
8456,64
8457,64
8458,64
8459,64
8460,64
8461,64
8462,64
8463,64
8464,64
8465,64
8466,64
8467,64
8468,64
8469,64
8470,64
8471,64
8472,64
8473,64
8474,64
8475,64
8476,64
8477,64
8478,64
8479,64
8480,64
8481,64
8482,64
8483,64
8484,64
8485,64
8486,64
8487,64
8488,64
8489,64
8490,64
8491,64
8492,64
8493,64
8494,64
8495,64
8496,64
8497,64
8498,64
8499,64
8500,64
8501,64
8502,64
8503,64
8504,64
8505,64
8506,64
8507,64
8508,64
8509,64
8510,64
8511,64
8512,64
8513,64
8514,64
8515,64
8516,64
8517,64
8518,64
8519,64
8520,64
8521,64
8522,64
8523,64
8524,64
8525,64
8526,64
8527,64
8528,64
8529,64
8530,64
8531,64
8532,64
8533,64
8534,64
8535,64
8536,64
8537,64
8538,64
8539,64
8540,64
8541,64
8542,64
8543,64
8544,64
8545,64
8546,64
8547,64
8548,64
8549,64
8550,64
8551,64
8552,64
8553,64
8554,64
8555,64
8556,64
8557,64
8558,64
8559,64
8560,64
8561,64
8562,64
8563,64
8564,64
8565,64
8566,64
8567,64
8568,64
8569,64
8570,64
8571,64
8572,64
8573,64
8574,64
8575,64
8576,64
8577,64
8578,64
8579,64
8580,64
8581,64
8582,64
8583,64
8584,64
8585,64
8586,64
8587,64
8588,64
8589,64
8590,64
8591,64
8592,64
8593,64
8594,64
8595,64
8596,64
8597,64
8598,64
8599,64
8600,64
8601,64
8602,64
8603,64
8604,64
8605,64
8606,64
8607,64
8608,64
8609,64
8610,64
8611,64
8612,64
8613,64
8614,64
8615,64
8616,64
8617,64
8618,64
8619,64
8620,64
8621,64
8622,64
8623,64
8624,64
8625,64
8626,64
8627,64
8628,64
8629,64
8630,64
8631,64
8632,64
8633,64
8634,64
8635,64
8636,64
8637,64
8638,64
8639,64
8640,64
8641,64
8642,64
8643,64
8644,64
8645,64
8646,64
8647,64
8648,64
8649,64
8650,64
8651,64
8652,64
8653,64
8654,64
8655,64
8656,64
8657,64
8658,64
8659,64
8660,64
8661,64
8662,64
8663,64
8664,64
8665,64
8666,64
8667,64
8668,64
8669,64
8670,64
8671,64
8672,64
8673,64
8674,64
8675,64
8676,64
8677,64
8678,64
8679,64
8680,64
8681,64
8682,64
8683,64
8684,64
8685,64
8686,64
8687,64
8688,64
8689,64
8690,64
8691,64
8692,64
8693,64
8694,64
8695,64
8696,64
8697,64
8698,64
8699,64
8700,64
8701,64
8702,64
8703,64
8704,64
8705,64
8706,64
8707,64
8708,64
8709,64
8710,64
8711,64
8712,64
8713,64
8714,64
8715,64
8716,64
8717,64
8718,64
8719,64
8720,64
8721,64
8722,64
8723,64
8724,64
8725,64
8726,64
8727,64
8728,64
8729,64
8730,64
8731,64
8732,64
8733,64
8734,64
8735,64
8736,64
8737,64
8738,64
8739,64
8740,64
8741,64
8742,64
8743,64
8744,64
8745,64
8746,64
8747,64
8748,64
8749,64
8750,64
8751,64
8752,64
8753,64
8754,64
8755,64
8756,64
8757,64
8758,64
8759,64
8760,64
8761,64
8762,64
8763,64
8764,64
8765,64
8766,64
8767,64
8768,64
8769,64
8770,64
8771,64
8772,64
8773,64
8774,64
8775,64
8776,64
8777,64
8778,64
8779,64
8780,64
8781,64
8782,64
8783,64
8784,64
8785,64
8786,64
8787,64
8788,64
8789,64
8790,64
8791,64
8792,64
8793,64
8794,64
8795,64
8796,64
8797,64
8798,64
8799,64
8800,64
8801,64
8802,64
8803,64
8804,64
8805,64
8806,64
8807,64
8808,64
8809,64
8810,64
8811,64
8812,64
8813,64
8814,64
8815,64
8816,64
8817,64
8818,64
8819,64
8820,64
8821,64
8822,64
8823,64
8824,64
8825,64
8826,64
8827,64
8828,64
8829,64
8830,64
8831,64
8832,64
8833,64
8834,64
8835,64
8836,64
8837,64
8838,64
8839,64
8840,64
8841,64
8842,64
8843,64
8844,64
8845,64
8846,64
8847,64
8848,64
8849,64
8850,64
8851,64
8852,64
8853,64
8854,64
8855,64
8856,64
8857,64
8858,64
8859,64
8860,64
8861,64
8862,64
8863,64
8864,64
8865,64
8866,64
8867,64
8868,64
8869,64
8870,64
8871,64
8872,64
8873,64
8874,64
8875,64
8876,64
8877,64
8878,64
8879,64
8880,64
8881,64
8882,64
8883,64
8884,64
8885,64
8886,64
8887,64
8888,64
8889,64
8890,64
8891,64
8892,64
8893,64
8894,64
8895,64
8896,64
8897,64
8898,64
8899,64
8900,64
8901,64
8902,64
8903,64
8904,64
8905,64
8906,64
8907,64
8908,64
8909,64
8910,64
8911,64
8912,64
8913,64
8914,64
8915,64
8916,64
8917,64
8918,64
8919,64
8920,64
8921,64
8922,64
8923,64
8924,64
8925,64
8926,64
8927,64
8928,64
8929,64
8930,64
8931,64
8932,64
8933,64
8934,64
8935,64
8936,64
8937,64
8938,64
8939,64
8940,64
8941,64
8942,64
8943,64
8944,64
8945,64
8946,64
8947,64
8948,64
8949,64
8950,64
8951,64
8952,64
8953,64
8954,64
8955,64
8956,64
8957,64
8958,64
8959,64
8960,64
8961,64
8962,64
8963,64
8964,64
8965,64
8966,64
8967,64
8968,64
8969,64
8970,64
8971,64
8972,64
8973,64
8974,64
8975,64
8976,64
8977,64
8978,64
8979,64
8980,64
8981,64
8982,64
8983,64
8984,64
8985,64
8986,64
8987,64
8988,64
8989,64
8990,64
8991,64
8992,64
8993,64
8994,64
8995,64
8996,64
8997,64
8998,64
8999,64
9000,64
9001,64
9002,64
9003,64
9004,64
9005,64
9006,64
9007,64
9008,64
9009,64
9010,64
9011,64
9012,64
9013,64
9014,64
9015,64
9016,64
9017,64
9018,64
9019,64
9020,64
9021,64
9022,64
9023,64
9024,64
9025,64
9026,64
9027,64
9028,64
9029,64
9030,64
9031,64
9032,64
9033,64
9034,64
9035,64
9036,64
9037,64
9038,64
9039,64
9040,64
9041,64
9042,64
9043,64
9044,64
9045,64
9046,64
9047,64
9048,64
9049,64
9050,64
9051,64
9052,64
9053,64
9054,64
9055,64
9056,64
9057,64
9058,64
9059,64
9060,64
9061,64
9062,64
9063,64
9064,64
9065,64
9066,64
9067,64
9068,64
9069,64
9070,64
9071,64
9072,64
9073,64
9074,64
9075,64
9076,64
9077,64
9078,64
9079,64
9080,64
9081,64
9082,64
9083,64
9084,64
9085,64
9086,64
9087,64
9088,64
9089,64
9090,64
9091,64
9092,64
9093,64
9094,64
9095,64
9096,64
9097,64
9098,64
9099,64
9100,64
9101,64
9102,64
9103,64
9104,64
9105,64
9106,64
9107,64
9108,64
9109,64
9110,64
9111,64
9112,64
9113,64
9114,64
9115,64
9116,64
9117,64
9118,64
9119,64
9120,64
9121,64
9122,64
9123,64
9124,64
9125,64
9126,64
9127,64
9128,64
9129,64
9130,64
9131,64
9132,64
9133,64
9134,64
9135,64
9136,64
9137,64
9138,64
9139,64
9140,64
9141,64
9142,64
9143,64
9144,64
9145,64
9146,64
9147,64
9148,64
9149,64
9150,64
9151,64
9152,64
9153,64
9154,64
9155,64
9156,64
9157,64
9158,64
9159,64
9160,64
9161,64
9162,64
9163,64
9164,64
9165,64
9166,64
9167,64
9168,64
9169,64
9170,64
9171,64
9172,64
9173,64
9174,64
9175,64
9176,64
9177,64
9178,64
9179,64
9180,64
9181,64
9182,64
9183,64
9184,64
9185,64
9186,64
9187,64
9188,64
9189,64
9190,64
9191,64
9192,64
9193,64
9194,64
9195,64
9196,64
9197,64
9198,64
9199,64
9200,64
9201,64
9202,64
9203,64
9204,64
9205,64
9206,64
9207,64
9208,64
9209,64
9210,64
9211,64
9212,64
9213,64
9214,64
9215,64
9216,64
9217,64
9218,64
9219,64
9220,64
9221,64
9222,64
9223,64
9224,64
9225,64
9226,64
9227,64
9228,64
9229,64
9230,64
9231,64
9232,64
9233,64
9234,64
9235,64
9236,64
9237,64
9238,64
9239,64
9240,64
9241,64
9242,64
9243,64
9244,64
9245,64
9246,64
9247,64
9248,64
9249,64
9250,64
9251,64
9252,64
9253,64
9254,64
9255,64
9256,64
9257,64
9258,64
9259,64
9260,64
9261,64
9262,64
9263,64
9264,64
9265,64
9266,64
9267,64
9268,64
9269,64
9270,64
9271,64
9272,64
9273,64
9274,64
9275,64
9276,64
9277,64
9278,64
9279,64
9280,64
9281,64
9282,64
9283,64
9284,64
9285,64
9286,64
9287,64
9288,64
9289,64
9290,64
9291,64
9292,64
9293,64
9294,64
9295,64
9296,64
9297,64
9298,64
9299,64
9300,64
9301,64
9302,64
9303,64
9304,64
9305,64
9306,64
9307,64
9308,64
9309,64
9310,64
9311,64
9312,64
9313,64
9314,64
9315,64
9316,64
9317,64
9318,64
9319,64
9320,64
9321,64
9322,64
9323,64
9324,64
9325,64
9326,64
9327,64
9328,64
9329,64
9330,64
9331,64
9332,64
9333,64
9334,64
9335,64
9336,64
9337,64
9338,64
9339,64
9340,64
9341,64
9342,64
9343,64
9344,64
9345,64
9346,64
9347,64
9348,64
9349,64
9350,64
9351,64
9352,64
9353,64
9354,64
9355,64
9356,64
9357,64
9358,64
9359,64
9360,64
9361,64
9362,64
9363,64
9364,64
9365,64
9366,64
9367,64
9368,64
9369,64
9370,64
9371,64
9372,64
9373,64
9374,64
9375,64
9376,64
9377,64
9378,64
9379,64
9380,64
9381,64
9382,64
9383,64
9384,64
9385,64
9386,64
9387,64
9388,64
9389,64
9390,64
9391,64
9392,64
9393,64
9394,64
9395,64
9396,64
9397,64
9398,64
9399,64
9400,64
9401,64
9402,64
9403,64
9404,64
9405,64
9406,64
9407,64
9408,64
9409,64
9410,64
9411,64
9412,64
9413,64
9414,64
9415,64
9416,64
9417,64
9418,64
9419,64
9420,64
9421,64
9422,64
9423,64
9424,64
9425,64
9426,64
9427,64
9428,64
9429,64
9430,64
9431,64
9432,64
9433,64
9434,64
9435,64
9436,64
9437,64
9438,64
9439,64
9440,64
9441,64
9442,64
9443,64
9444,64
9445,64
9446,64
9447,64
9448,64
9449,64
9450,64
9451,64
9452,64
9453,64
9454,64
9455,64
9456,64
9457,64
9458,64
9459,64
9460,64
9461,64
9462,64
9463,64
9464,64
9465,64
9466,64
9467,64
9468,64
9469,64
9470,64
9471,64
9472,64
9473,64
9474,64
9475,64
9476,64
9477,64
9478,64
9479,64
9480,64
9481,64
9482,64
9483,64
9484,64
9485,64
9486,64
9487,64
9488,64
9489,64
9490,64
9491,64
9492,64
9493,64
9494,64
9495,64
9496,64
9497,64
9498,64
9499,64
9500,64
9501,64
9502,64
9503,64
9504,64
9505,64
9506,64
9507,64
9508,64
9509,64
9510,64
9511,64
9512,64
9513,64
9514,64
9515,64
9516,64
9517,64
9518,64
9519,64
9520,64
9521,64
9522,64
9523,64
9524,64
9525,64
9526,64
9527,64
9528,64
9529,64
9530,64
9531,64
9532,64
9533,64
9534,64
9535,64
9536,64
9537,64
9538,64
9539,64
9540,64
9541,64
9542,64
9543,64
9544,64
9545,64
9546,64
9547,64
9548,64
9549,64
9550,64
9551,64
9552,64
9553,64
9554,64
9555,64
9556,64
9557,64
9558,64
9559,64
9560,64
9561,64
9562,64
9563,64
9564,64
9565,64
9566,64
9567,64
9568,64
9569,64
9570,64
9571,64
9572,64
9573,64
9574,64
9575,64
9576,64
9577,64
9578,64
9579,64
9580,64
9581,64
9582,64
9583,64
9584,64
9585,64
9586,64
9587,64
9588,64
9589,64
9590,64
9591,64
9592,64
9593,64
9594,64
9595,64
9596,64
9597,64
9598,64
9599,64
9600,64
9601,64
9602,64
9603,64
9604,64
9605,64
9606,64
9607,64
9608,64
9609,64
9610,64
9611,64
9612,64
9613,64
9614,64
9615,64
9616,64
9617,64
9618,64
9619,64
9620,64
9621,64
9622,64
9623,64
9624,64
9625,64
9626,64
9627,64
9628,64
9629,64
9630,64
9631,64
9632,64
9633,64
9634,64
9635,64
9636,64
9637,64
9638,64
9639,64
9640,64
9641,64
9642,64
9643,64
9644,64
9645,64
9646,64
9647,64
9648,64
9649,64
9650,64
9651,64
9652,64
9653,64
9654,64
9655,64
9656,64
9657,64
9658,64
9659,64
9660,64
9661,64
9662,64
9663,64
9664,64
9665,64
9666,64
9667,64
9668,64
9669,64
9670,64
9671,64
9672,64
9673,64
9674,64
9675,64
9676,64
9677,64
9678,64
9679,64
9680,64
9681,64
9682,64
9683,64
9684,64
9685,64
9686,64
9687,64
9688,64
9689,64
9690,64
9691,64
9692,64
9693,64
9694,64
9695,64
9696,64
9697,64
9698,64
9699,64
9700,64
9701,64
9702,64
9703,64
9704,64
9705,64
9706,64
9707,64
9708,64
9709,64
9710,64
9711,64
9712,64
9713,64
9714,64
9715,64
9716,64
9717,64
9718,64
9719,64
9720,64
9721,64
9722,64
9723,64
9724,64
9725,64
9726,64
9727,64
9728,64
9729,64
9730,64
9731,64
9732,64
9733,64
9734,64
9735,64
9736,64
9737,64
9738,64
9739,64
9740,64
9741,64
9742,64
9743,64
9744,64
9745,64
9746,64
9747,64
9748,64
9749,64
9750,64
9751,64
9752,64
9753,64
9754,64
9755,64
9756,64
9757,64
9758,64
9759,64
9760,64
9761,64
9762,64
9763,64
9764,64
9765,64
9766,64
9767,64
9768,64
9769,64
9770,64
9771,64
9772,64
9773,64
9774,64
9775,64
9776,64
9777,64
9778,64
9779,64
9780,64
9781,64
9782,64
9783,64
9784,64
9785,64
9786,64
9787,64
9788,64
9789,64
9790,64
9791,64
9792,64
9793,64
9794,64
9795,64
9796,64
9797,64
9798,64
9799,64
9800,64
9801,64
9802,64
9803,64
9804,64
9805,64
9806,64
9807,64
9808,64
9809,64
9810,64
9811,64
9812,64
9813,64
9814,64
9815,64
9816,64
9817,64
9818,64
9819,64
9820,64
9821,64
9822,64
9823,64
9824,64
9825,64
9826,64
9827,64
9828,64
9829,64
9830,64
9831,64
9832,64
9833,64
9834,64
9835,64
9836,64
9837,64
9838,64
9839,64
9840,64
9841,64
9842,64
9843,64
9844,64
9845,64
9846,64
9847,64
9848,64
9849,64
9850,64
9851,64
9852,64
9853,64
9854,64
9855,64
9856,64
9857,64
9858,64
9859,64
9860,64
9861,64
9862,64
9863,64
9864,64
9865,64
9866,64
9867,64
9868,64
9869,64
9870,64
9871,64
9872,64
9873,64
9874,64
9875,64
9876,64
9877,64
9878,64
9879,64
9880,64
9881,64
9882,64
9883,64
9884,64
9885,64
9886,64
9887,64
9888,64
9889,64
9890,64
9891,64
9892,64
9893,64
9894,64
9895,64
9896,64
9897,64
9898,64
9899,64
9900,64
9901,64
9902,64
9903,64
9904,64
9905,64
9906,64
9907,64
9908,64
9909,64
9910,64
9911,64
9912,64
9913,64
9914,64
9915,64
9916,64
9917,64
9918,64
9919,64
9920,64
9921,64
9922,64
9923,64
9924,64
9925,64
9926,64
9927,64
9928,64
9929,64
9930,64
9931,64
9932,64
9933,64
9934,64
9935,64
9936,64
9937,64
9938,64
9939,64
9940,64
9941,64
9942,64
9943,64
9944,64
9945,64
9946,64
9947,64
9948,64
9949,64
9950,64
9951,64
9952,64
9953,64
9954,64
9955,64
9956,64
9957,64
9958,64
9959,64
9960,64
9961,64
9962,64
9963,64
9964,64
9965,64
9966,64
9967,64
9968,64
9969,64
9970,64
9971,64
9972,64
9973,64
9974,64
9975,64
9976,64
9977,64
9978,64
9979,64
9980,64
9981,64
9982,64
9983,64
9984,64
9985,64
9986,64
9987,64
9988,64
9989,64
9990,64
9991,64
9992,64
9993,64
9994,64
9995,64
9996,64
9997,64
9998,64
9999,64
