,pso
0,301
1,301
2,301
3,301
4,301
5,301
6,301
7,301
8,301
9,301
10,301
11,301
12,301
13,301
14,301
15,301
16,301
17,301
18,301
19,301
20,301
21,301
22,301
23,301
24,301
25,301
26,301
27,301
28,301
29,301
30,301
31,301
32,301
33,301
34,301
35,301
36,301
37,301
38,301
39,301
40,301
41,301
42,301
43,301
44,301
45,301
46,301
47,301
48,301
49,301
50,301
51,301
52,301
53,301
54,301
55,301
56,301
57,301
58,301
59,301
60,301
61,301
62,301
63,301
64,301
65,301
66,301
67,301
68,301
69,301
70,301
71,301
72,301
73,301
74,301
75,301
76,301
77,301
78,301
79,301
80,301
81,301
82,301
83,301
84,301
85,301
86,301
87,301
88,301
89,301
90,301
91,301
92,301
93,301
94,301
95,301
96,301
97,301
98,301
99,301
100,301
101,301
102,301
103,301
104,301
105,301
106,301
107,301
108,301
109,301
110,301
111,301
112,301
113,301
114,301
115,301
116,301
117,301
118,301
119,301
120,301
121,301
122,301
123,301
124,301
125,301
126,301
127,301
128,301
129,301
130,301
131,301
132,301
133,301
134,301
135,301
136,301
137,301
138,301
139,301
140,301
141,301
142,301
143,301
144,301
145,301
146,301
147,301
148,301
149,301
150,301
151,301
152,301
153,301
154,301
155,301
156,301
157,301
158,301
159,301
160,301
161,301
162,301
163,301
164,301
165,301
166,301
167,301
168,301
169,301
170,301
171,301
172,301
173,301
174,301
175,301
176,301
177,301
178,301
179,301
180,301
181,301
182,301
183,301
184,301
185,301
186,301
187,301
188,301
189,301
190,301
191,301
192,301
193,301
194,301
195,301
196,301
197,301
198,301
199,301
200,301
201,301
202,301
203,301
204,301
205,301
206,301
207,301
208,301
209,301
210,301
211,301
212,301
213,301
214,301
215,301
216,301
217,301
218,301
219,301
220,301
221,301
222,301
223,301
224,301
225,301
226,301
227,301
228,301
229,301
230,301
231,301
232,301
233,301
234,301
235,301
236,301
237,301
238,301
239,301
240,301
241,301
242,301
243,301
244,301
245,301
246,301
247,301
248,301
249,301
250,301
251,301
252,301
253,301
254,301
255,301
256,301
257,301
258,301
259,301
260,301
261,301
262,301
263,301
264,301
265,301
266,301
267,301
268,301
269,301
270,301
271,301
272,301
273,301
274,301
275,301
276,301
277,301
278,301
279,301
280,301
281,301
282,301
283,301
284,301
285,301
286,301
287,301
288,301
289,301
290,301
291,301
292,301
293,301
294,301
295,301
296,301
297,301
298,301
299,301
300,301
301,301
302,301
303,301
304,301
305,301
306,301
307,301
308,301
309,301
310,301
311,301
312,301
313,301
314,301
315,301
316,301
317,301
318,301
319,301
320,301
321,301
322,301
323,301
324,301
325,301
326,301
327,301
328,301
329,301
330,301
331,301
332,301
333,301
334,301
335,301
336,301
337,301
338,301
339,301
340,301
341,301
342,301
343,301
344,301
345,301
346,301
347,301
348,301
349,301
350,301
351,301
352,301
353,301
354,301
355,301
356,301
357,301
358,301
359,301
360,301
361,301
362,301
363,301
364,301
365,301
366,301
367,301
368,301
369,301
370,301
371,301
372,301
373,301
374,301
375,301
376,301
377,301
378,301
379,301
380,301
381,301
382,301
383,301
384,301
385,301
386,301
387,301
388,301
389,301
390,301
391,301
392,301
393,301
394,301
395,301
396,301
397,301
398,301
399,301
400,301
401,301
402,301
403,301
404,301
405,301
406,301
407,301
408,301
409,301
410,301
411,301
412,301
413,301
414,301
415,301
416,301
417,301
418,301
419,301
420,301
421,301
422,301
423,301
424,301
425,301
426,301
427,301
428,301
429,301
430,301
431,301
432,301
433,301
434,301
435,301
436,301
437,301
438,301
439,301
440,301
441,301
442,301
443,301
444,301
445,301
446,301
447,301
448,301
449,301
450,301
451,301
452,301
453,301
454,301
455,301
456,301
457,301
458,301
459,301
460,301
461,301
462,301
463,301
464,301
465,301
466,301
467,301
468,301
469,301
470,301
471,301
472,301
473,301
474,301
475,301
476,301
477,301
478,301
479,301
480,301
481,301
482,301
483,301
484,301
485,301
486,301
487,301
488,301
489,301
490,301
491,301
492,301
493,301
494,301
495,301
496,301
497,301
498,301
499,301
500,301
501,301
502,301
503,301
504,301
505,301
506,301
507,301
508,301
509,301
510,301
511,301
512,301
513,301
514,301
515,301
516,301
517,301
518,301
519,301
520,301
521,301
522,301
523,301
524,301
525,301
526,301
527,301
528,301
529,301
530,301
531,301
532,301
533,301
534,301
535,301
536,301
537,301
538,301
539,301
540,301
541,301
542,301
543,301
544,301
545,301
546,301
547,301
548,301
549,301
550,301
551,301
552,301
553,301
554,301
555,301
556,301
557,301
558,301
559,301
560,301
561,301
562,301
563,301
564,301
565,301
566,301
567,301
568,301
569,301
570,301
571,301
572,301
573,301
574,301
575,301
576,301
577,301
578,301
579,301
580,301
581,301
582,301
583,301
584,301
585,301
586,301
587,301
588,301
589,301
590,301
591,301
592,301
593,301
594,301
595,301
596,301
597,301
598,301
599,301
600,301
601,301
602,301
603,301
604,301
605,301
606,301
607,301
608,301
609,301
610,301
611,301
612,301
613,301
614,301
615,301
616,301
617,301
618,301
619,301
620,301
621,301
622,301
623,301
624,301
625,301
626,301
627,301
628,301
629,301
630,301
631,301
632,301
633,301
634,301
635,301
636,301
637,301
638,301
639,301
640,301
641,301
642,301
643,301
644,301
645,301
646,301
647,301
648,301
649,301
650,301
651,301
652,301
653,301
654,301
655,301
656,301
657,301
658,301
659,301
660,301
661,301
662,301
663,301
664,301
665,301
666,301
667,301
668,301
669,301
670,301
671,301
672,301
673,301
674,301
675,301
676,301
677,301
678,301
679,301
680,301
681,301
682,301
683,301
684,301
685,301
686,301
687,301
688,301
689,301
690,301
691,301
692,301
693,301
694,301
695,301
696,301
697,301
698,301
699,301
700,301
701,301
702,301
703,301
704,301
705,301
706,301
707,301
708,301
709,301
710,301
711,301
712,301
713,301
714,301
715,301
716,301
717,301
718,301
719,301
720,301
721,301
722,301
723,301
724,301
725,301
726,301
727,301
728,301
729,301
730,301
731,301
732,301
733,301
734,301
735,301
736,301
737,301
738,301
739,301
740,301
741,301
742,301
743,301
744,301
745,301
746,301
747,301
748,301
749,301
750,301
751,301
752,301
753,301
754,301
755,301
756,301
757,301
758,301
759,301
760,301
761,301
762,301
763,301
764,301
765,301
766,301
767,301
768,301
769,301
770,301
771,301
772,301
773,301
774,301
775,301
776,301
777,301
778,301
779,301
780,301
781,301
782,301
783,301
784,301
785,301
786,301
787,301
788,301
789,301
790,301
791,301
792,301
793,301
794,301
795,301
796,301
797,301
798,301
799,301
800,301
801,301
802,301
803,301
804,301
805,301
806,301
807,301
808,301
809,301
810,301
811,301
812,301
813,301
814,301
815,301
816,301
817,301
818,301
819,301
820,301
821,301
822,301
823,301
824,301
825,301
826,301
827,301
828,301
829,301
830,301
831,301
832,301
833,301
834,301
835,301
836,301
837,301
838,301
839,301
840,301
841,301
842,301
843,301
844,301
845,301
846,301
847,301
848,301
849,301
850,301
851,301
852,301
853,301
854,301
855,301
856,301
857,301
858,301
859,301
860,301
861,301
862,301
863,301
864,301
865,301
866,301
867,301
868,301
869,301
870,301
871,301
872,301
873,301
874,301
875,301
876,301
877,301
878,301
879,301
880,301
881,301
882,301
883,301
884,301
885,301
886,301
887,301
888,301
889,301
890,301
891,301
892,301
893,301
894,301
895,301
896,301
897,301
898,301
899,301
900,301
901,301
902,301
903,301
904,301
905,301
906,301
907,301
908,301
909,301
910,301
911,301
912,301
913,301
914,301
915,301
916,301
917,301
918,301
919,301
920,301
921,301
922,301
923,301
924,301
925,301
926,301
927,301
928,301
929,301
930,301
931,301
932,301
933,301
934,301
935,301
936,301
937,301
938,301
939,301
940,301
941,301
942,301
943,301
944,301
945,301
946,301
947,301
948,301
949,301
950,301
951,301
952,301
953,301
954,301
955,301
956,301
957,301
958,301
959,301
960,301
961,301
962,301
963,301
964,301
965,301
966,301
967,301
968,301
969,301
970,301
971,301
972,301
973,301
974,301
975,301
976,301
977,301
978,301
979,301
980,301
981,301
982,301
983,301
984,301
985,301
986,301
987,301
988,301
989,301
990,301
991,301
992,301
993,301
994,301
995,301
996,301
997,301
998,301
999,301
1000,301
1001,301
1002,301
1003,301
1004,301
1005,301
1006,301
1007,301
1008,301
1009,301
1010,301
1011,301
1012,301
1013,301
1014,301
1015,301
1016,301
1017,301
1018,301
1019,301
1020,301
1021,301
1022,301
1023,301
1024,301
1025,301
1026,301
1027,301
1028,301
1029,301
1030,301
1031,301
1032,301
1033,301
1034,301
1035,301
1036,301
1037,301
1038,301
1039,301
1040,301
1041,301
1042,301
1043,301
1044,301
1045,301
1046,301
1047,301
1048,301
1049,301
1050,301
1051,301
1052,301
1053,301
1054,301
1055,301
1056,301
1057,301
1058,301
1059,301
1060,301
1061,301
1062,301
1063,301
1064,301
1065,301
1066,301
1067,301
1068,301
1069,301
1070,301
1071,301
1072,301
1073,301
1074,301
1075,301
1076,301
1077,301
1078,301
1079,301
1080,301
1081,301
1082,301
1083,301
1084,301
1085,301
1086,301
1087,301
1088,301
1089,301
1090,301
1091,301
1092,301
1093,301
1094,301
1095,301
1096,301
1097,301
1098,301
1099,301
1100,301
1101,301
1102,301
1103,301
1104,301
1105,301
1106,301
1107,301
1108,301
1109,301
1110,301
1111,301
1112,301
1113,301
1114,301
1115,301
1116,301
1117,301
1118,301
1119,301
1120,301
1121,301
1122,301
1123,301
1124,301
1125,301
1126,301
1127,301
1128,301
1129,301
1130,301
1131,301
1132,301
1133,301
1134,301
1135,301
1136,301
1137,301
1138,301
1139,301
1140,301
1141,301
1142,301
1143,301
1144,301
1145,301
1146,301
1147,301
1148,301
1149,301
1150,301
1151,301
1152,301
1153,301
1154,301
1155,301
1156,301
1157,301
1158,301
1159,301
1160,301
1161,301
1162,301
1163,301
1164,301
1165,301
1166,301
1167,301
1168,301
1169,301
1170,301
1171,301
1172,301
1173,301
1174,301
1175,301
1176,301
1177,301
1178,301
1179,301
1180,301
1181,301
1182,301
1183,301
1184,301
1185,301
1186,301
1187,301
1188,301
1189,301
1190,301
1191,301
1192,301
1193,301
1194,301
1195,301
1196,301
1197,301
1198,301
1199,301
1200,301
1201,301
1202,301
1203,301
1204,301
1205,301
1206,301
1207,301
1208,301
1209,301
1210,301
1211,301
1212,301
1213,301
1214,301
1215,301
1216,301
1217,301
1218,301
1219,301
1220,301
1221,301
1222,301
1223,301
1224,301
1225,301
1226,301
1227,301
1228,301
1229,301
1230,301
1231,301
1232,301
1233,301
1234,301
1235,301
1236,301
1237,301
1238,301
1239,301
1240,301
1241,301
1242,301
1243,301
1244,301
1245,301
1246,301
1247,301
1248,301
1249,301
1250,301
1251,301
1252,301
1253,301
1254,301
1255,301
1256,301
1257,301
1258,301
1259,301
1260,301
1261,301
1262,301
1263,301
1264,301
1265,301
1266,301
1267,301
1268,301
1269,301
1270,301
1271,301
1272,301
1273,301
1274,301
1275,301
1276,301
1277,301
1278,301
1279,301
1280,301
1281,301
1282,301
1283,301
1284,301
1285,301
1286,301
1287,301
1288,301
1289,301
1290,301
1291,301
1292,301
1293,301
1294,301
1295,301
1296,301
1297,301
1298,301
1299,301
1300,301
1301,301
1302,301
1303,301
1304,301
1305,301
1306,301
1307,301
1308,301
1309,301
1310,301
1311,301
1312,301
1313,301
1314,301
1315,301
1316,301
1317,301
1318,301
1319,301
1320,301
1321,301
1322,301
1323,301
1324,301
1325,301
1326,301
1327,301
1328,301
1329,301
1330,301
1331,301
1332,301
1333,301
1334,301
1335,301
1336,301
1337,301
1338,301
1339,301
1340,301
1341,301
1342,301
1343,301
1344,301
1345,301
1346,301
1347,301
1348,301
1349,301
1350,301
1351,301
1352,301
1353,301
1354,301
1355,301
1356,301
1357,301
1358,301
1359,301
1360,301
1361,301
1362,301
1363,301
1364,301
1365,301
1366,301
1367,301
1368,301
1369,301
1370,301
1371,301
1372,301
1373,301
1374,301
1375,301
1376,301
1377,301
1378,301
1379,301
1380,301
1381,301
1382,301
1383,301
1384,301
1385,301
1386,301
1387,301
1388,301
1389,301
1390,301
1391,301
1392,301
1393,301
1394,301
1395,301
1396,301
1397,301
1398,301
1399,301
1400,301
1401,301
1402,301
1403,301
1404,301
1405,301
1406,301
1407,301
1408,301
1409,301
1410,301
1411,301
1412,301
1413,301
1414,301
1415,301
1416,301
1417,301
1418,301
1419,301
1420,301
1421,301
1422,301
1423,301
1424,301
1425,301
1426,301
1427,301
1428,301
1429,301
1430,301
1431,301
1432,301
1433,301
1434,301
1435,301
1436,301
1437,301
1438,301
1439,301
1440,301
1441,301
1442,301
1443,301
1444,301
1445,301
1446,301
1447,301
1448,301
1449,301
1450,301
1451,301
1452,301
1453,301
1454,301
1455,301
1456,301
1457,301
1458,301
1459,301
1460,301
1461,301
1462,301
1463,301
1464,301
1465,301
1466,301
1467,301
1468,301
1469,301
1470,301
1471,301
1472,301
1473,301
1474,301
1475,301
1476,301
1477,301
1478,301
1479,301
1480,301
1481,301
1482,301
1483,301
1484,301
1485,301
1486,301
1487,301
1488,301
1489,301
1490,301
1491,301
1492,301
1493,301
1494,301
1495,301
1496,301
1497,301
1498,301
1499,301
1500,301
1501,301
1502,301
1503,301
1504,301
1505,301
1506,301
1507,301
1508,301
1509,301
1510,301
1511,301
1512,301
1513,301
1514,301
1515,301
1516,301
1517,301
1518,301
1519,301
1520,301
1521,301
1522,301
1523,301
1524,301
1525,301
1526,301
1527,301
1528,301
1529,301
1530,301
1531,301
1532,301
1533,301
1534,301
1535,301
1536,301
1537,301
1538,301
1539,301
1540,301
1541,301
1542,301
1543,301
1544,301
1545,301
1546,301
1547,301
1548,301
1549,301
1550,301
1551,301
1552,301
1553,301
1554,301
1555,301
1556,301
1557,301
1558,301
1559,301
1560,301
1561,301
1562,301
1563,301
1564,301
1565,301
1566,301
1567,301
1568,301
1569,301
1570,301
1571,301
1572,301
1573,301
1574,301
1575,301
1576,301
1577,301
1578,301
1579,301
1580,301
1581,301
1582,301
1583,301
1584,301
1585,301
1586,301
1587,301
1588,301
1589,301
1590,301
1591,301
1592,301
1593,301
1594,301
1595,301
1596,301
1597,301
1598,301
1599,301
1600,301
1601,301
1602,301
1603,301
1604,301
1605,301
1606,301
1607,301
1608,301
1609,301
1610,301
1611,301
1612,301
1613,301
1614,301
1615,301
1616,301
1617,301
1618,301
1619,301
1620,301
1621,301
1622,301
1623,301
1624,301
1625,301
1626,301
1627,301
1628,301
1629,301
1630,301
1631,301
1632,301
1633,301
1634,301
1635,301
1636,301
1637,301
1638,301
1639,301
1640,301
1641,301
1642,301
1643,301
1644,301
1645,301
1646,301
1647,301
1648,301
1649,301
1650,301
1651,301
1652,301
1653,301
1654,301
1655,301
1656,301
1657,301
1658,301
1659,301
1660,301
1661,301
1662,301
1663,301
1664,301
1665,301
1666,301
1667,301
1668,301
1669,301
1670,301
1671,301
1672,301
1673,301
1674,301
1675,301
1676,301
1677,301
1678,301
1679,301
1680,301
1681,301
1682,301
1683,301
1684,301
1685,301
1686,301
1687,301
1688,301
1689,301
1690,301
1691,301
1692,301
1693,301
1694,301
1695,301
1696,301
1697,301
1698,301
1699,301
1700,301
1701,301
1702,301
1703,301
1704,301
1705,301
1706,301
1707,301
1708,301
1709,301
1710,301
1711,301
1712,301
1713,301
1714,301
1715,301
1716,301
1717,301
1718,301
1719,301
1720,301
1721,301
1722,301
1723,301
1724,301
1725,301
1726,301
1727,301
1728,301
1729,301
1730,301
1731,301
1732,301
1733,301
1734,301
1735,301
1736,301
1737,301
1738,301
1739,301
1740,301
1741,301
1742,301
1743,301
1744,301
1745,301
1746,301
1747,301
1748,301
1749,301
1750,301
1751,301
1752,301
1753,301
1754,301
1755,301
1756,301
1757,301
1758,301
1759,301
1760,301
1761,301
1762,301
1763,301
1764,301
1765,301
1766,301
1767,301
1768,301
1769,301
1770,301
1771,301
1772,301
1773,301
1774,301
1775,301
1776,301
1777,301
1778,301
1779,301
1780,301
1781,301
1782,301
1783,301
1784,301
1785,301
1786,301
1787,301
1788,301
1789,301
1790,301
1791,301
1792,301
1793,301
1794,301
1795,301
1796,301
1797,301
1798,301
1799,301
1800,301
1801,301
1802,301
1803,301
1804,301
1805,301
1806,301
1807,301
1808,301
1809,301
1810,301
1811,301
1812,301
1813,301
1814,301
1815,301
1816,301
1817,301
1818,301
1819,301
1820,301
1821,301
1822,301
1823,301
1824,301
1825,301
1826,301
1827,301
1828,301
1829,301
1830,301
1831,301
1832,301
1833,301
1834,301
1835,301
1836,301
1837,301
1838,301
1839,301
1840,301
1841,301
1842,301
1843,301
1844,301
1845,301
1846,301
1847,301
1848,301
1849,301
1850,301
1851,301
1852,301
1853,301
1854,301
1855,301
1856,301
1857,301
1858,301
1859,301
1860,301
1861,301
1862,301
1863,301
1864,301
1865,301
1866,301
1867,301
1868,301
1869,301
1870,301
1871,301
1872,301
1873,301
1874,301
1875,301
1876,301
1877,301
1878,301
1879,301
1880,301
1881,301
1882,301
1883,301
1884,301
1885,301
1886,301
1887,301
1888,301
1889,301
1890,301
1891,301
1892,301
1893,301
1894,301
1895,301
1896,301
1897,301
1898,301
1899,301
1900,301
1901,301
1902,301
1903,301
1904,301
1905,301
1906,301
1907,301
1908,301
1909,301
1910,301
1911,301
1912,301
1913,301
1914,301
1915,301
1916,301
1917,301
1918,301
1919,301
1920,301
1921,301
1922,301
1923,301
1924,301
1925,301
1926,301
1927,301
1928,301
1929,301
1930,301
1931,301
1932,301
1933,301
1934,301
1935,301
1936,301
1937,301
1938,301
1939,301
1940,301
1941,301
1942,301
1943,301
1944,301
1945,301
1946,301
1947,301
1948,301
1949,301
1950,301
1951,301
1952,301
1953,301
1954,301
1955,301
1956,301
1957,301
1958,301
1959,301
1960,301
1961,301
1962,301
1963,301
1964,301
1965,301
1966,301
1967,301
1968,301
1969,301
1970,301
1971,301
1972,301
1973,301
1974,301
1975,301
1976,301
1977,301
1978,301
1979,301
1980,301
1981,301
1982,301
1983,301
1984,301
1985,301
1986,301
1987,301
1988,301
1989,301
1990,301
1991,301
1992,301
1993,301
1994,301
1995,301
1996,301
1997,301
1998,301
1999,301
2000,301
2001,301
2002,301
2003,301
2004,301
2005,301
2006,301
2007,301
2008,301
2009,301
2010,301
2011,301
2012,301
2013,301
2014,301
2015,301
2016,301
2017,301
2018,301
2019,301
2020,301
2021,301
2022,301
2023,301
2024,301
2025,301
2026,301
2027,301
2028,301
2029,301
2030,301
2031,301
2032,301
2033,301
2034,301
2035,301
2036,301
2037,301
2038,301
2039,301
2040,301
2041,301
2042,301
2043,301
2044,301
2045,301
2046,301
2047,301
2048,301
2049,301
2050,301
2051,301
2052,301
2053,301
2054,301
2055,301
2056,301
2057,301
2058,301
2059,301
2060,301
2061,301
2062,301
2063,301
2064,301
2065,301
2066,301
2067,301
2068,301
2069,301
2070,301
2071,301
2072,301
2073,301
2074,301
2075,301
2076,301
2077,301
2078,301
2079,301
2080,301
2081,301
2082,301
2083,301
2084,301
2085,301
2086,301
2087,301
2088,301
2089,301
2090,301
2091,301
2092,301
2093,301
2094,301
2095,301
2096,301
2097,301
2098,301
2099,301
2100,301
2101,301
2102,301
2103,301
2104,301
2105,301
2106,301
2107,301
2108,301
2109,301
2110,301
2111,301
2112,301
2113,301
2114,301
2115,301
2116,301
2117,301
2118,301
2119,301
2120,301
2121,301
2122,301
2123,301
2124,301
2125,301
2126,301
2127,301
2128,301
2129,301
2130,301
2131,301
2132,301
2133,301
2134,301
2135,301
2136,301
2137,301
2138,301
2139,301
2140,301
2141,301
2142,301
2143,301
2144,301
2145,301
2146,301
2147,301
2148,301
2149,301
2150,301
2151,301
2152,301
2153,301
2154,301
2155,301
2156,301
2157,301
2158,301
2159,301
2160,301
2161,301
2162,301
2163,301
2164,301
2165,301
2166,301
2167,301
2168,301
2169,301
2170,301
2171,301
2172,301
2173,301
2174,301
2175,301
2176,301
2177,301
2178,301
2179,301
2180,301
2181,301
2182,301
2183,301
2184,301
2185,301
2186,301
2187,301
2188,301
2189,301
2190,301
2191,301
2192,301
2193,301
2194,301
2195,301
2196,301
2197,301
2198,301
2199,301
2200,301
2201,301
2202,301
2203,301
2204,301
2205,301
2206,301
2207,301
2208,301
2209,301
2210,301
2211,301
2212,301
2213,301
2214,301
2215,301
2216,301
2217,301
2218,301
2219,301
2220,301
2221,301
2222,301
2223,301
2224,301
2225,301
2226,301
2227,301
2228,301
2229,301
2230,301
2231,301
2232,301
2233,301
2234,301
2235,301
2236,301
2237,301
2238,301
2239,301
2240,301
2241,301
2242,301
2243,301
2244,301
2245,301
2246,301
2247,301
2248,301
2249,301
2250,301
2251,301
2252,301
2253,301
2254,301
2255,301
2256,301
2257,301
2258,301
2259,301
2260,301
2261,301
2262,301
2263,301
2264,301
2265,301
2266,301
2267,301
2268,301
2269,301
2270,301
2271,301
2272,301
2273,301
2274,301
2275,301
2276,301
2277,301
2278,301
2279,301
2280,301
2281,301
2282,301
2283,301
2284,301
2285,301
2286,301
2287,301
2288,301
2289,301
2290,301
2291,301
2292,301
2293,301
2294,301
2295,301
2296,301
2297,301
2298,301
2299,301
2300,301
2301,301
2302,301
2303,301
2304,301
2305,301
2306,301
2307,301
2308,301
2309,301
2310,301
2311,301
2312,301
2313,301
2314,301
2315,301
2316,301
2317,301
2318,301
2319,301
2320,301
2321,301
2322,301
2323,301
2324,301
2325,301
2326,301
2327,301
2328,301
2329,301
2330,301
2331,301
2332,301
2333,301
2334,301
2335,301
2336,301
2337,301
2338,301
2339,301
2340,301
2341,301
2342,301
2343,301
2344,301
2345,301
2346,301
2347,301
2348,301
2349,301
2350,301
2351,301
2352,301
2353,301
2354,301
2355,301
2356,301
2357,301
2358,301
2359,301
2360,301
2361,301
2362,301
2363,301
2364,301
2365,301
2366,301
2367,301
2368,301
2369,301
2370,301
2371,301
2372,301
2373,301
2374,301
2375,301
2376,301
2377,301
2378,301
2379,301
2380,301
2381,301
2382,301
2383,301
2384,301
2385,301
2386,301
2387,301
2388,301
2389,301
2390,301
2391,301
2392,301
2393,301
2394,301
2395,301
2396,301
2397,301
2398,301
2399,301
2400,301
2401,301
2402,301
2403,301
2404,301
2405,301
2406,301
2407,301
2408,301
2409,301
2410,301
2411,301
2412,301
2413,301
2414,301
2415,301
2416,301
2417,301
2418,301
2419,301
2420,301
2421,301
2422,301
2423,301
2424,301
2425,301
2426,301
2427,301
2428,301
2429,301
2430,301
2431,301
2432,301
2433,301
2434,301
2435,301
2436,301
2437,301
2438,301
2439,301
2440,301
2441,301
2442,301
2443,301
2444,301
2445,301
2446,301
2447,301
2448,301
2449,301
2450,301
2451,301
2452,301
2453,301
2454,301
2455,301
2456,301
2457,301
2458,301
2459,301
2460,301
2461,301
2462,301
2463,301
2464,301
2465,301
2466,301
2467,301
2468,301
2469,301
2470,301
2471,301
2472,301
2473,301
2474,301
2475,301
2476,301
2477,301
2478,301
2479,301
2480,301
2481,301
2482,301
2483,301
2484,301
2485,301
2486,301
2487,301
2488,301
2489,301
2490,301
2491,301
2492,301
2493,301
2494,301
2495,301
2496,301
2497,301
2498,301
2499,301
2500,301
2501,301
2502,301
2503,301
2504,301
2505,301
2506,301
2507,301
2508,301
2509,301
2510,301
2511,301
2512,301
2513,301
2514,301
2515,301
2516,301
2517,301
2518,301
2519,301
2520,301
2521,301
2522,301
2523,301
2524,301
2525,301
2526,301
2527,301
2528,301
2529,301
2530,301
2531,301
2532,301
2533,301
2534,301
2535,301
2536,301
2537,301
2538,301
2539,301
2540,301
2541,301
2542,301
2543,301
2544,301
2545,301
2546,301
2547,301
2548,301
2549,301
2550,301
2551,301
2552,301
2553,301
2554,301
2555,301
2556,301
2557,301
2558,301
2559,301
2560,301
2561,301
2562,301
2563,301
2564,301
2565,301
2566,301
2567,301
2568,301
2569,301
2570,301
2571,301
2572,301
2573,301
2574,301
2575,301
2576,301
2577,301
2578,301
2579,301
2580,301
2581,301
2582,301
2583,301
2584,301
2585,301
2586,301
2587,301
2588,301
2589,301
2590,301
2591,301
2592,301
2593,301
2594,301
2595,301
2596,301
2597,301
2598,301
2599,301
2600,301
2601,301
2602,301
2603,301
2604,301
2605,301
2606,301
2607,301
2608,301
2609,301
2610,301
2611,301
2612,301
2613,301
2614,301
2615,301
2616,301
2617,301
2618,301
2619,301
2620,301
2621,301
2622,301
2623,301
2624,301
2625,301
2626,301
2627,301
2628,301
2629,301
2630,301
2631,301
2632,301
2633,301
2634,301
2635,301
2636,301
2637,301
2638,301
2639,301
2640,301
2641,301
2642,301
2643,301
2644,301
2645,301
2646,301
2647,301
2648,301
2649,301
2650,301
2651,301
2652,301
2653,301
2654,301
2655,301
2656,301
2657,301
2658,301
2659,301
2660,301
2661,301
2662,301
2663,301
2664,301
2665,301
2666,301
2667,301
2668,301
2669,301
2670,301
2671,301
2672,301
2673,301
2674,301
2675,301
2676,301
2677,301
2678,301
2679,301
2680,301
2681,301
2682,301
2683,301
2684,301
2685,301
2686,301
2687,301
2688,301
2689,301
2690,301
2691,301
2692,301
2693,301
2694,301
2695,301
2696,301
2697,301
2698,301
2699,301
2700,301
2701,301
2702,301
2703,301
2704,301
2705,301
2706,301
2707,301
2708,301
2709,301
2710,301
2711,301
2712,301
2713,301
2714,301
2715,301
2716,301
2717,301
2718,301
2719,301
2720,301
2721,301
2722,301
2723,301
2724,301
2725,301
2726,301
2727,301
2728,301
2729,301
2730,301
2731,301
2732,301
2733,301
2734,301
2735,301
2736,301
2737,301
2738,301
2739,301
2740,301
2741,301
2742,301
2743,301
2744,301
2745,301
2746,301
2747,301
2748,301
2749,301
2750,301
2751,301
2752,301
2753,301
2754,301
2755,301
2756,301
2757,301
2758,301
2759,301
2760,301
2761,301
2762,301
2763,301
2764,301
2765,301
2766,301
2767,301
2768,301
2769,301
2770,301
2771,301
2772,301
2773,301
2774,301
2775,301
2776,301
2777,301
2778,301
2779,301
2780,301
2781,301
2782,301
2783,301
2784,301
2785,301
2786,301
2787,301
2788,301
2789,301
2790,301
2791,301
2792,301
2793,301
2794,301
2795,301
2796,301
2797,301
2798,301
2799,301
2800,301
2801,301
2802,301
2803,301
2804,301
2805,301
2806,301
2807,301
2808,301
2809,301
2810,301
2811,301
2812,301
2813,301
2814,301
2815,301
2816,301
2817,301
2818,301
2819,301
2820,301
2821,301
2822,301
2823,301
2824,301
2825,301
2826,301
2827,301
2828,301
2829,301
2830,301
2831,301
2832,301
2833,301
2834,301
2835,301
2836,301
2837,301
2838,301
2839,301
2840,301
2841,301
2842,301
2843,301
2844,301
2845,301
2846,301
2847,301
2848,301
2849,301
2850,301
2851,301
2852,301
2853,301
2854,301
2855,301
2856,301
2857,301
2858,301
2859,301
2860,301
2861,301
2862,301
2863,301
2864,301
2865,301
2866,301
2867,301
2868,301
2869,301
2870,301
2871,301
2872,301
2873,301
2874,301
2875,301
2876,301
2877,301
2878,301
2879,301
2880,301
2881,301
2882,301
2883,301
2884,301
2885,301
2886,301
2887,301
2888,301
2889,301
2890,301
2891,301
2892,301
2893,301
2894,301
2895,301
2896,301
2897,301
2898,301
2899,301
2900,301
2901,301
2902,301
2903,301
2904,301
2905,301
2906,301
2907,301
2908,301
2909,301
2910,301
2911,301
2912,301
2913,301
2914,301
2915,301
2916,301
2917,301
2918,301
2919,301
2920,301
2921,301
2922,301
2923,301
2924,301
2925,301
2926,301
2927,301
2928,301
2929,301
2930,301
2931,301
2932,301
2933,301
2934,301
2935,301
2936,301
2937,301
2938,301
2939,301
2940,301
2941,301
2942,301
2943,301
2944,301
2945,301
2946,301
2947,301
2948,301
2949,301
2950,301
2951,301
2952,301
2953,301
2954,301
2955,301
2956,301
2957,301
2958,301
2959,301
2960,301
2961,301
2962,301
2963,301
2964,301
2965,301
2966,301
2967,301
2968,301
2969,301
2970,301
2971,301
2972,301
2973,301
2974,301
2975,301
2976,301
2977,301
2978,301
2979,301
2980,301
2981,301
2982,301
2983,301
2984,301
2985,301
2986,301
2987,301
2988,301
2989,301
2990,301
2991,301
2992,301
2993,301
2994,301
2995,301
2996,301
2997,301
2998,301
2999,301
3000,301
3001,301
3002,301
3003,301
3004,301
3005,301
3006,300
3007,300
3008,300
3009,300
3010,300
3011,300
3012,300
3013,300
3014,300
3015,300
3016,300
3017,300
3018,300
3019,300
3020,300
3021,300
3022,300
3023,300
3024,300
3025,300
3026,300
3027,300
3028,300
3029,300
3030,300
3031,300
3032,300
3033,300
3034,300
3035,300
3036,300
3037,300
3038,300
3039,300
3040,300
3041,300
3042,300
3043,300
3044,300
3045,300
3046,300
3047,300
3048,300
3049,300
3050,300
3051,300
3052,300
3053,300
3054,300
3055,300
3056,300
3057,300
3058,300
3059,300
3060,300
3061,300
3062,300
3063,300
3064,300
3065,300
3066,300
3067,300
3068,300
3069,300
3070,300
3071,300
3072,300
3073,300
3074,300
3075,300
3076,300
3077,300
3078,300
3079,300
3080,300
3081,300
3082,300
3083,300
3084,300
3085,300
3086,300
3087,300
3088,300
3089,300
3090,300
3091,300
3092,300
3093,300
3094,300
3095,300
3096,300
3097,300
3098,300
3099,300
3100,300
3101,300
3102,300
3103,300
3104,300
3105,300
3106,300
3107,300
3108,300
3109,300
3110,300
3111,300
3112,299
3113,299
3114,299
3115,299
3116,299
3117,299
3118,299
3119,299
3120,299
3121,299
3122,299
3123,299
3124,299
3125,299
3126,299
3127,299
3128,299
3129,299
3130,299
3131,299
3132,299
3133,299
3134,299
3135,299
3136,299
3137,299
3138,299
3139,299
3140,299
3141,299
3142,299
3143,299
3144,299
3145,299
3146,299
3147,299
3148,299
3149,299
3150,299
3151,299
3152,299
3153,299
3154,299
3155,299
3156,299
3157,299
3158,299
3159,299
3160,299
3161,299
3162,299
3163,299
3164,299
3165,299
3166,299
3167,299
3168,299
3169,299
3170,299
3171,299
3172,299
3173,299
3174,299
3175,299
3176,299
3177,299
3178,299
3179,299
3180,299
3181,299
3182,299
3183,299
3184,299
3185,299
3186,299
3187,299
3188,299
3189,299
3190,299
3191,299
3192,299
3193,299
3194,299
3195,299
3196,299
3197,299
3198,299
3199,299
3200,299
3201,299
3202,299
3203,299
3204,299
3205,299
3206,299
3207,299
3208,299
3209,299
3210,299
3211,299
3212,299
3213,299
3214,299
3215,299
3216,299
3217,299
3218,299
3219,299
3220,299
3221,299
3222,299
3223,299
3224,299
3225,299
3226,299
3227,299
3228,299
3229,299
3230,299
3231,299
3232,299
3233,299
3234,299
3235,299
3236,299
3237,299
3238,299
3239,299
3240,299
3241,299
3242,299
3243,299
3244,299
3245,299
3246,299
3247,299
3248,299
3249,299
3250,299
3251,299
3252,299
3253,299
3254,299
3255,299
3256,299
3257,299
3258,299
3259,298
3260,298
3261,298
3262,298
3263,298
3264,298
3265,298
3266,298
3267,298
3268,298
3269,298
3270,298
3271,298
3272,298
3273,298
3274,298
3275,298
3276,298
3277,298
3278,298
3279,298
3280,298
3281,298
3282,298
3283,298
3284,298
3285,298
3286,298
3287,298
3288,298
3289,298
3290,298
3291,298
3292,298
3293,298
3294,298
3295,298
3296,298
3297,298
3298,298
3299,298
3300,298
3301,298
3302,298
3303,298
3304,298
3305,298
3306,298
3307,298
3308,298
3309,298
3310,298
3311,298
3312,298
3313,298
3314,298
3315,298
3316,298
3317,298
3318,298
3319,298
3320,298
3321,298
3322,298
3323,298
3324,298
3325,298
3326,298
3327,298
3328,298
3329,298
3330,298
3331,298
3332,298
3333,298
3334,298
3335,298
3336,298
3337,297
3338,297
3339,297
3340,297
3341,297
3342,297
3343,297
3344,297
3345,297
3346,297
3347,297
3348,297
3349,297
3350,297
3351,297
3352,297
3353,297
3354,297
3355,297
3356,297
3357,297
3358,297
3359,297
3360,297
3361,296
3362,296
3363,296
3364,296
3365,296
3366,296
3367,296
3368,296
3369,295
3370,295
3371,295
3372,295
3373,295
3374,295
3375,295
3376,295
3377,295
3378,295
3379,295
3380,295
3381,295
3382,295
3383,295
3384,295
3385,295
3386,295
3387,295
3388,295
3389,295
3390,295
3391,295
3392,295
3393,295
3394,295
3395,295
3396,294
3397,294
3398,294
3399,294
3400,294
3401,294
3402,294
3403,294
3404,294
3405,294
3406,294
3407,294
3408,294
3409,294
3410,294
3411,294
3412,294
3413,294
3414,294
3415,294
3416,294
3417,294
3418,294
3419,294
3420,294
3421,294
3422,294
3423,294
3424,294
3425,294
3426,294
3427,294
3428,294
3429,294
3430,294
3431,294
3432,294
3433,294
3434,294
3435,294
3436,294
3437,294
3438,294
3439,294
3440,294
3441,294
3442,294
3443,294
3444,294
3445,294
3446,294
3447,294
3448,294
3449,294
3450,294
3451,294
3452,294
3453,294
3454,294
3455,294
3456,294
3457,294
3458,294
3459,294
3460,294
3461,294
3462,294
3463,294
3464,294
3465,294
3466,294
3467,294
3468,294
3469,294
3470,294
3471,294
3472,294
3473,294
3474,294
3475,294
3476,294
3477,294
3478,294
3479,294
3480,294
3481,294
3482,294
3483,294
3484,294
3485,294
3486,294
3487,294
3488,294
3489,294
3490,294
3491,293
3492,293
3493,293
3494,293
3495,293
3496,293
3497,293
3498,293
3499,293
3500,293
3501,293
3502,293
3503,293
3504,293
3505,293
3506,293
3507,293
3508,293
3509,293
3510,293
3511,293
3512,293
3513,293
3514,293
3515,293
3516,293
3517,293
3518,293
3519,293
3520,293
3521,293
3522,293
3523,293
3524,293
3525,293
3526,293
3527,293
3528,293
3529,292
3530,292
3531,292
3532,292
3533,292
3534,292
3535,292
3536,292
3537,292
3538,292
3539,292
3540,292
3541,292
3542,292
3543,292
3544,292
3545,292
3546,292
3547,292
3548,292
3549,292
3550,292
3551,292
3552,292
3553,292
3554,292
3555,292
3556,292
3557,292
3558,292
3559,292
3560,292
3561,292
3562,292
3563,292
3564,292
3565,292
3566,292
3567,292
3568,292
3569,292
3570,292
3571,292
3572,292
3573,292
3574,292
3575,292
3576,292
3577,292
3578,292
3579,291
3580,291
3581,291
3582,291
3583,291
3584,291
3585,291
3586,291
3587,291
3588,291
3589,291
3590,291
3591,291
3592,291
3593,291
3594,291
3595,291
3596,291
3597,291
3598,291
3599,291
3600,291
3601,291
3602,291
3603,291
3604,291
3605,291
3606,291
3607,291
3608,290
3609,289
3610,289
3611,289
3612,289
3613,289
3614,289
3615,289
3616,289
3617,289
3618,289
3619,289
3620,289
3621,289
3622,289
3623,289
3624,289
3625,289
3626,289
3627,289
3628,289
3629,289
3630,289
3631,289
3632,289
3633,289
3634,289
3635,289
3636,289
3637,289
3638,289
3639,289
3640,289
3641,289
3642,289
3643,289
3644,289
3645,289
3646,288
3647,288
3648,288
3649,288
3650,288
3651,288
3652,288
3653,288
3654,288
3655,288
3656,288
3657,288
3658,288
3659,287
3660,287
3661,287
3662,287
3663,287
3664,287
3665,287
3666,287
3667,287
3668,287
3669,287
3670,287
3671,287
3672,287
3673,287
3674,287
3675,287
3676,287
3677,287
3678,287
3679,287
3680,287
3681,286
3682,286
3683,286
3684,286
3685,286
3686,286
3687,286
3688,286
3689,286
3690,286
3691,286
3692,286
3693,286
3694,286
3695,286
3696,286
3697,286
3698,286
3699,285
3700,285
3701,285
3702,285
3703,285
3704,285
3705,285
3706,285
3707,285
3708,285
3709,285
3710,285
3711,285
3712,285
3713,285
3714,285
3715,285
3716,285
3717,285
3718,285
3719,285
3720,285
3721,284
3722,284
3723,284
3724,284
3725,284
3726,284
3727,284
3728,284
3729,284
3730,284
3731,284
3732,284
3733,284
3734,284
3735,284
3736,284
3737,284
3738,284
3739,284
3740,284
3741,284
3742,284
3743,284
3744,284
3745,284
3746,284
3747,284
3748,284
3749,284
3750,284
3751,284
3752,284
3753,284
3754,284
3755,284
3756,284
3757,284
3758,284
3759,284
3760,284
3761,284
3762,284
3763,284
3764,284
3765,284
3766,284
3767,284
3768,284
3769,284
3770,284
3771,284
3772,283
3773,283
3774,282
3775,282
3776,282
3777,282
3778,282
3779,282
3780,282
3781,281
3782,281
3783,281
3784,281
3785,281
3786,281
3787,281
3788,281
3789,281
3790,281
3791,281
3792,281
3793,281
3794,281
3795,281
3796,281
3797,281
3798,281
3799,281
3800,281
3801,281
3802,281
3803,281
3804,281
3805,281
3806,281
3807,280
3808,280
3809,280
3810,280
3811,280
3812,280
3813,280
3814,280
3815,280
3816,279
3817,279
3818,279
3819,279
3820,279
3821,279
3822,279
3823,279
3824,279
3825,279
3826,279
3827,279
3828,279
3829,279
3830,279
3831,279
3832,279
3833,279
3834,279
3835,279
3836,279
3837,279
3838,279
3839,279
3840,279
3841,279
3842,279
3843,279
3844,279
3845,279
3846,279
3847,279
3848,279
3849,279
3850,279
3851,279
3852,279
3853,279
3854,279
3855,279
3856,279
3857,279
3858,279
3859,279
3860,279
3861,279
3862,279
3863,279
3864,279
3865,278
3866,278
3867,278
3868,278
3869,278
3870,278
3871,278
3872,278
3873,278
3874,278
3875,278
3876,278
3877,278
3878,278
3879,278
3880,278
3881,277
3882,277
3883,277
3884,277
3885,277
3886,277
3887,277
3888,277
3889,277
3890,277
3891,277
3892,277
3893,277
3894,277
3895,277
3896,277
3897,277
3898,277
3899,277
3900,277
3901,276
3902,276
3903,276
3904,276
3905,276
3906,276
3907,276
3908,276
3909,276
3910,276
3911,276
3912,276
3913,276
3914,276
3915,276
3916,276
3917,275
3918,275
3919,275
3920,275
3921,275
3922,275
3923,275
3924,275
3925,275
3926,275
3927,275
3928,275
3929,275
3930,275
3931,275
3932,275
3933,275
3934,275
3935,275
3936,275
3937,275
3938,275
3939,275
3940,275
3941,275
3942,275
3943,275
3944,275
3945,275
3946,275
3947,275
3948,275
3949,275
3950,275
3951,275
3952,275
3953,275
3954,275
3955,275
3956,275
3957,275
3958,275
3959,275
3960,275
3961,275
3962,275
3963,275
3964,275
3965,275
3966,275
3967,275
3968,275
3969,274
3970,274
3971,274
3972,274
3973,274
3974,274
3975,274
3976,274
3977,274
3978,274
3979,274
3980,273
3981,273
3982,273
3983,273
3984,273
3985,273
3986,273
3987,273
3988,273
3989,273
3990,273
3991,273
3992,273
3993,273
3994,273
3995,273
3996,273
3997,273
3998,273
3999,273
4000,273
4001,273
4002,273
4003,273
4004,273
4005,273
4006,273
4007,273
4008,273
4009,273
4010,273
4011,273
4012,273
4013,273
4014,273
4015,272
4016,272
4017,271
4018,271
4019,271
4020,271
4021,271
4022,271
4023,271
4024,271
4025,271
4026,271
4027,271
4028,271
4029,271
4030,271
4031,271
4032,271
4033,271
4034,271
4035,271
4036,271
4037,271
4038,271
4039,271
4040,271
4041,271
4042,271
4043,271
4044,271
4045,271
4046,271
4047,270
4048,270
4049,270
4050,270
4051,270
4052,270
4053,270
4054,269
4055,269
4056,268
4057,268
4058,268
4059,268
4060,268
4061,268
4062,268
4063,268
4064,268
4065,268
4066,268
4067,268
4068,268
4069,268
4070,268
4071,268
4072,268
4073,268
4074,268
4075,268
4076,268
4077,268
4078,268
4079,268
4080,268
4081,268
4082,268
4083,268
4084,268
4085,268
4086,268
4087,268
4088,268
4089,268
4090,268
4091,268
4092,268
4093,268
4094,268
4095,268
4096,268
4097,267
4098,267
4099,267
4100,267
4101,267
4102,267
4103,267
4104,267
4105,267
4106,267
4107,267
4108,267
4109,267
4110,267
4111,267
4112,267
4113,267
4114,267
4115,267
4116,266
4117,266
4118,266
4119,266
4120,266
4121,266
4122,266
4123,265
4124,265
4125,265
4126,265
4127,265
4128,265
4129,265
4130,265
4131,265
4132,265
4133,265
4134,265
4135,265
4136,265
4137,265
4138,265
4139,265
4140,265
4141,265
4142,265
4143,265
4144,265
4145,265
4146,265
4147,265
4148,265
4149,265
4150,265
4151,265
4152,265
4153,265
4154,265
4155,265
4156,265
4157,265
4158,265
4159,265
4160,265
4161,265
4162,265
4163,265
4164,265
4165,265
4166,265
4167,265
4168,265
4169,265
4170,265
4171,265
4172,265
4173,265
4174,265
4175,265
4176,264
4177,264
4178,264
4179,263
4180,263
4181,263
4182,263
4183,263
4184,263
4185,263
4186,263
4187,263
4188,263
4189,263
4190,263
4191,263
4192,263
4193,263
4194,262
4195,262
4196,262
4197,262
4198,262
4199,262
4200,262
4201,262
4202,262
4203,262
4204,262
4205,262
4206,261
4207,261
4208,261
4209,261
4210,261
4211,261
4212,261
4213,261
4214,261
4215,261
4216,261
4217,261
4218,261
4219,261
4220,261
4221,261
4222,261
4223,261
4224,261
4225,261
4226,261
4227,261
4228,261
4229,261
4230,261
4231,261
4232,261
4233,261
4234,261
4235,261
4236,261
4237,260
4238,260
4239,260
4240,260
4241,260
4242,260
4243,259
4244,259
4245,259
4246,259
4247,259
4248,259
4249,259
4250,259
4251,259
4252,259
4253,258
4254,258
4255,258
4256,258
4257,258
4258,258
4259,258
4260,258
4261,258
4262,258
4263,258
4264,258
4265,258
4266,258
4267,258
4268,258
4269,258
4270,258
4271,258
4272,258
4273,258
4274,258
4275,258
4276,258
4277,258
4278,258
4279,258
4280,257
4281,257
4282,257
4283,257
4284,257
4285,257
4286,256
4287,256
4288,256
4289,255
4290,255
4291,255
4292,255
4293,255
4294,254
4295,254
4296,254
4297,254
4298,254
4299,254
4300,254
4301,254
4302,254
4303,254
4304,254
4305,254
4306,254
4307,254
4308,254
4309,254
4310,254
4311,254
4312,254
4313,254
4314,254
4315,254
4316,254
4317,254
4318,254
4319,254
4320,254
4321,254
4322,254
4323,254
4324,254
4325,253
4326,252
4327,252
4328,252
4329,252
4330,252
4331,252
4332,250
4333,250
4334,250
4335,250
4336,250
4337,250
4338,250
4339,249
4340,249
4341,249
4342,249
4343,249
4344,249
4345,249
4346,249
4347,249
4348,249
4349,249
4350,249
4351,249
4352,249
4353,249
4354,249
4355,249
4356,249
4357,249
4358,249
4359,249
4360,248
4361,248
4362,248
4363,248
4364,248
4365,247
4366,247
4367,246
4368,246
4369,246
4370,246
4371,246
4372,246
4373,246
4374,246
4375,246
4376,246
4377,246
4378,246
4379,246
4380,246
4381,246
4382,246
4383,246
4384,246
4385,245
4386,245
4387,245
4388,245
4389,245
4390,245
4391,245
4392,245
4393,245
4394,244
4395,244
4396,244
4397,244
4398,244
4399,244
4400,243
4401,243
4402,243
4403,243
4404,243
4405,243
4406,243
4407,243
4408,243
4409,243
4410,243
4411,243
4412,243
4413,243
4414,243
4415,243
4416,243
4417,243
4418,243
4419,243
4420,242
4421,242
4422,242
4423,242
4424,242
4425,242
4426,242
4427,242
4428,242
4429,242
4430,242
4431,242
4432,242
4433,242
4434,242
4435,242
4436,242
4437,242
4438,242
4439,242
4440,242
4441,242
4442,242
4443,241
4444,241
4445,241
4446,241
4447,241
4448,241
4449,241
4450,241
4451,241
4452,241
4453,241
4454,241
4455,241
4456,241
4457,240
4458,240
4459,240
4460,240
4461,240
4462,240
4463,240
4464,240
4465,239
4466,239
4467,239
4468,239
4469,239
4470,239
4471,239
4472,239
4473,239
4474,239
4475,239
4476,239
4477,239
4478,238
4479,238
4480,238
4481,237
4482,237
4483,237
4484,237
4485,237
4486,237
4487,237
4488,237
4489,237
4490,237
4491,237
4492,237
4493,237
4494,237
4495,237
4496,237
4497,237
4498,237
4499,237
4500,237
4501,237
4502,237
4503,236
4504,236
4505,236
4506,236
4507,236
4508,236
4509,236
4510,236
4511,236
4512,236
4513,236
4514,236
4515,236
4516,235
4517,235
4518,235
4519,235
4520,235
4521,235
4522,235
4523,235
4524,235
4525,235
4526,235
4527,235
4528,235
4529,235
4530,235
4531,235
4532,235
4533,235
4534,235
4535,235
4536,235
4537,235
4538,235
4539,235
4540,235
4541,235
4542,235
4543,235
4544,235
4545,235
4546,234
4547,234
4548,234
4549,234
4550,234
4551,234
4552,234
4553,234
4554,234
4555,234
4556,234
4557,234
4558,234
4559,234
4560,234
4561,234
4562,234
4563,234
4564,234
4565,234
4566,234
4567,234
4568,234
4569,234
4570,234
4571,234
4572,234
4573,234
4574,233
4575,233
4576,233
4577,233
4578,232
4579,232
4580,232
4581,232
4582,231
4583,231
4584,231
4585,231
4586,231
4587,231
4588,230
4589,230
4590,230
4591,230
4592,230
4593,230
4594,230
4595,229
4596,229
4597,229
4598,229
4599,229
4600,228
4601,228
4602,228
4603,228
4604,228
4605,227
4606,227
4607,226
4608,226
4609,226
4610,225
4611,225
4612,225
4613,225
4614,225
4615,225
4616,225
4617,225
4618,225
4619,225
4620,225
4621,224
4622,223
4623,223
4624,223
4625,223
4626,223
4627,223
4628,223
4629,223
4630,222
4631,222
4632,222
4633,222
4634,222
4635,222
4636,222
4637,222
4638,222
4639,222
4640,222
4641,222
4642,222
4643,222
4644,222
4645,222
4646,222
4647,222
4648,222
4649,222
4650,222
4651,222
4652,222
4653,222
4654,222
4655,222
4656,221
4657,221
4658,221
4659,220
4660,220
4661,220
4662,220
4663,220
4664,220
4665,220
4666,220
4667,218
4668,218
4669,218
4670,218
4671,217
4672,217
4673,217
4674,217
4675,217
4676,217
4677,217
4678,217
4679,217
4680,217
4681,217
4682,217
4683,217
4684,217
4685,217
4686,216
4687,216
4688,216
4689,216
4690,216
4691,216
4692,216
4693,216
4694,216
4695,216
4696,216
4697,216
4698,216
4699,216
4700,216
4701,216
4702,216
4703,216
4704,216
4705,215
4706,215
4707,215
4708,215
4709,215
4710,215
4711,215
4712,214
4713,214
4714,214
4715,214
4716,214
4717,214
4718,214
4719,214
4720,214
4721,214
4722,214
4723,213
4724,213
4725,213
4726,213
4727,213
4728,213
4729,213
4730,213
4731,213
4732,213
4733,213
4734,212
4735,212
4736,212
4737,212
4738,212
4739,212
4740,212
4741,212
4742,212
4743,212
4744,212
4745,212
4746,212
4747,211
4748,211
4749,211
4750,211
4751,211
4752,211
4753,211
4754,211
4755,211
4756,211
4757,211
4758,211
4759,211
4760,211
4761,211
4762,211
4763,211
4764,211
4765,211
4766,211
4767,211
4768,211
4769,211
4770,211
4771,211
4772,211
4773,211
4774,211
4775,211
4776,211
4777,211
4778,210
4779,210
4780,210
4781,210
4782,210
4783,210
4784,210
4785,210
4786,210
4787,210
4788,210
4789,210
4790,210
4791,210
4792,210
4793,210
4794,210
4795,210
4796,210
4797,210
4798,210
4799,210
4800,210
4801,209
4802,209
4803,209
4804,209
4805,209
4806,209
4807,208
4808,208
4809,208
4810,208
4811,208
4812,208
4813,208
4814,208
4815,208
4816,208
4817,208
4818,208
4819,208
4820,208
4821,208
4822,208
4823,208
4824,208
4825,208
4826,208
4827,208
4828,208
4829,208
4830,206
4831,206
4832,206
4833,206
4834,206
4835,205
4836,205
4837,205
4838,205
4839,205
4840,205
4841,205
4842,205
4843,205
4844,205
4845,205
4846,205
4847,205
4848,205
4849,205
4850,205
4851,205
4852,205
4853,205
4854,205
4855,205
4856,205
4857,205
4858,205
4859,205
4860,205
4861,205
4862,205
4863,205
4864,205
4865,205
4866,205
4867,205
4868,205
4869,205
4870,205
4871,205
4872,205
4873,205
4874,205
4875,205
4876,205
4877,205
4878,205
4879,205
4880,205
4881,205
4882,205
4883,205
4884,205
4885,205
4886,204
4887,204
4888,204
4889,204
4890,204
4891,204
4892,204
4893,204
4894,204
4895,204
4896,204
4897,204
4898,204
4899,204
4900,204
4901,204
4902,204
4903,204
4904,204
4905,204
4906,204
4907,204
4908,204
4909,204
4910,204
4911,204
4912,204
4913,204
4914,204
4915,204
4916,204
4917,204
4918,204
4919,204
4920,204
4921,204
4922,204
4923,204
4924,204
4925,204
4926,204
4927,204
4928,204
4929,204
4930,204
4931,204
4932,204
4933,204
4934,204
4935,204
4936,204
4937,204
4938,204
4939,204
4940,204
4941,204
4942,204
4943,203
4944,203
4945,203
4946,203
4947,203
4948,203
4949,203
4950,203
4951,203
4952,203
4953,203
4954,203
4955,203
4956,203
4957,203
4958,203
4959,203
4960,203
4961,203
4962,202
4963,202
4964,201
4965,201
4966,201
4967,201
4968,201
4969,201
4970,201
4971,201
4972,201
4973,201
4974,201
4975,201
4976,201
4977,201
4978,201
4979,201
4980,201
4981,201
4982,200
4983,200
4984,200
4985,200
4986,200
4987,200
4988,200
4989,200
4990,200
4991,200
4992,200
4993,199
4994,199
4995,199
4996,199
4997,198
4998,198
4999,198
5000,197
5001,197
5002,197
5003,197
5004,197
5005,197
5006,197
5007,197
5008,197
5009,197
5010,197
5011,197
5012,197
5013,197
5014,197
5015,197
5016,197
5017,196
5018,196
5019,196
5020,196
5021,196
5022,196
5023,196
5024,196
5025,196
5026,196
5027,196
5028,196
5029,196
5030,196
5031,196
5032,196
5033,196
5034,196
5035,196
5036,196
5037,196
5038,196
5039,196
5040,196
5041,195
5042,195
5043,195
5044,195
5045,195
5046,195
5047,195
5048,194
5049,194
5050,194
5051,194
5052,194
5053,194
5054,194
5055,194
5056,194
5057,194
5058,194
5059,193
5060,193
5061,193
5062,193
5063,193
5064,191
5065,190
5066,190
5067,190
5068,190
5069,190
5070,189
5071,189
5072,189
5073,189
5074,189
5075,188
5076,188
5077,188
5078,187
5079,187
5080,187
5081,187
5082,187
5083,187
5084,187
5085,187
5086,187
5087,187
5088,187
5089,187
5090,187
5091,187
5092,187
5093,187
5094,187
5095,187
5096,187
5097,187
5098,187
5099,187
5100,187
5101,187
5102,187
5103,187
5104,187
5105,186
5106,185
5107,185
5108,185
5109,185
5110,185
5111,185
5112,185
5113,185
5114,185
5115,185
5116,185
5117,185
5118,185
5119,185
5120,185
5121,185
5122,185
5123,185
5124,185
5125,185
5126,185
5127,185
5128,184
5129,184
5130,184
5131,184
5132,183
5133,183
5134,183
5135,183
5136,183
5137,183
5138,183
5139,183
5140,183
5141,183
5142,182
5143,182
5144,182
5145,182
5146,182
5147,182
5148,182
5149,182
5150,182
5151,182
5152,182
5153,182
5154,181
5155,180
5156,179
5157,179
5158,179
5159,177
5160,177
5161,177
5162,177
5163,177
5164,177
5165,177
5166,177
5167,177
5168,177
5169,177
5170,177
5171,177
5172,177
5173,177
5174,177
5175,176
5176,176
5177,176
5178,176
5179,176
5180,176
5181,176
5182,176
5183,176
5184,176
5185,176
5186,176
5187,176
5188,176
5189,176
5190,176
5191,176
5192,176
5193,176
5194,176
5195,176
5196,176
5197,176
5198,176
5199,176
5200,176
5201,176
5202,176
5203,176
5204,176
5205,176
5206,176
5207,176
5208,176
5209,176
5210,176
5211,176
5212,176
5213,176
5214,176
5215,176
5216,176
5217,176
5218,176
5219,176
5220,176
5221,176
5222,176
5223,176
5224,174
5225,174
5226,174
5227,174
5228,174
5229,174
5230,174
5231,174
5232,174
5233,174
5234,174
5235,174
5236,174
5237,174
5238,174
5239,174
5240,174
5241,174
5242,174
5243,174
5244,174
5245,174
5246,174
5247,174
5248,174
5249,174
5250,174
5251,174
5252,174
5253,174
5254,174
5255,174
5256,174
5257,174
5258,174
5259,174
5260,174
5261,174
5262,174
5263,174
5264,174
5265,174
5266,174
5267,174
5268,174
5269,174
5270,174
5271,174
5272,174
5273,174
5274,174
5275,174
5276,174
5277,174
5278,174
5279,174
5280,174
5281,174
5282,174
5283,174
5284,174
5285,174
5286,174
5287,174
5288,174
5289,174
5290,174
5291,174
5292,174
5293,174
5294,174
5295,174
5296,174
5297,174
5298,174
5299,174
5300,174
5301,174
5302,174
5303,174
5304,174
5305,174
5306,173
5307,173
5308,173
5309,172
5310,172
5311,172
5312,172
5313,172
5314,172
5315,172
5316,171
5317,171
5318,171
5319,171
5320,171
5321,171
5322,171
5323,171
5324,171
5325,171
5326,171
5327,171
5328,171
5329,171
5330,171
5331,171
5332,171
5333,170
5334,170
5335,170
5336,170
5337,170
5338,170
5339,170
5340,170
5341,170
5342,170
5343,169
5344,169
5345,169
5346,169
5347,169
5348,168
5349,168
5350,168
5351,168
5352,168
5353,168
5354,168
5355,168
5356,168
5357,168
5358,168
5359,168
5360,168
5361,168
5362,168
5363,168
5364,168
5365,168
5366,168
5367,168
5368,168
5369,168
5370,168
5371,167
5372,167
5373,167
5374,166
5375,166
5376,166
5377,166
5378,166
5379,165
5380,165
5381,165
5382,165
5383,165
5384,165
5385,165
5386,165
5387,165
5388,165
5389,165
5390,165
5391,165
5392,165
5393,165
5394,165
5395,165
5396,164
5397,164
5398,164
5399,164
5400,164
5401,164
5402,164
5403,164
5404,164
5405,164
5406,164
5407,164
5408,164
5409,164
5410,164
5411,164
5412,164
5413,164
5414,164
5415,164
5416,164
5417,164
5418,164
5419,163
5420,163
5421,163
5422,163
5423,163
5424,163
5425,163
5426,163
5427,163
5428,163
5429,163
5430,163
5431,163
5432,163
5433,163
5434,163
5435,163
5436,163
5437,163
5438,163
5439,163
5440,163
5441,163
5442,163
5443,163
5444,163
5445,163
5446,163
5447,163
5448,163
5449,163
5450,163
5451,163
5452,163
5453,163
5454,163
5455,163
5456,163
5457,163
5458,163
5459,163
5460,163
5461,163
5462,163
5463,163
5464,163
5465,163
5466,163
5467,163
5468,163
5469,163
5470,163
5471,163
5472,163
5473,162
5474,162
5475,162
5476,162
5477,162
5478,162
5479,162
5480,161
5481,161
5482,161
5483,161
5484,161
5485,161
5486,161
5487,161
5488,160
5489,160
5490,160
5491,160
5492,160
5493,160
5494,160
5495,160
5496,160
5497,160
5498,159
5499,159
5500,159
5501,159
5502,159
5503,159
5504,159
5505,159
5506,159
5507,159
5508,158
5509,156
5510,156
5511,156
5512,156
5513,156
5514,156
5515,156
5516,156
5517,156
5518,156
5519,156
5520,156
5521,156
5522,156
5523,156
5524,156
5525,156
5526,156
5527,156
5528,156
5529,156
5530,156
5531,156
5532,156
5533,156
5534,156
5535,156
5536,156
5537,156
5538,156
5539,156
5540,156
5541,156
5542,156
5543,156
5544,156
5545,156
5546,156
5547,155
5548,155
5549,155
5550,155
5551,155
5552,155
5553,154
5554,154
5555,154
5556,154
5557,154
5558,153
5559,153
5560,153
5561,153
5562,152
5563,152
5564,152
5565,152
5566,152
5567,152
5568,152
5569,152
5570,152
5571,152
5572,152
5573,152
5574,152
5575,152
5576,152
5577,152
5578,152
5579,152
5580,152
5581,152
5582,152
5583,152
5584,151
5585,151
5586,151
5587,151
5588,151
5589,151
5590,151
5591,151
5592,151
5593,151
5594,151
5595,150
5596,150
5597,150
5598,150
5599,150
5600,150
5601,150
5602,150
5603,150
5604,150
5605,150
5606,150
5607,149
5608,149
5609,149
5610,149
5611,149
5612,149
5613,149
5614,149
5615,149
5616,149
5617,149
5618,149
5619,149
5620,149
5621,149
5622,149
5623,149
5624,149
5625,149
5626,149
5627,149
5628,149
5629,149
5630,148
5631,148
5632,147
5633,147
5634,147
5635,147
5636,147
5637,147
5638,147
5639,147
5640,147
5641,146
5642,146
5643,146
5644,146
5645,146
5646,146
5647,146
5648,146
5649,146
5650,146
5651,145
5652,145
5653,145
5654,145
5655,145
5656,145
5657,145
5658,144
5659,144
5660,144
5661,144
5662,144
5663,144
5664,144
5665,143
5666,143
5667,143
5668,143
5669,143
5670,143
5671,143
5672,143
5673,143
5674,143
5675,143
5676,142
5677,142
5678,142
5679,142
5680,142
5681,142
5682,142
5683,142
5684,142
5685,142
5686,142
5687,142
5688,142
5689,142
5690,142
5691,142
5692,142
5693,142
5694,142
5695,142
5696,142
5697,142
5698,142
5699,142
5700,142
5701,142
5702,142
5703,142
5704,142
5705,142
5706,142
5707,142
5708,142
5709,142
5710,142
5711,142
5712,142
5713,142
5714,142
5715,142
5716,142
5717,142
5718,142
5719,142
5720,142
5721,142
5722,142
5723,142
5724,142
5725,142
5726,142
5727,142
5728,142
5729,142
5730,142
5731,142
5732,142
5733,142
5734,142
5735,142
5736,142
5737,142
5738,142
5739,142
5740,142
5741,142
5742,141
5743,141
5744,141
5745,140
5746,140
5747,140
5748,139
5749,139
5750,139
5751,139
5752,139
5753,139
5754,139
5755,139
5756,139
5757,139
5758,139
5759,139
5760,139
5761,139
5762,139
5763,139
5764,139
5765,139
5766,139
5767,139
5768,139
5769,139
5770,139
5771,139
5772,139
5773,139
5774,139
5775,139
5776,139
5777,139
5778,139
5779,139
5780,139
5781,139
5782,139
5783,138
5784,138
5785,138
5786,138
5787,138
5788,138
5789,138
5790,138
5791,138
5792,138
5793,138
5794,137
5795,137
5796,137
5797,137
5798,137
5799,137
5800,136
5801,136
5802,136
5803,136
5804,136
5805,136
5806,136
5807,136
5808,136
5809,136
5810,136
5811,136
5812,136
5813,136
5814,136
5815,136
5816,136
5817,136
5818,136
5819,136
5820,136
5821,136
5822,136
5823,136
5824,136
5825,136
5826,136
5827,136
5828,136
5829,136
5830,136
5831,136
5832,136
5833,136
5834,136
5835,136
5836,136
5837,136
5838,136
5839,135
5840,135
5841,135
5842,135
5843,135
5844,134
5845,134
5846,134
5847,134
5848,133
5849,133
5850,132
5851,132
5852,132
5853,132
5854,132
5855,132
5856,132
5857,132
5858,132
5859,132
5860,132
5861,132
5862,132
5863,132
5864,132
5865,132
5866,132
5867,132
5868,132
5869,132
5870,132
5871,131
5872,131
5873,131
5874,131
5875,131
5876,131
5877,131
5878,130
5879,130
5880,130
5881,130
5882,130
5883,130
5884,130
5885,130
5886,130
5887,130
5888,130
5889,130
5890,130
5891,130
5892,130
5893,130
5894,130
5895,130
5896,130
5897,130
5898,130
5899,130
5900,130
5901,130
5902,130
5903,130
5904,130
5905,130
5906,130
5907,130
5908,130
5909,130
5910,130
5911,130
5912,130
5913,130
5914,130
5915,130
5916,130
5917,130
5918,130
5919,130
5920,130
5921,130
5922,130
5923,130
5924,130
5925,130
5926,130
5927,130
5928,129
5929,129
5930,128
5931,128
5932,128
5933,128
5934,128
5935,128
5936,128
5937,127
5938,126
5939,126
5940,126
5941,126
5942,125
5943,125
5944,125
5945,125
5946,124
5947,124
5948,124
5949,124
5950,124
5951,124
5952,124
5953,124
5954,124
5955,124
5956,124
5957,124
5958,124
5959,124
5960,124
5961,124
5962,124
5963,124
5964,124
5965,124
5966,124
5967,124
5968,124
5969,124
5970,124
5971,124
5972,124
5973,124
5974,124
5975,124
5976,124
5977,124
5978,124
5979,124
5980,124
5981,124
5982,124
5983,124
5984,124
5985,124
5986,124
5987,124
5988,124
5989,123
5990,123
5991,123
5992,123
5993,123
5994,123
5995,123
5996,123
5997,123
5998,123
5999,123
6000,123
6001,123
6002,123
6003,123
6004,123
6005,123
6006,123
6007,123
6008,123
6009,123
6010,123
6011,123
6012,123
6013,123
6014,123
6015,123
6016,123
6017,123
6018,123
6019,123
6020,123
6021,123
6022,123
6023,123
6024,123
6025,123
6026,123
6027,123
6028,123
6029,123
6030,123
6031,123
6032,123
6033,123
6034,123
6035,123
6036,123
6037,123
6038,123
6039,123
6040,123
6041,122
6042,122
6043,122
6044,122
6045,122
6046,122
6047,122
6048,121
6049,121
6050,121
6051,121
6052,121
6053,121
6054,121
6055,121
6056,121
6057,121
6058,121
6059,121
6060,121
6061,121
6062,121
6063,121
6064,121
6065,121
6066,121
6067,121
6068,121
6069,121
6070,121
6071,121
6072,121
6073,121
6074,121
6075,121
6076,121
6077,121
6078,121
6079,121
6080,121
6081,121
6082,121
6083,121
6084,121
6085,121
6086,121
6087,121
6088,121
6089,121
6090,121
6091,121
6092,121
6093,121
6094,121
6095,121
6096,121
6097,121
6098,121
6099,121
6100,121
6101,121
6102,121
6103,121
6104,121
6105,121
6106,121
6107,121
6108,121
6109,121
6110,121
6111,121
6112,121
6113,121
6114,121
6115,121
6116,121
6117,121
6118,121
6119,120
6120,120
6121,120
6122,119
6123,119
6124,119
6125,119
6126,119
6127,119
6128,119
6129,119
6130,119
6131,119
6132,119
6133,119
6134,119
6135,119
6136,119
6137,119
6138,119
6139,118
6140,118
6141,118
6142,118
6143,118
6144,118
6145,118
6146,118
6147,118
6148,118
6149,118
6150,118
6151,118
6152,118
6153,118
6154,117
6155,117
6156,117
6157,117
6158,117
6159,117
6160,117
6161,117
6162,117
6163,117
6164,117
6165,117
6166,117
6167,117
6168,117
6169,117
6170,117
6171,117
6172,117
6173,117
6174,116
6175,116
6176,116
6177,116
6178,116
6179,116
6180,116
6181,116
6182,116
6183,116
6184,116
6185,116
6186,116
6187,116
6188,115
6189,115
6190,115
6191,115
6192,115
6193,115
6194,115
6195,115
6196,115
6197,115
6198,115
6199,115
6200,115
6201,115
6202,115
6203,115
6204,115
6205,115
6206,115
6207,115
6208,115
6209,115
6210,115
6211,115
6212,115
6213,115
6214,115
6215,115
6216,115
6217,115
6218,115
6219,115
6220,115
6221,115
6222,115
6223,115
6224,115
6225,115
6226,115
6227,115
6228,115
6229,115
6230,115
6231,115
6232,115
6233,115
6234,115
6235,115
6236,115
6237,115
6238,115
6239,115
6240,115
6241,115
6242,115
6243,115
6244,115
6245,115
6246,115
6247,115
6248,115
6249,115
6250,115
6251,115
6252,115
6253,115
6254,114
6255,114
6256,114
6257,114
6258,114
6259,114
6260,114
6261,114
6262,114
6263,114
6264,114
6265,114
6266,114
6267,114
6268,114
6269,114
6270,114
6271,114
6272,114
6273,114
6274,114
6275,114
6276,114
6277,114
6278,114
6279,114
6280,114
6281,114
6282,114
6283,114
6284,114
6285,114
6286,114
6287,114
6288,114
6289,114
6290,114
6291,114
6292,114
6293,114
6294,114
6295,114
6296,114
6297,114
6298,114
6299,114
6300,114
6301,114
6302,114
6303,114
6304,114
6305,114
6306,114
6307,114
6308,114
6309,114
6310,114
6311,114
6312,114
6313,114
6314,114
6315,114
6316,114
6317,114
6318,114
6319,114
6320,114
6321,114
6322,114
6323,114
6324,114
6325,114
6326,114
6327,114
6328,114
6329,114
6330,114
6331,114
6332,114
6333,114
6334,114
6335,114
6336,114
6337,114
6338,114
6339,114
6340,114
6341,114
6342,114
6343,114
6344,114
6345,114
6346,114
6347,114
6348,114
6349,114
6350,114
6351,114
6352,114
6353,114
6354,114
6355,114
6356,114
6357,114
6358,114
6359,114
6360,114
6361,114
6362,114
6363,114
6364,114
6365,114
6366,114
6367,114
6368,114
6369,114
6370,114
6371,114
6372,114
6373,114
6374,114
6375,114
6376,114
6377,114
6378,114
6379,114
6380,114
6381,114
6382,113
6383,113
6384,113
6385,112
6386,112
6387,111
6388,111
6389,111
6390,111
6391,110
6392,110
6393,109
6394,109
6395,109
6396,108
6397,108
6398,108
6399,108
6400,108
6401,108
6402,108
6403,108
6404,107
6405,107
6406,107
6407,107
6408,107
6409,107
6410,107
6411,107
6412,107
6413,107
6414,107
6415,107
6416,107
6417,107
6418,107
6419,107
6420,107
6421,106
6422,106
6423,106
6424,106
6425,106
6426,106
6427,106
6428,106
6429,106
6430,106
6431,106
6432,106
6433,105
6434,105
6435,105
6436,105
6437,105
6438,105
6439,105
6440,105
6441,105
6442,105
6443,105
6444,105
6445,105
6446,105
6447,105
6448,105
6449,105
6450,105
6451,105
6452,105
6453,105
6454,105
6455,105
6456,105
6457,105
6458,105
6459,105
6460,105
6461,105
6462,105
6463,105
6464,105
6465,105
6466,105
6467,104
6468,104
6469,104
6470,104
6471,104
6472,104
6473,104
6474,104
6475,104
6476,104
6477,103
6478,103
6479,103
6480,103
6481,103
6482,103
6483,103
6484,103
6485,103
6486,103
6487,103
6488,102
6489,102
6490,102
6491,102
6492,102
6493,102
6494,102
6495,102
6496,102
6497,102
6498,102
6499,102
6500,102
6501,102
6502,102
6503,102
6504,102
6505,102
6506,101
6507,101
6508,101
6509,101
6510,101
6511,101
6512,101
6513,101
6514,101
6515,101
6516,101
6517,101
6518,100
6519,100
6520,100
6521,100
6522,100
6523,100
6524,100
6525,100
6526,100
6527,100
6528,100
6529,100
6530,100
6531,100
6532,100
6533,100
6534,100
6535,100
6536,100
6537,100
6538,100
6539,100
6540,100
6541,100
6542,100
6543,100
6544,100
6545,100
6546,100
6547,100
6548,100
6549,100
6550,100
6551,100
6552,100
6553,100
6554,100
6555,100
6556,100
6557,100
6558,100
6559,100
6560,100
6561,100
6562,100
6563,100
6564,100
6565,100
6566,100
6567,100
6568,100
6569,100
6570,100
6571,100
6572,100
6573,100
6574,100
6575,100
6576,100
6577,100
6578,100
6579,100
6580,100
6581,100
6582,100
6583,100
6584,100
6585,100
6586,100
6587,99
6588,99
6589,99
6590,99
6591,99
6592,99
6593,99
6594,99
6595,99
6596,99
6597,99
6598,99
6599,99
6600,99
6601,99
6602,99
6603,99
6604,99
6605,99
6606,99
6607,99
6608,99
6609,99
6610,99
6611,99
6612,99
6613,99
6614,99
6615,99
6616,99
6617,98
6618,98
6619,98
6620,98
6621,98
6622,98
6623,98
6624,98
6625,98
6626,98
6627,98
6628,98
6629,98
6630,98
6631,98
6632,98
6633,98
6634,98
6635,98
6636,98
6637,98
6638,98
6639,98
6640,98
6641,98
6642,96
6643,96
6644,96
6645,96
6646,96
6647,96
6648,96
6649,96
6650,96
6651,96
6652,96
6653,96
6654,96
6655,96
6656,96
6657,96
6658,96
6659,96
6660,96
6661,96
6662,96
6663,96
6664,96
6665,95
6666,95
6667,95
6668,95
6669,95
6670,95
6671,95
6672,95
6673,95
6674,95
6675,95
6676,95
6677,95
6678,95
6679,95
6680,95
6681,95
6682,95
6683,95
6684,95
6685,95
6686,95
6687,95
6688,95
6689,95
6690,95
6691,95
6692,95
6693,95
6694,95
6695,95
6696,95
6697,95
6698,95
6699,95
6700,95
6701,95
6702,95
6703,95
6704,95
6705,95
6706,95
6707,95
6708,95
6709,95
6710,95
6711,95
6712,95
6713,95
6714,95
6715,95
6716,95
6717,95
6718,95
6719,95
6720,95
6721,95
6722,94
6723,93
6724,93
6725,93
6726,93
6727,93
6728,93
6729,93
6730,93
6731,93
6732,93
6733,93
6734,93
6735,93
6736,93
6737,93
6738,93
6739,93
6740,93
6741,93
6742,93
6743,93
6744,93
6745,93
6746,93
6747,93
6748,93
6749,93
6750,93
6751,93
6752,93
6753,93
6754,93
6755,93
6756,93
6757,93
6758,93
6759,93
6760,93
6761,93
6762,93
6763,93
6764,93
6765,93
6766,93
6767,93
6768,93
6769,93
6770,93
6771,93
6772,93
6773,93
6774,93
6775,93
6776,93
6777,93
6778,93
6779,93
6780,93
6781,93
6782,93
6783,93
6784,93
6785,93
6786,93
6787,93
6788,93
6789,93
6790,93
6791,93
6792,93
6793,92
6794,92
6795,92
6796,92
6797,92
6798,92
6799,92
6800,92
6801,91
6802,91
6803,91
6804,91
6805,91
6806,91
6807,91
6808,91
6809,91
6810,90
6811,90
6812,90
6813,90
6814,90
6815,90
6816,90
6817,90
6818,90
6819,90
6820,90
6821,90
6822,90
6823,90
6824,89
6825,89
6826,89
6827,89
6828,89
6829,89
6830,89
6831,89
6832,89
6833,89
6834,89
6835,89
6836,89
6837,89
6838,89
6839,89
6840,89
6841,89
6842,89
6843,89
6844,89
6845,89
6846,89
6847,89
6848,89
6849,89
6850,89
6851,89
6852,89
6853,89
6854,89
6855,89
6856,89
6857,89
6858,89
6859,89
6860,89
6861,89
6862,89
6863,89
6864,89
6865,89
6866,89
6867,88
6868,88
6869,87
6870,87
6871,87
6872,87
6873,87
6874,87
6875,87
6876,87
6877,87
6878,87
6879,87
6880,87
6881,87
6882,87
6883,87
6884,87
6885,87
6886,87
6887,87
6888,87
6889,87
6890,87
6891,87
6892,87
6893,87
6894,87
6895,87
6896,86
6897,86
6898,86
6899,86
6900,86
6901,86
6902,86
6903,86
6904,86
6905,86
6906,86
6907,86
6908,86
6909,86
6910,86
6911,86
6912,86
6913,86
6914,86
6915,86
6916,86
6917,86
6918,86
6919,86
6920,86
6921,86
6922,86
6923,86
6924,86
6925,86
6926,86
6927,86
6928,86
6929,86
6930,86
6931,86
6932,86
6933,86
6934,86
6935,86
6936,86
6937,86
6938,86
6939,86
6940,86
6941,86
6942,86
6943,86
6944,86
6945,86
6946,86
6947,86
6948,86
6949,86
6950,86
6951,86
6952,86
6953,86
6954,86
6955,86
6956,86
6957,86
6958,86
6959,86
6960,86
6961,86
6962,86
6963,86
6964,86
6965,86
6966,86
6967,86
6968,86
6969,86
6970,86
6971,85
6972,85
6973,85
6974,85
6975,85
6976,85
6977,85
6978,85
6979,85
6980,85
6981,85
6982,85
6983,85
6984,85
6985,85
6986,85
6987,84
6988,84
6989,84
6990,84
6991,84
6992,84
6993,84
6994,84
6995,84
6996,84
6997,84
6998,84
6999,84
7000,84
7001,84
7002,84
7003,84
7004,84
7005,84
7006,84
7007,84
7008,84
7009,84
7010,84
7011,84
7012,84
7013,84
7014,84
7015,84
7016,84
7017,84
7018,84
7019,84
7020,84
7021,84
7022,84
7023,84
7024,84
7025,84
7026,84
7027,84
7028,84
7029,84
7030,84
7031,84
7032,84
7033,84
7034,84
7035,84
7036,84
7037,84
7038,84
7039,84
7040,84
7041,84
7042,84
7043,84
7044,84
7045,84
7046,83
7047,83
7048,83
7049,83
7050,83
7051,83
7052,83
7053,83
7054,83
7055,83
7056,83
7057,83
7058,83
7059,83
7060,83
7061,83
7062,83
7063,83
7064,83
7065,83
7066,83
7067,83
7068,83
7069,83
7070,83
7071,83
7072,83
7073,83
7074,83
7075,83
7076,83
7077,83
7078,83
7079,83
7080,83
7081,83
7082,83
7083,83
7084,83
7085,83
7086,83
7087,83
7088,83
7089,83
7090,83
7091,83
7092,83
7093,83
7094,83
7095,83
7096,83
7097,83
7098,83
7099,83
7100,83
7101,83
7102,83
7103,83
7104,83
7105,83
7106,83
7107,83
7108,83
7109,83
7110,83
7111,83
7112,83
7113,83
7114,83
7115,83
7116,83
7117,83
7118,83
7119,83
7120,83
7121,83
7122,83
7123,83
7124,83
7125,83
7126,83
7127,83
7128,83
7129,83
7130,83
7131,83
7132,83
7133,83
7134,83
7135,83
7136,83
7137,83
7138,83
7139,83
7140,83
7141,83
7142,83
7143,83
7144,83
7145,83
7146,83
7147,83
7148,83
7149,83
7150,82
7151,82
7152,82
7153,82
7154,82
7155,82
7156,82
7157,82
7158,82
7159,81
7160,81
7161,81
7162,81
7163,81
7164,81
7165,81
7166,81
7167,81
7168,81
7169,81
7170,81
7171,81
7172,81
7173,81
7174,81
7175,80
7176,80
7177,80
7178,80
7179,80
7180,80
7181,80
7182,80
7183,80
7184,80
7185,80
7186,80
7187,80
7188,80
7189,80
7190,80
7191,80
7192,80
7193,80
7194,80
7195,80
7196,80
7197,80
7198,80
7199,80
7200,80
7201,80
7202,80
7203,80
7204,80
7205,80
7206,80
7207,80
7208,80
7209,80
7210,80
7211,80
7212,79
7213,79
7214,78
7215,78
7216,78
7217,78
7218,78
7219,78
7220,78
7221,78
7222,78
7223,78
7224,78
7225,78
7226,78
7227,78
7228,78
7229,78
7230,78
7231,78
7232,78
7233,78
7234,78
7235,78
7236,78
7237,78
7238,78
7239,78
7240,78
7241,78
7242,78
7243,78
7244,78
7245,78
7246,78
7247,78
7248,78
7249,78
7250,78
7251,78
7252,78
7253,78
7254,78
7255,78
7256,78
7257,78
7258,78
7259,78
7260,78
7261,78
7262,78
7263,78
7264,78
7265,78
7266,78
7267,78
7268,77
7269,77
7270,77
7271,77
7272,77
7273,77
7274,77
7275,77
7276,77
7277,77
7278,77
7279,77
7280,77
7281,77
7282,77
7283,77
7284,77
7285,77
7286,77
7287,77
7288,77
7289,77
7290,77
7291,77
7292,77
7293,77
7294,77
7295,77
7296,77
7297,77
7298,77
7299,77
7300,77
7301,77
7302,77
7303,77
7304,77
7305,77
7306,77
7307,76
7308,76
7309,76
7310,76
7311,76
7312,76
7313,76
7314,76
7315,75
7316,75
7317,75
7318,75
7319,75
7320,75
7321,75
7322,75
7323,75
7324,74
7325,74
7326,74
7327,74
7328,74
7329,74
7330,74
7331,74
7332,74
7333,74
7334,74
7335,74
7336,74
7337,74
7338,74
7339,74
7340,74
7341,74
7342,74
7343,74
7344,74
7345,74
7346,74
7347,74
7348,74
7349,74
7350,74
7351,74
7352,74
7353,74
7354,74
7355,74
7356,74
7357,74
7358,74
7359,74
7360,74
7361,74
7362,74
7363,74
7364,74
7365,74
7366,73
7367,73
7368,73
7369,73
7370,73
7371,73
7372,73
7373,73
7374,73
7375,73
7376,73
7377,73
7378,73
7379,73
7380,73
7381,73
7382,73
7383,73
7384,73
7385,73
7386,73
7387,73
7388,73
7389,73
7390,73
7391,73
7392,73
7393,73
7394,73
7395,73
7396,73
7397,73
7398,73
7399,73
7400,73
7401,73
7402,73
7403,73
7404,73
7405,73
7406,73
7407,73
7408,73
7409,73
7410,73
7411,73
7412,73
7413,73
7414,73
7415,73
7416,73
7417,73
7418,73
7419,73
7420,73
7421,73
7422,73
7423,73
7424,73
7425,73
7426,73
7427,73
7428,73
7429,73
7430,73
7431,73
7432,73
7433,73
7434,73
7435,73
7436,73
7437,73
7438,73
7439,73
7440,73
7441,73
7442,73
7443,73
7444,73
7445,73
7446,73
7447,73
7448,73
7449,73
7450,73
7451,73
7452,73
7453,73
7454,73
7455,73
7456,73
7457,73
7458,73
7459,73
7460,73
7461,73
7462,73
7463,73
7464,73
7465,73
7466,73
7467,72
7468,72
7469,72
7470,72
7471,72
7472,72
7473,72
7474,72
7475,72
7476,72
7477,72
7478,72
7479,72
7480,72
7481,72
7482,72
7483,72
7484,72
7485,72
7486,72
7487,72
7488,72
7489,72
7490,72
7491,72
7492,72
7493,72
7494,71
7495,71
7496,71
7497,71
7498,71
7499,71
7500,71
7501,71
7502,71
7503,71
7504,71
7505,71
7506,71
7507,71
7508,71
7509,71
7510,71
7511,71
7512,71
7513,71
7514,71
7515,71
7516,71
7517,71
7518,71
7519,71
7520,71
7521,71
7522,71
7523,71
7524,71
7525,71
7526,71
7527,71
7528,71
7529,71
7530,71
7531,71
7532,71
7533,71
7534,71
7535,71
7536,71
7537,71
7538,71
7539,71
7540,71
7541,71
7542,71
7543,71
7544,71
7545,71
7546,71
7547,71
7548,71
7549,71
7550,71
7551,71
7552,71
7553,71
7554,71
7555,71
7556,71
7557,71
7558,71
7559,71
7560,71
7561,71
7562,71
7563,71
7564,71
7565,71
7566,71
7567,71
7568,71
7569,71
7570,71
7571,71
7572,71
7573,71
7574,71
7575,71
7576,71
7577,71
7578,71
7579,71
7580,71
7581,71
7582,71
7583,71
7584,71
7585,71
7586,71
7587,71
7588,71
7589,71
7590,71
7591,71
7592,71
7593,71
7594,71
7595,71
7596,71
7597,71
7598,71
7599,71
7600,71
7601,71
7602,71
7603,71
7604,71
7605,71
7606,71
7607,71
7608,71
7609,71
7610,71
7611,71
7612,71
7613,71
7614,71
7615,71
7616,71
7617,71
7618,71
7619,71
7620,71
7621,71
7622,71
7623,71
7624,71
7625,71
7626,71
7627,71
7628,71
7629,71
7630,71
7631,71
7632,71
7633,71
7634,71
7635,71
7636,71
7637,71
7638,71
7639,71
7640,71
7641,71
7642,71
7643,71
7644,71
7645,71
7646,71
7647,71
7648,71
7649,71
7650,71
7651,71
7652,71
7653,71
7654,71
7655,71
7656,71
7657,71
7658,71
7659,70
7660,70
7661,70
7662,70
7663,70
7664,70
7665,70
7666,70
7667,70
7668,70
7669,70
7670,70
7671,70
7672,70
7673,70
7674,70
7675,70
7676,70
7677,70
7678,70
7679,70
7680,70
7681,70
7682,70
7683,70
7684,70
7685,70
7686,70
7687,70
7688,70
7689,70
7690,70
7691,70
7692,70
7693,70
7694,70
7695,70
7696,70
7697,70
7698,70
7699,70
7700,70
7701,69
7702,69
7703,69
7704,69
7705,69
7706,69
7707,69
7708,69
7709,69
7710,69
7711,69
7712,69
7713,69
7714,68
7715,68
7716,68
7717,68
7718,68
7719,68
7720,68
7721,68
7722,68
7723,68
7724,68
7725,68
7726,68
7727,68
7728,68
7729,68
7730,68
7731,68
7732,68
7733,68
7734,68
7735,68
7736,68
7737,68
7738,68
7739,68
7740,68
7741,68
7742,68
7743,68
7744,68
7745,68
7746,68
7747,68
7748,68
7749,68
7750,68
7751,68
7752,68
7753,68
7754,68
7755,68
7756,68
7757,68
7758,68
7759,68
7760,68
7761,68
7762,68
7763,68
7764,68
7765,68
7766,68
7767,68
7768,68
7769,68
7770,68
7771,68
7772,68
7773,68
7774,68
7775,68
7776,68
7777,67
7778,67
7779,67
7780,67
7781,67
7782,67
7783,67
7784,67
7785,67
7786,67
7787,67
7788,67
7789,67
7790,67
7791,67
7792,67
7793,67
7794,67
7795,67
7796,67
7797,66
7798,66
7799,66
7800,66
7801,66
7802,66
7803,66
7804,66
7805,66
7806,66
7807,66
7808,66
7809,66
7810,66
7811,66
7812,66
7813,66
7814,66
7815,66
7816,66
7817,66
7818,66
7819,66
7820,66
7821,66
7822,66
7823,66
7824,66
7825,66
7826,66
7827,66
7828,66
7829,66
7830,66
7831,66
7832,66
7833,66
7834,66
7835,66
7836,66
7837,66
7838,66
7839,66
7840,66
7841,66
7842,66
7843,66
7844,66
7845,66
7846,66
7847,66
7848,66
7849,66
7850,66
7851,66
7852,66
7853,66
7854,66
7855,66
7856,66
7857,66
7858,66
7859,66
7860,66
7861,66
7862,66
7863,66
7864,66
7865,66
7866,66
7867,66
7868,66
7869,66
7870,66
7871,66
7872,66
7873,66
7874,66
7875,66
7876,66
7877,66
7878,66
7879,66
7880,66
7881,66
7882,66
7883,66
7884,66
7885,66
7886,66
7887,66
7888,66
7889,66
7890,66
7891,66
7892,66
7893,66
7894,66
7895,66
7896,66
7897,66
7898,66
7899,66
7900,66
7901,66
7902,66
7903,66
7904,66
7905,66
7906,66
7907,66
7908,66
7909,66
7910,66
7911,66
7912,66
7913,66
7914,66
7915,66
7916,66
7917,66
7918,66
7919,66
7920,66
7921,66
7922,66
7923,66
7924,66
7925,66
7926,66
7927,66
7928,66
7929,66
7930,66
7931,66
7932,66
7933,66
7934,66
7935,66
7936,66
7937,66
7938,66
7939,66
7940,66
7941,66
7942,66
7943,66
7944,66
7945,66
7946,66
7947,66
7948,66
7949,66
7950,66
7951,66
7952,66
7953,66
7954,66
7955,66
7956,66
7957,66
7958,66
7959,66
7960,66
7961,66
7962,66
7963,66
7964,66
7965,66
7966,66
7967,66
7968,66
7969,66
7970,66
7971,66
7972,66
7973,66
7974,66
7975,66
7976,66
7977,66
7978,66
7979,66
7980,66
7981,66
7982,66
7983,66
7984,66
7985,66
7986,66
7987,66
7988,66
7989,66
7990,66
7991,66
7992,66
7993,66
7994,66
7995,66
7996,66
7997,66
7998,66
7999,66
8000,66
8001,66
8002,66
8003,66
8004,66
8005,66
8006,66
8007,66
8008,66
8009,66
8010,66
8011,66
8012,66
8013,66
8014,66
8015,66
8016,66
8017,66
8018,66
8019,66
8020,66
8021,66
8022,66
8023,66
8024,66
8025,66
8026,66
8027,66
8028,66
8029,66
8030,66
8031,66
8032,66
8033,66
8034,66
8035,66
8036,66
8037,66
8038,66
8039,66
8040,66
8041,66
8042,66
8043,66
8044,66
8045,66
8046,66
8047,66
8048,66
8049,66
8050,66
8051,66
8052,66
8053,66
8054,66
8055,66
8056,66
8057,66
8058,66
8059,66
8060,66
8061,66
8062,66
8063,66
8064,66
8065,66
8066,66
8067,66
8068,66
8069,66
8070,66
8071,66
8072,66
8073,66
8074,66
8075,66
8076,66
8077,66
8078,66
8079,66
8080,66
8081,66
8082,66
8083,66
8084,66
8085,66
8086,66
8087,66
8088,66
8089,66
8090,66
8091,66
8092,66
8093,66
8094,66
8095,66
8096,66
8097,66
8098,66
8099,66
8100,66
8101,66
8102,66
8103,66
8104,66
8105,66
8106,66
8107,66
8108,66
8109,65
8110,65
8111,65
8112,65
8113,65
8114,65
8115,65
8116,65
8117,65
8118,65
8119,65
8120,65
8121,65
8122,65
8123,65
8124,65
8125,65
8126,65
8127,65
8128,65
8129,65
8130,65
8131,65
8132,65
8133,65
8134,65
8135,65
8136,65
8137,65
8138,65
8139,65
8140,65
8141,65
8142,65
8143,65
8144,65
8145,65
8146,65
8147,65
8148,65
8149,65
8150,65
8151,65
8152,65
8153,65
8154,65
8155,65
8156,65
8157,65
8158,65
8159,65
8160,65
8161,65
8162,65
8163,65
8164,65
8165,65
8166,65
8167,65
8168,65
8169,65
8170,65
8171,65
8172,65
8173,65
8174,65
8175,65
8176,65
8177,65
8178,65
8179,65
8180,65
8181,64
8182,64
8183,64
8184,64
8185,64
8186,64
8187,64
8188,64
8189,64
8190,64
8191,64
8192,64
8193,64
8194,64
8195,64
8196,64
8197,64
8198,64
8199,64
8200,64
8201,64
8202,64
8203,64
8204,63
8205,63
8206,63
8207,63
8208,63
8209,63
8210,63
8211,63
8212,63
8213,63
8214,63
8215,63
8216,63
8217,63
8218,63
8219,63
8220,63
8221,63
8222,63
8223,63
8224,63
8225,63
8226,63
8227,63
8228,63
8229,63
8230,63
8231,63
8232,63
8233,63
8234,63
8235,63
8236,63
8237,63
8238,63
8239,63
8240,63
8241,63
8242,63
8243,63
8244,63
8245,63
8246,63
8247,63
8248,63
8249,63
8250,63
8251,63
8252,63
8253,63
8254,63
8255,63
8256,63
8257,63
8258,63
8259,63
8260,63
8261,63
8262,63
8263,63
8264,63
8265,63
8266,63
8267,63
8268,63
8269,63
8270,63
8271,63
8272,63
8273,63
8274,63
8275,63
8276,63
8277,63
8278,63
8279,63
8280,63
8281,63
8282,63
8283,63
8284,63
8285,63
8286,63
8287,63
8288,63
8289,63
8290,63
8291,63
8292,63
8293,63
8294,63
8295,63
8296,63
8297,63
8298,63
8299,63
8300,63
8301,63
8302,63
8303,63
8304,63
8305,63
8306,63
8307,63
8308,63
8309,63
8310,63
8311,63
8312,63
8313,63
8314,63
8315,63
8316,63
8317,63
8318,63
8319,63
8320,63
8321,63
8322,63
8323,63
8324,63
8325,63
8326,63
8327,63
8328,62
8329,62
8330,62
8331,62
8332,62
8333,62
8334,62
8335,62
8336,62
8337,62
8338,62
8339,62
8340,62
8341,62
8342,62
8343,62
8344,62
8345,62
8346,62
8347,62
8348,62
8349,62
8350,62
8351,62
8352,62
8353,62
8354,62
8355,62
8356,62
8357,62
8358,62
8359,62
8360,62
8361,62
8362,62
8363,62
8364,62
8365,62
8366,62
8367,62
8368,62
8369,62
8370,62
8371,62
8372,62
8373,62
8374,62
8375,62
8376,62
8377,62
8378,62
8379,61
8380,61
8381,61
8382,61
8383,61
8384,61
8385,61
8386,61
8387,61
8388,61
8389,61
8390,61
8391,61
8392,61
8393,61
8394,61
8395,61
8396,61
8397,61
8398,61
8399,61
8400,61
8401,61
8402,61
8403,61
8404,61
8405,61
8406,61
8407,61
8408,61
8409,61
8410,61
8411,61
8412,61
8413,61
8414,61
8415,61
8416,61
8417,61
8418,61
8419,60
8420,60
8421,60
8422,60
8423,60
8424,60
8425,60
8426,60
8427,60
8428,60
8429,60
8430,60
8431,60
8432,60
8433,60
8434,60
8435,60
8436,60
8437,60
8438,60
8439,60
8440,60
8441,60
8442,60
8443,60
8444,60
8445,60
8446,60
8447,60
8448,60
8449,60
8450,60
8451,60
8452,60
8453,60
8454,60
8455,60
8456,60
8457,60
8458,60
8459,60
8460,60
8461,60
8462,60
8463,60
8464,60
8465,60
8466,60
8467,60
8468,60
8469,60
8470,60
8471,60
8472,60
8473,60
8474,60
8475,60
8476,60
8477,60
8478,60
8479,60
8480,60
8481,60
8482,60
8483,60
8484,60
8485,60
8486,60
8487,60
8488,60
8489,60
8490,60
8491,60
8492,60
8493,60
8494,60
8495,60
8496,60
8497,60
8498,60
8499,60
8500,60
8501,60
8502,60
8503,60
8504,60
8505,60
8506,60
8507,60
8508,60
8509,60
8510,60
8511,60
8512,60
8513,60
8514,60
8515,60
8516,60
8517,60
8518,60
8519,60
8520,60
8521,60
8522,60
8523,60
8524,60
8525,60
8526,60
8527,60
8528,60
8529,60
8530,60
8531,60
8532,60
8533,60
8534,60
8535,60
8536,60
8537,60
8538,60
8539,60
8540,60
8541,60
8542,60
8543,60
8544,60
8545,60
8546,60
8547,60
8548,60
8549,60
8550,60
8551,60
8552,60
8553,60
8554,60
8555,60
8556,60
8557,60
8558,60
8559,60
8560,60
8561,60
8562,60
8563,60
8564,60
8565,60
8566,60
8567,60
8568,60
8569,60
8570,60
8571,60
8572,60
8573,60
8574,60
8575,60
8576,60
8577,60
8578,60
8579,60
8580,60
8581,60
8582,60
8583,60
8584,60
8585,60
8586,60
8587,60
8588,60
8589,60
8590,60
8591,60
8592,60
8593,60
8594,60
8595,60
8596,60
8597,60
8598,60
8599,60
8600,60
8601,60
8602,60
8603,60
8604,60
8605,60
8606,60
8607,60
8608,60
8609,60
8610,59
8611,58
8612,58
8613,58
8614,58
8615,58
8616,58
8617,58
8618,58
8619,58
8620,58
8621,58
8622,58
8623,58
8624,58
8625,58
8626,58
8627,58
8628,58
8629,58
8630,58
8631,58
8632,58
8633,58
8634,58
8635,58
8636,58
8637,58
8638,58
8639,58
8640,58
8641,58
8642,57
8643,57
8644,57
8645,57
8646,57
8647,57
8648,57
8649,57
8650,57
8651,57
8652,57
8653,57
8654,57
8655,57
8656,57
8657,57
8658,57
8659,57
8660,57
8661,57
8662,57
8663,57
8664,57
8665,57
8666,57
8667,57
8668,57
8669,57
8670,57
8671,57
8672,57
8673,57
8674,57
8675,57
8676,57
8677,57
8678,57
8679,57
8680,57
8681,57
8682,57
8683,57
8684,57
8685,57
8686,57
8687,57
8688,57
8689,57
8690,57
8691,57
8692,57
8693,57
8694,57
8695,57
8696,57
8697,57
8698,57
8699,57
8700,57
8701,57
8702,57
8703,57
8704,57
8705,57
8706,57
8707,57
8708,57
8709,57
8710,57
8711,57
8712,57
8713,57
8714,57
8715,57
8716,57
8717,57
8718,57
8719,57
8720,57
8721,57
8722,57
8723,57
8724,57
8725,57
8726,57
8727,57
8728,57
8729,57
8730,57
8731,57
8732,57
8733,57
8734,57
8735,57
8736,57
8737,57
8738,57
8739,57
8740,57
8741,57
8742,57
8743,57
8744,57
8745,57
8746,57
8747,57
8748,57
8749,57
8750,57
8751,57
8752,57
8753,57
8754,57
8755,57
8756,57
8757,57
8758,57
8759,57
8760,57
8761,57
8762,57
8763,57
8764,57
8765,57
8766,57
8767,57
8768,57
8769,57
8770,57
8771,57
8772,57
8773,57
8774,57
8775,57
8776,57
8777,57
8778,57
8779,57
8780,56
8781,56
8782,56
8783,56
8784,56
8785,56
8786,56
8787,56
8788,56
8789,56
8790,56
8791,56
8792,56
8793,56
8794,56
8795,56
8796,56
8797,56
8798,56
8799,56
8800,56
8801,56
8802,56
8803,56
8804,56
8805,56
8806,56
8807,56
8808,56
8809,56
8810,56
8811,56
8812,56
8813,56
8814,56
8815,56
8816,56
8817,56
8818,56
8819,56
8820,56
8821,56
8822,56
8823,56
8824,56
8825,56
8826,56
8827,56
8828,56
8829,56
8830,56
8831,56
8832,56
8833,56
8834,56
8835,56
8836,56
8837,56
8838,56
8839,56
8840,56
8841,56
8842,56
8843,56
8844,56
8845,56
8846,56
8847,56
8848,56
8849,56
8850,56
8851,56
8852,56
8853,56
8854,56
8855,56
8856,56
8857,56
8858,56
8859,56
8860,56
8861,56
8862,56
8863,56
8864,56
8865,56
8866,56
8867,56
8868,56
8869,56
8870,56
8871,56
8872,56
8873,56
8874,56
8875,56
8876,56
8877,56
8878,56
8879,56
8880,56
8881,56
8882,56
8883,56
8884,56
8885,56
8886,56
8887,56
8888,56
8889,56
8890,56
8891,56
8892,56
8893,56
8894,56
8895,56
8896,56
8897,56
8898,56
8899,56
8900,56
8901,56
8902,56
8903,56
8904,56
8905,56
8906,56
8907,56
8908,56
8909,56
8910,56
8911,56
8912,56
8913,56
8914,56
8915,56
8916,56
8917,56
8918,56
8919,56
8920,56
8921,56
8922,56
8923,56
8924,56
8925,56
8926,56
8927,56
8928,56
8929,56
8930,56
8931,56
8932,56
8933,56
8934,56
8935,56
8936,56
8937,56
8938,56
8939,56
8940,56
8941,56
8942,56
8943,56
8944,56
8945,56
8946,56
8947,56
8948,56
8949,56
8950,56
8951,56
8952,56
8953,56
8954,56
8955,56
8956,56
8957,56
8958,56
8959,56
8960,56
8961,56
8962,56
8963,56
8964,56
8965,56
8966,56
8967,56
8968,56
8969,56
8970,56
8971,56
8972,56
8973,56
8974,56
8975,56
8976,56
8977,56
8978,56
8979,56
8980,56
8981,56
8982,56
8983,56
8984,56
8985,56
8986,56
8987,56
8988,56
8989,56
8990,56
8991,56
8992,56
8993,56
8994,56
8995,56
8996,56
8997,56
8998,56
8999,56
9000,56
9001,56
9002,56
9003,56
9004,56
9005,56
9006,56
9007,56
9008,56
9009,56
9010,56
9011,56
9012,56
9013,56
9014,56
9015,56
9016,56
9017,56
9018,56
9019,56
9020,56
9021,56
9022,56
9023,56
9024,56
9025,56
9026,56
9027,56
9028,56
9029,56
9030,56
9031,56
9032,56
9033,56
9034,56
9035,56
9036,56
9037,56
9038,56
9039,56
9040,56
9041,56
9042,56
9043,56
9044,56
9045,56
9046,56
9047,56
9048,56
9049,56
9050,56
9051,56
9052,56
9053,56
9054,56
9055,56
9056,56
9057,56
9058,56
9059,56
9060,56
9061,56
9062,56
9063,56
9064,56
9065,56
9066,56
9067,56
9068,56
9069,56
9070,56
9071,56
9072,56
9073,56
9074,56
9075,56
9076,56
9077,56
9078,56
9079,56
9080,56
9081,56
9082,56
9083,56
9084,56
9085,56
9086,56
9087,56
9088,56
9089,56
9090,56
9091,56
9092,56
9093,56
9094,56
9095,56
9096,56
9097,56
9098,56
9099,56
9100,56
9101,56
9102,56
9103,56
9104,56
9105,56
9106,56
9107,56
9108,56
9109,56
9110,56
9111,56
9112,56
9113,56
9114,56
9115,56
9116,56
9117,56
9118,56
9119,56
9120,56
9121,56
9122,56
9123,56
9124,56
9125,56
9126,56
9127,56
9128,56
9129,56
9130,56
9131,56
9132,56
9133,56
9134,56
9135,56
9136,56
9137,56
9138,56
9139,56
9140,56
9141,56
9142,56
9143,56
9144,56
9145,56
9146,56
9147,56
9148,56
9149,56
9150,56
9151,56
9152,56
9153,56
9154,56
9155,56
9156,56
9157,56
9158,56
9159,56
9160,56
9161,56
9162,56
9163,56
9164,56
9165,56
9166,56
9167,56
9168,56
9169,56
9170,56
9171,56
9172,56
9173,56
9174,56
9175,56
9176,56
9177,56
9178,56
9179,56
9180,56
9181,56
9182,56
9183,56
9184,56
9185,56
9186,56
9187,56
9188,56
9189,56
9190,56
9191,56
9192,56
9193,56
9194,56
9195,56
9196,56
9197,56
9198,56
9199,56
9200,56
9201,56
9202,56
9203,56
9204,56
9205,56
9206,56
9207,56
9208,56
9209,56
9210,56
9211,56
9212,56
9213,56
9214,56
9215,56
9216,56
9217,56
9218,56
9219,56
9220,56
9221,56
9222,56
9223,56
9224,56
9225,56
9226,56
9227,56
9228,56
9229,56
9230,56
9231,56
9232,56
9233,56
9234,56
9235,56
9236,56
9237,56
9238,56
9239,56
9240,56
9241,56
9242,56
9243,56
9244,56
9245,56
9246,56
9247,56
9248,56
9249,56
9250,56
9251,56
9252,56
9253,56
9254,56
9255,56
9256,56
9257,56
9258,56
9259,56
9260,56
9261,56
9262,56
9263,56
9264,56
9265,56
9266,56
9267,56
9268,56
9269,56
9270,56
9271,56
9272,56
9273,56
9274,56
9275,56
9276,56
9277,56
9278,56
9279,56
9280,56
9281,56
9282,56
9283,56
9284,56
9285,56
9286,56
9287,56
9288,56
9289,56
9290,56
9291,56
9292,56
9293,56
9294,56
9295,56
9296,56
9297,56
9298,56
9299,56
9300,56
9301,56
9302,56
9303,56
9304,56
9305,56
9306,56
9307,56
9308,56
9309,56
9310,56
9311,56
9312,56
9313,56
9314,56
9315,56
9316,56
9317,56
9318,56
9319,56
9320,56
9321,56
9322,56
9323,56
9324,56
9325,56
9326,56
9327,56
9328,56
9329,56
9330,56
9331,56
9332,56
9333,56
9334,56
9335,56
9336,56
9337,56
9338,56
9339,56
9340,56
9341,56
9342,56
9343,56
9344,56
9345,56
9346,56
9347,56
9348,56
9349,56
9350,56
9351,56
9352,56
9353,56
9354,56
9355,56
9356,56
9357,56
9358,56
9359,56
9360,56
9361,56
9362,56
9363,56
9364,56
9365,56
9366,56
9367,56
9368,56
9369,56
9370,56
9371,56
9372,56
9373,56
9374,56
9375,56
9376,56
9377,56
9378,56
9379,56
9380,56
9381,56
9382,56
9383,56
9384,56
9385,56
9386,56
9387,56
9388,56
9389,56
9390,56
9391,56
9392,56
9393,56
9394,56
9395,56
9396,56
9397,56
9398,56
9399,56
9400,56
9401,56
9402,56
9403,56
9404,56
9405,56
9406,56
9407,56
9408,56
9409,56
9410,56
9411,56
9412,56
9413,56
9414,56
9415,56
9416,56
9417,56
9418,56
9419,56
9420,56
9421,56
9422,56
9423,56
9424,56
9425,56
9426,56
9427,56
9428,56
9429,56
9430,56
9431,56
9432,56
9433,56
9434,56
9435,56
9436,56
9437,56
9438,56
9439,56
9440,56
9441,56
9442,56
9443,56
9444,56
9445,56
9446,56
9447,56
9448,56
9449,56
9450,56
9451,56
9452,56
9453,56
9454,56
9455,56
9456,56
9457,56
9458,56
9459,56
9460,56
9461,56
9462,56
9463,56
9464,56
9465,56
9466,56
9467,56
9468,56
9469,56
9470,56
9471,56
9472,56
9473,56
9474,56
9475,56
9476,56
9477,56
9478,56
9479,56
9480,56
9481,56
9482,56
9483,56
9484,56
9485,56
9486,56
9487,56
9488,56
9489,56
9490,56
9491,56
9492,56
9493,56
9494,56
9495,56
9496,56
9497,56
9498,56
9499,56
9500,56
9501,56
9502,56
9503,56
9504,56
9505,56
9506,56
9507,56
9508,56
9509,56
9510,56
9511,56
9512,56
9513,56
9514,56
9515,56
9516,56
9517,56
9518,56
9519,56
9520,56
9521,56
9522,56
9523,56
9524,56
9525,56
9526,56
9527,56
9528,56
9529,56
9530,56
9531,56
9532,56
9533,56
9534,56
9535,56
9536,56
9537,56
9538,56
9539,56
9540,56
9541,56
9542,56
9543,56
9544,56
9545,56
9546,56
9547,56
9548,56
9549,56
9550,56
9551,56
9552,56
9553,56
9554,56
9555,56
9556,56
9557,56
9558,56
9559,56
9560,56
9561,56
9562,56
9563,56
9564,56
9565,56
9566,56
9567,56
9568,56
9569,56
9570,56
9571,56
9572,56
9573,56
9574,56
9575,56
9576,56
9577,56
9578,56
9579,56
9580,56
9581,56
9582,56
9583,56
9584,56
9585,56
9586,56
9587,56
9588,56
9589,56
9590,56
9591,56
9592,56
9593,56
9594,56
9595,56
9596,56
9597,56
9598,55
9599,55
9600,55
9601,55
9602,55
9603,55
9604,55
9605,55
9606,55
9607,55
9608,55
9609,55
9610,55
9611,55
9612,55
9613,55
9614,55
9615,55
9616,55
9617,55
9618,55
9619,55
9620,55
9621,55
9622,55
9623,55
9624,55
9625,55
9626,55
9627,55
9628,55
9629,55
9630,55
9631,55
9632,55
9633,55
9634,55
9635,55
9636,55
9637,55
9638,55
9639,55
9640,55
9641,55
9642,55
9643,55
9644,55
9645,55
9646,55
9647,55
9648,55
9649,55
9650,55
9651,55
9652,55
9653,55
9654,55
9655,55
9656,55
9657,55
9658,55
9659,55
9660,55
9661,55
9662,55
9663,55
9664,55
9665,55
9666,55
9667,55
9668,55
9669,55
9670,54
9671,54
9672,54
9673,54
9674,54
9675,54
9676,54
9677,54
9678,54
9679,54
9680,54
9681,54
9682,54
9683,54
9684,54
9685,54
9686,54
9687,54
9688,54
9689,54
9690,54
9691,54
9692,54
9693,54
9694,54
9695,54
9696,54
9697,54
9698,54
9699,54
9700,54
9701,54
9702,54
9703,54
9704,54
9705,54
9706,54
9707,54
9708,54
9709,54
9710,54
9711,54
9712,54
9713,54
9714,54
9715,54
9716,54
9717,54
9718,54
9719,54
9720,54
9721,54
9722,54
9723,54
9724,54
9725,54
9726,54
9727,54
9728,54
9729,54
9730,54
9731,54
9732,54
9733,54
9734,54
9735,54
9736,54
9737,54
9738,54
9739,54
9740,54
9741,54
9742,54
9743,54
9744,54
9745,54
9746,54
9747,54
9748,54
9749,54
9750,54
9751,54
9752,54
9753,54
9754,54
9755,54
9756,54
9757,54
9758,54
9759,54
9760,54
9761,54
9762,54
9763,54
9764,54
9765,54
9766,54
9767,54
9768,54
9769,54
9770,54
9771,54
9772,54
9773,54
9774,54
9775,54
9776,54
9777,54
9778,54
9779,54
9780,54
9781,54
9782,54
9783,54
9784,54
9785,54
9786,54
9787,54
9788,54
9789,54
9790,54
9791,54
9792,54
9793,54
9794,54
9795,54
9796,54
9797,54
9798,53
9799,53
9800,53
9801,53
9802,53
9803,53
9804,53
9805,53
9806,53
9807,53
9808,53
9809,53
9810,53
9811,53
9812,53
9813,53
9814,53
9815,53
9816,53
9817,53
9818,53
9819,53
9820,53
9821,53
9822,53
9823,53
9824,53
9825,53
9826,53
9827,53
9828,53
9829,53
9830,53
9831,53
9832,53
9833,53
9834,53
9835,53
9836,53
9837,53
9838,53
9839,53
9840,53
9841,53
9842,53
9843,53
9844,53
9845,53
9846,53
9847,53
9848,53
9849,53
9850,53
9851,53
9852,53
9853,53
9854,53
9855,53
9856,53
9857,53
9858,53
9859,53
9860,53
9861,53
9862,53
9863,53
9864,53
9865,53
9866,53
9867,53
9868,53
9869,53
9870,53
9871,53
9872,53
9873,53
9874,53
9875,53
9876,53
9877,53
9878,53
9879,53
9880,53
9881,53
9882,53
9883,53
9884,53
9885,53
9886,53
9887,53
9888,53
9889,53
9890,53
9891,53
9892,53
9893,53
9894,53
9895,53
9896,53
9897,53
9898,53
9899,53
9900,53
9901,53
9902,53
9903,53
9904,53
9905,53
9906,53
9907,53
9908,53
9909,53
9910,53
9911,53
9912,53
9913,53
9914,53
9915,53
9916,53
9917,53
9918,53
9919,53
9920,53
9921,53
9922,53
9923,53
9924,53
9925,53
9926,53
9927,53
9928,53
9929,53
9930,53
9931,53
9932,53
9933,53
9934,53
9935,53
9936,53
9937,53
9938,53
9939,53
9940,53
9941,53
9942,53
9943,53
9944,53
9945,53
9946,53
9947,53
9948,53
9949,53
9950,53
9951,53
9952,53
9953,53
9954,53
9955,53
9956,53
9957,53
9958,53
9959,53
9960,53
9961,53
9962,53
9963,53
9964,53
9965,53
9966,53
9967,53
9968,53
9969,53
9970,53
9971,53
9972,53
9973,53
9974,53
9975,53
9976,53
9977,53
9978,53
9979,53
9980,53
9981,53
9982,53
9983,53
9984,53
9985,53
9986,53
9987,53
9988,53
9989,53
9990,53
9991,53
9992,53
9993,53
9994,53
9995,53
9996,53
9997,53
9998,52
9999,52
