,pso
0,301
1,301
2,301
3,301
4,301
5,301
6,301
7,301
8,301
9,301
10,301
11,301
12,301
13,301
14,301
15,301
16,301
17,301
18,301
19,301
20,301
21,301
22,301
23,301
24,301
25,301
26,301
27,301
28,301
29,301
30,301
31,301
32,301
33,301
34,301
35,301
36,301
37,301
38,301
39,301
40,301
41,301
42,301
43,301
44,301
45,301
46,301
47,301
48,301
49,301
50,301
51,301
52,301
53,301
54,301
55,301
56,301
57,301
58,301
59,301
60,301
61,301
62,301
63,301
64,301
65,301
66,301
67,301
68,301
69,301
70,301
71,301
72,301
73,301
74,301
75,301
76,301
77,301
78,301
79,301
80,301
81,301
82,301
83,301
84,301
85,301
86,301
87,301
88,301
89,301
90,301
91,301
92,301
93,301
94,301
95,301
96,301
97,301
98,301
99,301
100,301
101,301
102,301
103,301
104,301
105,301
106,301
107,301
108,301
109,301
110,301
111,301
112,301
113,301
114,301
115,301
116,301
117,301
118,301
119,301
120,301
121,301
122,301
123,301
124,301
125,301
126,301
127,301
128,301
129,301
130,301
131,301
132,301
133,301
134,301
135,301
136,301
137,301
138,301
139,301
140,301
141,301
142,301
143,301
144,301
145,301
146,301
147,301
148,301
149,301
150,301
151,301
152,301
153,301
154,301
155,301
156,301
157,301
158,301
159,301
160,301
161,301
162,301
163,301
164,301
165,301
166,301
167,301
168,301
169,301
170,301
171,301
172,301
173,301
174,301
175,301
176,301
177,301
178,301
179,301
180,301
181,301
182,301
183,301
184,301
185,301
186,301
187,301
188,301
189,301
190,301
191,301
192,301
193,301
194,301
195,301
196,301
197,301
198,301
199,301
200,301
201,301
202,301
203,301
204,301
205,301
206,301
207,301
208,301
209,301
210,301
211,301
212,301
213,301
214,301
215,301
216,301
217,301
218,301
219,301
220,301
221,301
222,301
223,301
224,301
225,301
226,301
227,301
228,301
229,301
230,301
231,301
232,301
233,301
234,301
235,301
236,301
237,301
238,301
239,301
240,301
241,301
242,301
243,301
244,301
245,301
246,301
247,301
248,301
249,301
250,301
251,301
252,301
253,301
254,301
255,301
256,301
257,301
258,301
259,301
260,301
261,301
262,301
263,301
264,301
265,301
266,301
267,301
268,301
269,301
270,301
271,301
272,301
273,301
274,301
275,301
276,301
277,301
278,301
279,301
280,301
281,301
282,301
283,301
284,301
285,301
286,301
287,301
288,301
289,301
290,301
291,301
292,301
293,301
294,301
295,301
296,301
297,301
298,301
299,301
300,301
301,301
302,301
303,301
304,301
305,301
306,301
307,301
308,301
309,301
310,301
311,301
312,301
313,301
314,301
315,301
316,301
317,301
318,301
319,301
320,301
321,301
322,301
323,301
324,301
325,301
326,301
327,301
328,301
329,301
330,301
331,301
332,301
333,301
334,301
335,301
336,301
337,301
338,301
339,301
340,301
341,301
342,301
343,301
344,301
345,301
346,301
347,301
348,301
349,301
350,301
351,301
352,301
353,301
354,301
355,301
356,301
357,301
358,301
359,301
360,301
361,301
362,301
363,301
364,301
365,301
366,301
367,301
368,301
369,301
370,301
371,301
372,301
373,301
374,301
375,301
376,301
377,301
378,301
379,301
380,301
381,301
382,301
383,301
384,301
385,301
386,301
387,301
388,301
389,301
390,301
391,301
392,301
393,301
394,301
395,301
396,301
397,301
398,301
399,301
400,301
401,301
402,301
403,301
404,301
405,301
406,301
407,301
408,301
409,301
410,301
411,301
412,301
413,301
414,301
415,301
416,301
417,301
418,301
419,301
420,301
421,301
422,301
423,301
424,301
425,301
426,301
427,301
428,301
429,301
430,301
431,301
432,301
433,301
434,301
435,301
436,301
437,301
438,301
439,301
440,301
441,301
442,301
443,301
444,301
445,301
446,301
447,301
448,301
449,301
450,301
451,301
452,301
453,301
454,301
455,301
456,301
457,301
458,301
459,301
460,301
461,301
462,301
463,301
464,301
465,301
466,301
467,301
468,301
469,301
470,301
471,301
472,301
473,301
474,301
475,301
476,301
477,301
478,301
479,301
480,301
481,301
482,301
483,301
484,301
485,301
486,301
487,301
488,301
489,301
490,301
491,301
492,301
493,301
494,301
495,301
496,301
497,301
498,301
499,301
500,301
501,301
502,301
503,301
504,301
505,301
506,301
507,301
508,301
509,301
510,301
511,301
512,301
513,301
514,301
515,301
516,301
517,301
518,301
519,301
520,301
521,301
522,301
523,301
524,301
525,301
526,301
527,301
528,301
529,301
530,301
531,301
532,301
533,301
534,301
535,301
536,301
537,301
538,301
539,301
540,301
541,301
542,301
543,301
544,301
545,301
546,301
547,301
548,301
549,301
550,301
551,301
552,301
553,301
554,301
555,301
556,301
557,301
558,301
559,301
560,301
561,301
562,301
563,301
564,301
565,301
566,301
567,301
568,301
569,301
570,301
571,301
572,301
573,301
574,301
575,301
576,301
577,301
578,301
579,301
580,301
581,301
582,301
583,301
584,301
585,301
586,301
587,301
588,301
589,301
590,301
591,301
592,301
593,301
594,301
595,301
596,301
597,301
598,301
599,301
600,301
601,301
602,301
603,301
604,301
605,301
606,301
607,301
608,301
609,301
610,301
611,301
612,301
613,301
614,301
615,301
616,301
617,301
618,301
619,301
620,301
621,301
622,301
623,301
624,301
625,301
626,301
627,301
628,301
629,301
630,301
631,301
632,301
633,301
634,301
635,301
636,301
637,301
638,301
639,301
640,301
641,301
642,301
643,301
644,301
645,301
646,301
647,301
648,301
649,301
650,301
651,301
652,301
653,301
654,301
655,301
656,301
657,301
658,301
659,301
660,300
661,300
662,300
663,300
664,300
665,300
666,300
667,300
668,300
669,300
670,300
671,300
672,300
673,300
674,300
675,300
676,300
677,300
678,300
679,300
680,300
681,300
682,300
683,300
684,300
685,300
686,300
687,300
688,300
689,300
690,300
691,300
692,300
693,300
694,300
695,300
696,300
697,300
698,300
699,300
700,300
701,300
702,300
703,300
704,300
705,300
706,300
707,300
708,300
709,300
710,300
711,300
712,300
713,300
714,300
715,300
716,300
717,300
718,300
719,300
720,300
721,300
722,300
723,300
724,300
725,300
726,300
727,300
728,300
729,300
730,300
731,300
732,300
733,300
734,300
735,300
736,300
737,300
738,300
739,300
740,300
741,300
742,300
743,300
744,300
745,300
746,300
747,300
748,300
749,300
750,300
751,300
752,300
753,300
754,300
755,300
756,300
757,300
758,300
759,300
760,300
761,300
762,300
763,300
764,300
765,300
766,300
767,300
768,300
769,300
770,300
771,300
772,300
773,300
774,300
775,300
776,300
777,300
778,300
779,300
780,300
781,300
782,300
783,300
784,300
785,300
786,300
787,300
788,300
789,300
790,300
791,300
792,300
793,300
794,300
795,300
796,300
797,300
798,300
799,300
800,300
801,300
802,300
803,300
804,300
805,300
806,300
807,300
808,300
809,300
810,300
811,300
812,300
813,300
814,300
815,300
816,300
817,300
818,300
819,300
820,300
821,300
822,300
823,300
824,300
825,300
826,300
827,300
828,300
829,300
830,300
831,300
832,300
833,300
834,300
835,300
836,300
837,299
838,299
839,299
840,299
841,299
842,299
843,299
844,299
845,299
846,299
847,299
848,299
849,299
850,299
851,299
852,299
853,299
854,299
855,299
856,299
857,299
858,299
859,299
860,299
861,299
862,299
863,299
864,299
865,299
866,299
867,299
868,299
869,299
870,299
871,299
872,299
873,299
874,299
875,299
876,299
877,299
878,299
879,299
880,299
881,299
882,299
883,299
884,299
885,299
886,299
887,299
888,299
889,299
890,299
891,299
892,299
893,299
894,299
895,299
896,299
897,299
898,299
899,299
900,299
901,299
902,299
903,299
904,299
905,299
906,299
907,299
908,299
909,299
910,299
911,299
912,299
913,299
914,299
915,299
916,299
917,299
918,299
919,299
920,299
921,299
922,299
923,299
924,299
925,299
926,299
927,299
928,299
929,299
930,299
931,299
932,299
933,299
934,299
935,299
936,299
937,299
938,299
939,299
940,299
941,299
942,299
943,299
944,299
945,299
946,299
947,299
948,299
949,299
950,299
951,299
952,299
953,299
954,299
955,299
956,299
957,299
958,299
959,298
960,298
961,298
962,298
963,298
964,298
965,298
966,298
967,298
968,298
969,298
970,298
971,298
972,298
973,298
974,298
975,298
976,298
977,298
978,298
979,298
980,298
981,298
982,298
983,298
984,298
985,298
986,298
987,298
988,298
989,298
990,298
991,298
992,298
993,298
994,298
995,298
996,298
997,298
998,298
999,298
1000,298
1001,298
1002,298
1003,298
1004,298
1005,298
1006,298
1007,298
1008,298
1009,298
1010,298
1011,298
1012,298
1013,298
1014,298
1015,298
1016,298
1017,298
1018,298
1019,298
1020,298
1021,298
1022,298
1023,298
1024,298
1025,298
1026,298
1027,298
1028,298
1029,298
1030,298
1031,298
1032,298
1033,298
1034,298
1035,298
1036,298
1037,298
1038,298
1039,298
1040,298
1041,298
1042,298
1043,298
1044,298
1045,298
1046,298
1047,298
1048,298
1049,298
1050,298
1051,298
1052,298
1053,298
1054,298
1055,298
1056,298
1057,298
1058,298
1059,298
1060,298
1061,298
1062,298
1063,298
1064,298
1065,298
1066,298
1067,298
1068,298
1069,297
1070,297
1071,297
1072,297
1073,297
1074,297
1075,297
1076,297
1077,297
1078,297
1079,297
1080,297
1081,297
1082,296
1083,296
1084,296
1085,296
1086,296
1087,296
1088,296
1089,296
1090,296
1091,296
1092,295
1093,295
1094,295
1095,295
1096,295
1097,295
1098,295
1099,295
1100,295
1101,295
1102,295
1103,295
1104,295
1105,295
1106,295
1107,295
1108,295
1109,295
1110,295
1111,295
1112,295
1113,295
1114,295
1115,295
1116,295
1117,295
1118,295
1119,295
1120,295
1121,295
1122,295
1123,295
1124,295
1125,295
1126,295
1127,295
1128,295
1129,295
1130,295
1131,295
1132,295
1133,295
1134,295
1135,295
1136,295
1137,295
1138,295
1139,295
1140,295
1141,295
1142,295
1143,295
1144,295
1145,295
1146,295
1147,295
1148,295
1149,295
1150,295
1151,295
1152,295
1153,295
1154,295
1155,295
1156,295
1157,295
1158,295
1159,295
1160,295
1161,295
1162,295
1163,295
1164,295
1165,295
1166,295
1167,295
1168,295
1169,295
1170,295
1171,295
1172,295
1173,295
1174,295
1175,295
1176,295
1177,295
1178,295
1179,295
1180,295
1181,295
1182,295
1183,295
1184,295
1185,295
1186,295
1187,295
1188,295
1189,295
1190,295
1191,295
1192,295
1193,295
1194,295
1195,295
1196,295
1197,295
1198,295
1199,295
1200,295
1201,295
1202,295
1203,295
1204,295
1205,295
1206,295
1207,295
1208,295
1209,295
1210,295
1211,295
1212,295
1213,295
1214,295
1215,295
1216,295
1217,295
1218,295
1219,295
1220,295
1221,295
1222,295
1223,295
1224,295
1225,295
1226,295
1227,295
1228,295
1229,295
1230,295
1231,295
1232,295
1233,295
1234,295
1235,295
1236,295
1237,295
1238,295
1239,295
1240,295
1241,294
1242,294
1243,294
1244,294
1245,294
1246,294
1247,294
1248,294
1249,294
1250,294
1251,294
1252,294
1253,294
1254,294
1255,294
1256,294
1257,294
1258,294
1259,294
1260,294
1261,294
1262,294
1263,294
1264,294
1265,294
1266,294
1267,294
1268,294
1269,294
1270,294
1271,294
1272,294
1273,294
1274,294
1275,294
1276,294
1277,294
1278,294
1279,294
1280,294
1281,294
1282,294
1283,294
1284,294
1285,294
1286,294
1287,294
1288,294
1289,294
1290,294
1291,294
1292,294
1293,294
1294,294
1295,293
1296,293
1297,293
1298,293
1299,293
1300,293
1301,292
1302,292
1303,292
1304,292
1305,291
1306,291
1307,291
1308,291
1309,291
1310,291
1311,291
1312,291
1313,291
1314,291
1315,291
1316,291
1317,291
1318,291
1319,291
1320,291
1321,291
1322,291
1323,291
1324,291
1325,291
1326,291
1327,291
1328,291
1329,291
1330,291
1331,291
1332,291
1333,291
1334,291
1335,291
1336,290
1337,290
1338,290
1339,290
1340,290
1341,290
1342,290
1343,290
1344,290
1345,290
1346,290
1347,290
1348,290
1349,290
1350,290
1351,290
1352,290
1353,290
1354,290
1355,290
1356,290
1357,290
1358,290
1359,290
1360,290
1361,290
1362,290
1363,290
1364,290
1365,290
1366,290
1367,290
1368,290
1369,290
1370,290
1371,290
1372,290
1373,290
1374,290
1375,290
1376,290
1377,290
1378,290
1379,290
1380,290
1381,290
1382,290
1383,290
1384,290
1385,290
1386,290
1387,290
1388,290
1389,290
1390,290
1391,290
1392,290
1393,290
1394,290
1395,290
1396,290
1397,290
1398,290
1399,290
1400,290
1401,290
1402,290
1403,290
1404,290
1405,290
1406,290
1407,290
1408,290
1409,290
1410,290
1411,290
1412,290
1413,290
1414,290
1415,290
1416,290
1417,290
1418,290
1419,290
1420,290
1421,290
1422,290
1423,290
1424,290
1425,290
1426,290
1427,290
1428,290
1429,290
1430,290
1431,290
1432,290
1433,290
1434,290
1435,290
1436,290
1437,290
1438,290
1439,290
1440,290
1441,290
1442,290
1443,290
1444,290
1445,290
1446,290
1447,290
1448,290
1449,290
1450,290
1451,290
1452,290
1453,290
1454,290
1455,290
1456,290
1457,290
1458,290
1459,290
1460,290
1461,290
1462,290
1463,290
1464,290
1465,290
1466,290
1467,290
1468,290
1469,290
1470,290
1471,290
1472,290
1473,290
1474,290
1475,290
1476,290
1477,290
1478,290
1479,290
1480,290
1481,290
1482,290
1483,289
1484,289
1485,289
1486,289
1487,289
1488,289
1489,289
1490,289
1491,289
1492,289
1493,289
1494,289
1495,289
1496,289
1497,289
1498,289
1499,289
1500,289
1501,289
1502,289
1503,289
1504,289
1505,289
1506,289
1507,289
1508,288
1509,288
1510,288
1511,288
1512,288
1513,288
1514,288
1515,288
1516,288
1517,288
1518,288
1519,288
1520,288
1521,288
1522,288
1523,288
1524,288
1525,288
1526,288
1527,288
1528,288
1529,288
1530,288
1531,288
1532,288
1533,288
1534,288
1535,288
1536,288
1537,288
1538,288
1539,288
1540,288
1541,288
1542,288
1543,288
1544,288
1545,288
1546,288
1547,288
1548,288
1549,288
1550,288
1551,288
1552,288
1553,288
1554,288
1555,288
1556,288
1557,288
1558,288
1559,288
1560,288
1561,288
1562,288
1563,288
1564,288
1565,288
1566,288
1567,288
1568,288
1569,288
1570,288
1571,288
1572,288
1573,288
1574,288
1575,288
1576,288
1577,288
1578,288
1579,288
1580,288
1581,288
1582,288
1583,288
1584,288
1585,288
1586,288
1587,288
1588,288
1589,288
1590,288
1591,288
1592,288
1593,288
1594,288
1595,288
1596,288
1597,288
1598,288
1599,288
1600,288
1601,288
1602,288
1603,288
1604,288
1605,288
1606,288
1607,288
1608,288
1609,288
1610,288
1611,288
1612,288
1613,288
1614,288
1615,288
1616,288
1617,288
1618,288
1619,288
1620,288
1621,288
1622,288
1623,288
1624,288
1625,288
1626,288
1627,288
1628,288
1629,288
1630,288
1631,288
1632,288
1633,288
1634,288
1635,288
1636,288
1637,288
1638,288
1639,288
1640,288
1641,287
1642,287
1643,287
1644,287
1645,287
1646,287
1647,287
1648,287
1649,287
1650,287
1651,287
1652,287
1653,286
1654,286
1655,286
1656,286
1657,286
1658,286
1659,286
1660,286
1661,286
1662,286
1663,286
1664,286
1665,286
1666,286
1667,286
1668,286
1669,286
1670,286
1671,286
1672,286
1673,286
1674,285
1675,285
1676,285
1677,285
1678,285
1679,285
1680,285
1681,285
1682,285
1683,285
1684,285
1685,285
1686,285
1687,285
1688,285
1689,285
1690,285
1691,285
1692,285
1693,285
1694,285
1695,285
1696,285
1697,285
1698,285
1699,285
1700,285
1701,285
1702,285
1703,285
1704,285
1705,285
1706,285
1707,285
1708,285
1709,285
1710,285
1711,285
1712,285
1713,285
1714,285
1715,285
1716,285
1717,285
1718,285
1719,285
1720,285
1721,285
1722,285
1723,285
1724,285
1725,285
1726,285
1727,285
1728,285
1729,285
1730,285
1731,285
1732,285
1733,285
1734,285
1735,285
1736,285
1737,285
1738,285
1739,285
1740,285
1741,285
1742,285
1743,285
1744,285
1745,285
1746,285
1747,285
1748,285
1749,285
1750,285
1751,285
1752,285
1753,285
1754,285
1755,285
1756,285
1757,285
1758,285
1759,285
1760,285
1761,285
1762,285
1763,285
1764,285
1765,285
1766,285
1767,285
1768,285
1769,285
1770,285
1771,285
1772,285
1773,285
1774,285
1775,285
1776,285
1777,285
1778,285
1779,285
1780,285
1781,285
1782,285
1783,285
1784,285
1785,285
1786,285
1787,285
1788,285
1789,285
1790,285
1791,285
1792,285
1793,285
1794,285
1795,285
1796,285
1797,285
1798,285
1799,285
1800,285
1801,285
1802,285
1803,285
1804,285
1805,285
1806,285
1807,285
1808,284
1809,284
1810,284
1811,284
1812,284
1813,284
1814,284
1815,284
1816,284
1817,284
1818,284
1819,284
1820,284
1821,284
1822,284
1823,284
1824,284
1825,284
1826,284
1827,284
1828,284
1829,284
1830,284
1831,284
1832,284
1833,284
1834,284
1835,284
1836,284
1837,284
1838,284
1839,284
1840,284
1841,284
1842,284
1843,284
1844,284
1845,284
1846,284
1847,284
1848,284
1849,284
1850,284
1851,284
1852,284
1853,284
1854,284
1855,284
1856,284
1857,284
1858,284
1859,284
1860,284
1861,284
1862,284
1863,284
1864,284
1865,284
1866,284
1867,284
1868,284
1869,284
1870,284
1871,284
1872,284
1873,284
1874,284
1875,284
1876,284
1877,284
1878,284
1879,284
1880,284
1881,284
1882,284
1883,284
1884,284
1885,284
1886,284
1887,284
1888,284
1889,284
1890,284
1891,283
1892,283
1893,283
1894,283
1895,283
1896,283
1897,283
1898,283
1899,283
1900,283
1901,283
1902,283
1903,283
1904,283
1905,283
1906,283
1907,282
1908,282
1909,282
1910,282
1911,282
1912,282
1913,282
1914,282
1915,282
1916,282
1917,282
1918,282
1919,282
1920,282
1921,282
1922,282
1923,282
1924,282
1925,282
1926,282
1927,282
1928,282
1929,282
1930,282
1931,282
1932,282
1933,282
1934,282
1935,282
1936,282
1937,282
1938,282
1939,282
1940,282
1941,282
1942,282
1943,282
1944,282
1945,282
1946,282
1947,282
1948,282
1949,281
1950,281
1951,281
1952,281
1953,281
1954,281
1955,281
1956,281
1957,281
1958,281
1959,281
1960,281
1961,281
1962,281
1963,281
1964,281
1965,281
1966,281
1967,281
1968,281
1969,281
1970,281
1971,281
1972,281
1973,281
1974,281
1975,281
1976,281
1977,281
1978,281
1979,281
1980,281
1981,281
1982,281
1983,281
1984,281
1985,281
1986,281
1987,281
1988,281
1989,281
1990,281
1991,281
1992,281
1993,281
1994,281
1995,281
1996,281
1997,281
1998,281
1999,281
2000,281
2001,281
2002,281
2003,281
2004,281
2005,281
2006,281
2007,281
2008,281
2009,281
2010,281
2011,281
2012,281
2013,281
2014,281
2015,281
2016,281
2017,281
2018,281
2019,281
2020,281
2021,281
2022,281
2023,281
2024,281
2025,281
2026,281
2027,281
2028,281
2029,281
2030,281
2031,281
2032,281
2033,281
2034,281
2035,281
2036,281
2037,281
2038,281
2039,281
2040,281
2041,281
2042,281
2043,281
2044,281
2045,281
2046,281
2047,281
2048,281
2049,281
2050,281
2051,281
2052,281
2053,281
2054,281
2055,281
2056,281
2057,281
2058,281
2059,281
2060,281
2061,281
2062,281
2063,281
2064,281
2065,281
2066,281
2067,281
2068,281
2069,281
2070,281
2071,281
2072,281
2073,281
2074,281
2075,281
2076,281
2077,281
2078,281
2079,281
2080,281
2081,281
2082,281
2083,281
2084,281
2085,281
2086,281
2087,281
2088,281
2089,281
2090,281
2091,281
2092,281
2093,281
2094,281
2095,281
2096,281
2097,281
2098,281
2099,281
2100,281
2101,281
2102,281
2103,281
2104,281
2105,281
2106,281
2107,281
2108,281
2109,281
2110,281
2111,281
2112,281
2113,281
2114,281
2115,281
2116,281
2117,281
2118,281
2119,281
2120,281
2121,281
2122,281
2123,281
2124,281
2125,281
2126,281
2127,281
2128,281
2129,281
2130,281
2131,281
2132,281
2133,281
2134,281
2135,280
2136,280
2137,280
2138,280
2139,280
2140,280
2141,280
2142,280
2143,280
2144,280
2145,280
2146,280
2147,280
2148,280
2149,280
2150,280
2151,280
2152,280
2153,280
2154,280
2155,280
2156,280
2157,280
2158,280
2159,280
2160,280
2161,280
2162,280
2163,280
2164,280
2165,280
2166,280
2167,280
2168,280
2169,280
2170,280
2171,280
2172,280
2173,280
2174,280
2175,280
2176,280
2177,280
2178,280
2179,280
2180,280
2181,280
2182,280
2183,280
2184,280
2185,280
2186,280
2187,280
2188,280
2189,280
2190,280
2191,280
2192,280
2193,280
2194,280
2195,280
2196,280
2197,280
2198,280
2199,280
2200,280
2201,280
2202,280
2203,280
2204,280
2205,280
2206,280
2207,280
2208,280
2209,280
2210,280
2211,280
2212,280
2213,280
2214,280
2215,280
2216,280
2217,280
2218,280
2219,280
2220,280
2221,280
2222,280
2223,280
2224,280
2225,280
2226,280
2227,280
2228,280
2229,280
2230,280
2231,280
2232,280
2233,280
2234,280
2235,280
2236,280
2237,280
2238,280
2239,280
2240,280
2241,280
2242,280
2243,280
2244,280
2245,280
2246,280
2247,280
2248,280
2249,280
2250,280
2251,280
2252,280
2253,280
2254,280
2255,280
2256,280
2257,280
2258,280
2259,280
2260,280
2261,280
2262,280
2263,280
2264,280
2265,280
2266,280
2267,280
2268,280
2269,280
2270,280
2271,280
2272,280
2273,280
2274,280
2275,280
2276,280
2277,280
2278,280
2279,280
2280,280
2281,280
2282,280
2283,280
2284,280
2285,280
2286,280
2287,280
2288,280
2289,280
2290,280
2291,280
2292,280
2293,280
2294,280
2295,280
2296,280
2297,280
2298,280
2299,280
2300,280
2301,280
2302,280
2303,280
2304,280
2305,280
2306,280
2307,280
2308,280
2309,280
2310,280
2311,280
2312,280
2313,280
2314,280
2315,280
2316,280
2317,280
2318,280
2319,280
2320,280
2321,280
2322,280
2323,280
2324,280
2325,280
2326,280
2327,280
2328,280
2329,280
2330,280
2331,280
2332,280
2333,280
2334,279
2335,279
2336,279
2337,279
2338,279
2339,278
2340,278
2341,278
2342,278
2343,278
2344,278
2345,278
2346,278
2347,278
2348,278
2349,278
2350,278
2351,278
2352,278
2353,278
2354,278
2355,278
2356,278
2357,278
2358,278
2359,278
2360,278
2361,278
2362,278
2363,278
2364,278
2365,278
2366,278
2367,277
2368,277
2369,277
2370,277
2371,277
2372,277
2373,277
2374,277
2375,277
2376,277
2377,277
2378,277
2379,277
2380,277
2381,277
2382,277
2383,277
2384,277
2385,277
2386,277
2387,277
2388,277
2389,277
2390,277
2391,277
2392,277
2393,277
2394,277
2395,277
2396,277
2397,277
2398,277
2399,277
2400,277
2401,277
2402,277
2403,277
2404,277
2405,277
2406,277
2407,277
2408,277
2409,277
2410,277
2411,277
2412,277
2413,277
2414,277
2415,277
2416,277
2417,277
2418,277
2419,277
2420,277
2421,277
2422,277
2423,277
2424,276
2425,276
2426,276
2427,276
2428,276
2429,276
2430,276
2431,276
2432,276
2433,276
2434,276
2435,276
2436,276
2437,276
2438,276
2439,276
2440,276
2441,276
2442,275
2443,275
2444,275
2445,275
2446,275
2447,275
2448,275
2449,275
2450,275
2451,275
2452,275
2453,275
2454,275
2455,275
2456,275
2457,275
2458,275
2459,275
2460,275
2461,275
2462,275
2463,275
2464,275
2465,275
2466,275
2467,275
2468,275
2469,275
2470,275
2471,275
2472,275
2473,275
2474,274
2475,274
2476,274
2477,274
2478,274
2479,274
2480,274
2481,274
2482,274
2483,274
2484,274
2485,274
2486,274
2487,274
2488,274
2489,274
2490,274
2491,274
2492,274
2493,274
2494,274
2495,274
2496,274
2497,274
2498,274
2499,274
2500,274
2501,274
2502,274
2503,274
2504,274
2505,274
2506,274
2507,274
2508,274
2509,274
2510,274
2511,274
2512,274
2513,274
2514,274
2515,274
2516,274
2517,274
2518,274
2519,274
2520,274
2521,274
2522,274
2523,274
2524,274
2525,274
2526,274
2527,274
2528,274
2529,274
2530,274
2531,274
2532,274
2533,274
2534,274
2535,274
2536,274
2537,274
2538,274
2539,274
2540,274
2541,274
2542,274
2543,274
2544,274
2545,274
2546,274
2547,274
2548,274
2549,274
2550,274
2551,274
2552,274
2553,274
2554,274
2555,274
2556,274
2557,274
2558,274
2559,274
2560,274
2561,273
2562,273
2563,273
2564,273
2565,273
2566,273
2567,273
2568,273
2569,273
2570,273
2571,273
2572,273
2573,273
2574,273
2575,273
2576,273
2577,273
2578,273
2579,273
2580,273
2581,273
2582,273
2583,273
2584,273
2585,273
2586,273
2587,273
2588,273
2589,273
2590,273
2591,273
2592,273
2593,273
2594,273
2595,273
2596,273
2597,273
2598,273
2599,273
2600,273
2601,273
2602,273
2603,273
2604,273
2605,273
2606,273
2607,273
2608,273
2609,273
2610,273
2611,273
2612,273
2613,273
2614,273
2615,273
2616,273
2617,273
2618,273
2619,273
2620,273
2621,273
2622,273
2623,273
2624,273
2625,273
2626,273
2627,273
2628,273
2629,273
2630,273
2631,273
2632,273
2633,273
2634,273
2635,273
2636,273
2637,273
2638,273
2639,273
2640,273
2641,273
2642,273
2643,273
2644,273
2645,273
2646,273
2647,273
2648,273
2649,273
2650,273
2651,272
2652,272
2653,272
2654,272
2655,272
2656,272
2657,272
2658,272
2659,272
2660,272
2661,272
2662,272
2663,272
2664,272
2665,272
2666,272
2667,272
2668,272
2669,272
2670,272
2671,272
2672,272
2673,272
2674,272
2675,272
2676,272
2677,272
2678,272
2679,272
2680,272
2681,272
2682,272
2683,272
2684,272
2685,272
2686,272
2687,272
2688,272
2689,272
2690,272
2691,272
2692,272
2693,272
2694,272
2695,272
2696,272
2697,272
2698,272
2699,272
2700,272
2701,272
2702,272
2703,272
2704,272
2705,272
2706,272
2707,272
2708,272
2709,272
2710,272
2711,272
2712,272
2713,272
2714,272
2715,272
2716,272
2717,272
2718,272
2719,272
2720,272
2721,272
2722,272
2723,272
2724,272
2725,272
2726,272
2727,272
2728,272
2729,272
2730,272
2731,272
2732,272
2733,272
2734,271
2735,270
2736,270
2737,270
2738,270
2739,270
2740,270
2741,270
2742,270
2743,270
2744,270
2745,270
2746,270
2747,270
2748,270
2749,270
2750,270
2751,270
2752,270
2753,270
2754,270
2755,270
2756,270
2757,270
2758,270
2759,270
2760,270
2761,270
2762,270
2763,270
2764,270
2765,270
2766,269
2767,269
2768,269
2769,269
2770,269
2771,269
2772,269
2773,269
2774,268
2775,268
2776,268
2777,268
2778,268
2779,268
2780,268
2781,268
2782,268
2783,268
2784,268
2785,268
2786,268
2787,268
2788,268
2789,268
2790,268
2791,268
2792,268
2793,268
2794,268
2795,268
2796,268
2797,268
2798,268
2799,268
2800,268
2801,268
2802,268
2803,268
2804,268
2805,268
2806,268
2807,268
2808,268
2809,268
2810,268
2811,267
2812,267
2813,267
2814,267
2815,267
2816,267
2817,266
2818,266
2819,266
2820,266
2821,266
2822,266
2823,266
2824,266
2825,266
2826,266
2827,266
2828,266
2829,266
2830,266
2831,266
2832,266
2833,266
2834,266
2835,266
2836,266
2837,266
2838,266
2839,266
2840,266
2841,266
2842,266
2843,266
2844,266
2845,266
2846,266
2847,266
2848,266
2849,266
2850,266
2851,265
2852,265
2853,265
2854,265
2855,265
2856,265
2857,265
2858,265
2859,265
2860,265
2861,265
2862,265
2863,265
2864,265
2865,265
2866,265
2867,265
2868,265
2869,265
2870,265
2871,265
2872,265
2873,265
2874,265
2875,265
2876,265
2877,265
2878,265
2879,265
2880,265
2881,265
2882,265
2883,265
2884,265
2885,265
2886,265
2887,265
2888,265
2889,265
2890,265
2891,265
2892,265
2893,265
2894,265
2895,265
2896,265
2897,265
2898,265
2899,265
2900,265
2901,265
2902,265
2903,265
2904,265
2905,265
2906,265
2907,264
2908,264
2909,264
2910,264
2911,264
2912,264
2913,264
2914,264
2915,264
2916,264
2917,264
2918,264
2919,264
2920,264
2921,264
2922,264
2923,263
2924,263
2925,263
2926,263
2927,263
2928,263
2929,263
2930,263
2931,263
2932,263
2933,263
2934,263
2935,263
2936,263
2937,263
2938,263
2939,262
2940,262
2941,262
2942,262
2943,262
2944,262
2945,262
2946,262
2947,262
2948,262
2949,262
2950,262
2951,262
2952,262
2953,262
2954,262
2955,262
2956,262
2957,262
2958,261
2959,261
2960,261
2961,261
2962,261
2963,261
2964,261
2965,261
2966,261
2967,261
2968,261
2969,261
2970,261
2971,261
2972,261
2973,261
2974,261
2975,261
2976,261
2977,261
2978,261
2979,261
2980,261
2981,261
2982,261
2983,261
2984,261
2985,261
2986,261
2987,261
2988,261
2989,261
2990,261
2991,261
2992,261
2993,261
2994,261
2995,261
2996,261
2997,261
2998,261
2999,261
3000,261
3001,261
3002,259
3003,259
3004,259
3005,259
3006,259
3007,259
3008,259
3009,259
3010,259
3011,259
3012,259
3013,259
3014,259
3015,259
3016,259
3017,259
3018,259
3019,259
3020,259
3021,259
3022,258
3023,258
3024,258
3025,258
3026,258
3027,258
3028,258
3029,258
3030,258
3031,258
3032,258
3033,258
3034,258
3035,258
3036,258
3037,258
3038,258
3039,258
3040,258
3041,258
3042,258
3043,258
3044,258
3045,258
3046,258
3047,258
3048,258
3049,258
3050,258
3051,258
3052,258
3053,258
3054,258
3055,258
3056,258
3057,258
3058,258
3059,258
3060,258
3061,258
3062,258
3063,258
3064,258
3065,258
3066,257
3067,257
3068,257
3069,257
3070,257
3071,257
3072,257
3073,257
3074,257
3075,257
3076,257
3077,257
3078,257
3079,257
3080,257
3081,257
3082,257
3083,257
3084,257
3085,257
3086,257
3087,257
3088,257
3089,257
3090,257
3091,257
3092,256
3093,256
3094,256
3095,256
3096,256
3097,256
3098,256
3099,256
3100,256
3101,256
3102,256
3103,256
3104,256
3105,256
3106,256
3107,256
3108,256
3109,256
3110,256
3111,256
3112,256
3113,256
3114,256
3115,256
3116,256
3117,256
3118,256
3119,256
3120,256
3121,256
3122,256
3123,256
3124,256
3125,256
3126,256
3127,256
3128,256
3129,255
3130,255
3131,255
3132,255
3133,255
3134,255
3135,255
3136,255
3137,254
3138,253
3139,253
3140,253
3141,253
3142,253
3143,253
3144,253
3145,253
3146,253
3147,253
3148,252
3149,252
3150,252
3151,251
3152,251
3153,251
3154,251
3155,251
3156,251
3157,251
3158,251
3159,251
3160,251
3161,251
3162,251
3163,251
3164,251
3165,251
3166,251
3167,251
3168,251
3169,251
3170,251
3171,251
3172,251
3173,251
3174,251
3175,251
3176,251
3177,251
3178,251
3179,251
3180,251
3181,251
3182,251
3183,251
3184,251
3185,251
3186,251
3187,250
3188,250
3189,250
3190,250
3191,250
3192,250
3193,250
3194,250
3195,250
3196,250
3197,250
3198,250
3199,250
3200,250
3201,250
3202,250
3203,250
3204,250
3205,250
3206,250
3207,250
3208,250
3209,250
3210,250
3211,250
3212,250
3213,250
3214,250
3215,250
3216,250
3217,250
3218,250
3219,250
3220,250
3221,250
3222,250
3223,250
3224,250
3225,250
3226,250
3227,250
3228,250
3229,250
3230,250
3231,250
3232,250
3233,250
3234,250
3235,250
3236,250
3237,250
3238,248
3239,248
3240,248
3241,248
3242,248
3243,247
3244,247
3245,247
3246,247
3247,247
3248,247
3249,247
3250,247
3251,247
3252,247
3253,247
3254,247
3255,247
3256,247
3257,247
3258,247
3259,247
3260,247
3261,247
3262,247
3263,247
3264,247
3265,247
3266,247
3267,247
3268,247
3269,246
3270,246
3271,246
3272,245
3273,245
3274,245
3275,245
3276,245
3277,245
3278,245
3279,245
3280,245
3281,245
3282,245
3283,245
3284,245
3285,245
3286,245
3287,245
3288,245
3289,245
3290,245
3291,245
3292,245
3293,245
3294,245
3295,245
3296,245
3297,245
3298,245
3299,245
3300,245
3301,245
3302,245
3303,245
3304,245
3305,245
3306,245
3307,245
3308,245
3309,245
3310,245
3311,245
3312,245
3313,245
3314,245
3315,245
3316,245
3317,245
3318,245
3319,245
3320,244
3321,244
3322,244
3323,244
3324,244
3325,244
3326,244
3327,244
3328,244
3329,244
3330,243
3331,243
3332,243
3333,243
3334,243
3335,243
3336,243
3337,243
3338,243
3339,243
3340,243
3341,243
3342,243
3343,243
3344,243
3345,243
3346,243
3347,243
3348,243
3349,243
3350,243
3351,243
3352,243
3353,243
3354,243
3355,243
3356,243
3357,243
3358,243
3359,243
3360,242
3361,241
3362,241
3363,241
3364,241
3365,241
3366,241
3367,241
3368,241
3369,241
3370,241
3371,241
3372,241
3373,241
3374,241
3375,240
3376,240
3377,240
3378,240
3379,240
3380,240
3381,240
3382,240
3383,240
3384,240
3385,240
3386,240
3387,240
3388,240
3389,240
3390,240
3391,240
3392,240
3393,240
3394,240
3395,240
3396,240
3397,240
3398,240
3399,240
3400,240
3401,240
3402,239
3403,239
3404,239
3405,239
3406,239
3407,239
3408,239
3409,239
3410,238
3411,238
3412,238
3413,238
3414,238
3415,238
3416,238
3417,238
3418,237
3419,237
3420,237
3421,237
3422,237
3423,237
3424,237
3425,237
3426,237
3427,237
3428,237
3429,237
3430,237
3431,237
3432,237
3433,237
3434,237
3435,237
3436,237
3437,237
3438,237
3439,237
3440,237
3441,237
3442,237
3443,237
3444,237
3445,237
3446,237
3447,237
3448,237
3449,237
3450,237
3451,237
3452,237
3453,237
3454,237
3455,237
3456,237
3457,237
3458,237
3459,237
3460,237
3461,236
3462,236
3463,236
3464,236
3465,236
3466,236
3467,236
3468,236
3469,236
3470,236
3471,236
3472,236
3473,236
3474,236
3475,236
3476,236
3477,236
3478,236
3479,236
3480,236
3481,236
3482,236
3483,236
3484,236
3485,236
3486,236
3487,236
3488,236
3489,236
3490,236
3491,236
3492,236
3493,236
3494,236
3495,236
3496,236
3497,236
3498,236
3499,236
3500,236
3501,236
3502,236
3503,236
3504,236
3505,236
3506,236
3507,236
3508,236
3509,236
3510,236
3511,236
3512,235
3513,235
3514,235
3515,235
3516,235
3517,235
3518,235
3519,235
3520,235
3521,235
3522,235
3523,235
3524,235
3525,235
3526,235
3527,235
3528,235
3529,235
3530,235
3531,235
3532,235
3533,235
3534,235
3535,235
3536,235
3537,235
3538,235
3539,235
3540,235
3541,235
3542,235
3543,235
3544,235
3545,235
3546,235
3547,235
3548,235
3549,235
3550,235
3551,235
3552,235
3553,235
3554,235
3555,235
3556,235
3557,235
3558,235
3559,235
3560,235
3561,235
3562,235
3563,235
3564,235
3565,235
3566,235
3567,235
3568,235
3569,235
3570,235
3571,235
3572,235
3573,234
3574,234
3575,234
3576,234
3577,234
3578,234
3579,234
3580,234
3581,234
3582,234
3583,234
3584,234
3585,234
3586,234
3587,234
3588,234
3589,234
3590,234
3591,234
3592,234
3593,234
3594,234
3595,234
3596,234
3597,234
3598,234
3599,234
3600,234
3601,234
3602,234
3603,234
3604,234
3605,234
3606,234
3607,234
3608,234
3609,234
3610,234
3611,234
3612,234
3613,234
3614,234
3615,234
3616,234
3617,233
3618,233
3619,233
3620,233
3621,233
3622,233
3623,233
3624,232
3625,232
3626,232
3627,232
3628,232
3629,231
3630,231
3631,231
3632,231
3633,231
3634,231
3635,231
3636,231
3637,231
3638,231
3639,231
3640,231
3641,231
3642,231
3643,231
3644,231
3645,231
3646,231
3647,231
3648,231
3649,231
3650,231
3651,231
3652,231
3653,231
3654,231
3655,231
3656,231
3657,231
3658,231
3659,231
3660,231
3661,231
3662,231
3663,231
3664,231
3665,231
3666,231
3667,231
3668,231
3669,231
3670,231
3671,231
3672,231
3673,231
3674,231
3675,231
3676,231
3677,231
3678,231
3679,231
3680,231
3681,231
3682,231
3683,231
3684,231
3685,231
3686,231
3687,231
3688,231
3689,231
3690,231
3691,231
3692,231
3693,231
3694,231
3695,231
3696,231
3697,231
3698,231
3699,231
3700,231
3701,231
3702,231
3703,231
3704,231
3705,231
3706,231
3707,231
3708,231
3709,231
3710,231
3711,230
3712,230
3713,230
3714,230
3715,230
3716,230
3717,230
3718,230
3719,230
3720,230
3721,230
3722,230
3723,230
3724,230
3725,230
3726,230
3727,230
3728,230
3729,230
3730,230
3731,230
3732,230
3733,230
3734,230
3735,230
3736,230
3737,230
3738,230
3739,230
3740,230
3741,230
3742,230
3743,230
3744,230
3745,230
3746,230
3747,230
3748,230
3749,230
3750,230
3751,230
3752,230
3753,230
3754,230
3755,230
3756,230
3757,230
3758,230
3759,230
3760,230
3761,230
3762,230
3763,230
3764,230
3765,230
3766,230
3767,230
3768,230
3769,230
3770,230
3771,230
3772,230
3773,230
3774,230
3775,230
3776,230
3777,230
3778,230
3779,230
3780,229
3781,229
3782,229
3783,229
3784,229
3785,229
3786,229
3787,229
3788,229
3789,229
3790,229
3791,229
3792,229
3793,229
3794,229
3795,229
3796,229
3797,229
3798,229
3799,229
3800,229
3801,229
3802,229
3803,229
3804,229
3805,229
3806,229
3807,229
3808,229
3809,229
3810,229
3811,229
3812,229
3813,229
3814,229
3815,229
3816,229
3817,229
3818,229
3819,229
3820,229
3821,229
3822,229
3823,229
3824,229
3825,229
3826,229
3827,229
3828,229
3829,229
3830,229
3831,229
3832,229
3833,229
3834,229
3835,229
3836,229
3837,229
3838,229
3839,229
3840,228
3841,228
3842,228
3843,228
3844,228
3845,228
3846,227
3847,227
3848,227
3849,227
3850,227
3851,227
3852,227
3853,227
3854,227
3855,227
3856,227
3857,227
3858,227
3859,227
3860,227
3861,227
3862,227
3863,227
3864,227
3865,227
3866,227
3867,227
3868,227
3869,227
3870,227
3871,227
3872,227
3873,227
3874,226
3875,226
3876,226
3877,226
3878,226
3879,226
3880,225
3881,224
3882,224
3883,224
3884,224
3885,224
3886,224
3887,224
3888,224
3889,224
3890,224
3891,224
3892,224
3893,224
3894,224
3895,224
3896,224
3897,224
3898,224
3899,224
3900,224
3901,224
3902,224
3903,224
3904,224
3905,224
3906,224
3907,224
3908,224
3909,224
3910,224
3911,224
3912,224
3913,224
3914,222
3915,222
3916,222
3917,222
3918,222
3919,222
3920,222
3921,222
3922,222
3923,222
3924,222
3925,222
3926,222
3927,222
3928,222
3929,222
3930,222
3931,222
3932,222
3933,222
3934,222
3935,222
3936,222
3937,222
3938,222
3939,222
3940,222
3941,222
3942,222
3943,222
3944,222
3945,222
3946,222
3947,222
3948,222
3949,222
3950,222
3951,222
3952,222
3953,222
3954,222
3955,222
3956,222
3957,222
3958,221
3959,221
3960,221
3961,221
3962,221
3963,221
3964,221
3965,221
3966,221
3967,221
3968,221
3969,221
3970,221
3971,221
3972,221
3973,221
3974,221
3975,221
3976,221
3977,221
3978,221
3979,221
3980,221
3981,221
3982,221
3983,221
3984,221
3985,220
3986,220
3987,220
3988,220
3989,220
3990,220
3991,220
3992,220
3993,220
3994,220
3995,220
3996,220
3997,220
3998,220
3999,220
4000,220
4001,220
4002,220
4003,220
4004,220
4005,220
4006,220
4007,220
4008,220
4009,220
4010,220
4011,220
4012,220
4013,220
4014,220
4015,220
4016,220
4017,220
4018,220
4019,220
4020,220
4021,220
4022,220
4023,220
4024,220
4025,220
4026,220
4027,220
4028,220
4029,220
4030,220
4031,220
4032,220
4033,220
4034,220
4035,220
4036,220
4037,220
4038,220
4039,220
4040,220
4041,220
4042,220
4043,220
4044,220
4045,220
4046,220
4047,220
4048,220
4049,220
4050,220
4051,220
4052,220
4053,220
4054,220
4055,220
4056,220
4057,220
4058,220
4059,220
4060,220
4061,220
4062,220
4063,220
4064,220
4065,220
4066,220
4067,220
4068,220
4069,220
4070,220
4071,220
4072,220
4073,220
4074,219
4075,219
4076,219
4077,219
4078,219
4079,219
4080,219
4081,219
4082,219
4083,219
4084,219
4085,219
4086,219
4087,219
4088,219
4089,219
4090,219
4091,219
4092,219
4093,219
4094,219
4095,219
4096,219
4097,219
4098,219
4099,219
4100,219
4101,219
4102,219
4103,219
4104,219
4105,219
4106,219
4107,219
4108,219
4109,219
4110,219
4111,218
4112,218
4113,218
4114,218
4115,218
4116,218
4117,218
4118,218
4119,218
4120,218
4121,218
4122,218
4123,218
4124,218
4125,218
4126,218
4127,218
4128,218
4129,218
4130,218
4131,218
4132,218
4133,218
4134,218
4135,218
4136,218
4137,218
4138,218
4139,218
4140,218
4141,218
4142,218
4143,218
4144,218
4145,218
4146,218
4147,218
4148,218
4149,218
4150,218
4151,218
4152,218
4153,218
4154,218
4155,217
4156,217
4157,217
4158,217
4159,217
4160,217
4161,217
4162,217
4163,217
4164,217
4165,217
4166,217
4167,217
4168,217
4169,217
4170,217
4171,217
4172,217
4173,217
4174,217
4175,217
4176,217
4177,217
4178,217
4179,217
4180,217
4181,217
4182,217
4183,217
4184,217
4185,217
4186,217
4187,217
4188,217
4189,217
4190,217
4191,217
4192,217
4193,217
4194,217
4195,217
4196,217
4197,217
4198,217
4199,217
4200,216
4201,216
4202,216
4203,216
4204,216
4205,216
4206,216
4207,216
4208,216
4209,216
4210,216
4211,216
4212,216
4213,216
4214,214
4215,214
4216,214
4217,214
4218,214
4219,214
4220,214
4221,214
4222,214
4223,214
4224,214
4225,214
4226,214
4227,214
4228,214
4229,214
4230,214
4231,214
4232,214
4233,214
4234,214
4235,214
4236,214
4237,214
4238,214
4239,214
4240,214
4241,214
4242,213
4243,213
4244,213
4245,213
4246,213
4247,213
4248,213
4249,213
4250,213
4251,213
4252,213
4253,213
4254,213
4255,213
4256,212
4257,212
4258,212
4259,212
4260,212
4261,212
4262,212
4263,212
4264,212
4265,212
4266,212
4267,212
4268,212
4269,212
4270,212
4271,212
4272,212
4273,212
4274,212
4275,212
4276,212
4277,212
4278,212
4279,212
4280,212
4281,212
4282,212
4283,212
4284,212
4285,212
4286,212
4287,212
4288,212
4289,212
4290,212
4291,212
4292,212
4293,212
4294,212
4295,212
4296,212
4297,212
4298,212
4299,212
4300,212
4301,212
4302,212
4303,212
4304,212
4305,212
4306,212
4307,212
4308,212
4309,212
4310,212
4311,212
4312,212
4313,212
4314,212
4315,212
4316,212
4317,212
4318,212
4319,212
4320,211
4321,211
4322,211
4323,211
4324,211
4325,211
4326,211
4327,211
4328,211
4329,210
4330,210
4331,210
4332,210
4333,210
4334,210
4335,210
4336,210
4337,210
4338,210
4339,210
4340,210
4341,210
4342,210
4343,210
4344,210
4345,210
4346,210
4347,210
4348,210
4349,209
4350,209
4351,209
4352,209
4353,209
4354,209
4355,209
4356,209
4357,209
4358,209
4359,209
4360,209
4361,208
4362,208
4363,208
4364,208
4365,208
4366,208
4367,208
4368,208
4369,208
4370,208
4371,208
4372,208
4373,208
4374,208
4375,208
4376,208
4377,208
4378,208
4379,208
4380,208
4381,208
4382,208
4383,208
4384,208
4385,208
4386,208
4387,208
4388,208
4389,208
4390,208
4391,208
4392,208
4393,208
4394,208
4395,208
4396,208
4397,208
4398,208
4399,208
4400,208
4401,208
4402,208
4403,208
4404,208
4405,208
4406,208
4407,208
4408,208
4409,208
4410,208
4411,208
4412,208
4413,208
4414,208
4415,208
4416,208
4417,208
4418,208
4419,208
4420,208
4421,208
4422,208
4423,207
4424,207
4425,207
4426,207
4427,207
4428,207
4429,207
4430,207
4431,207
4432,207
4433,207
4434,207
4435,207
4436,207
4437,207
4438,207
4439,207
4440,207
4441,207
4442,207
4443,207
4444,207
4445,207
4446,207
4447,206
4448,206
4449,206
4450,206
4451,206
4452,206
4453,206
4454,206
4455,206
4456,206
4457,206
4458,206
4459,206
4460,206
4461,206
4462,206
4463,206
4464,206
4465,206
4466,206
4467,206
4468,206
4469,206
4470,206
4471,206
4472,206
4473,206
4474,206
4475,206
4476,206
4477,206
4478,206
4479,206
4480,206
4481,206
4482,206
4483,206
4484,206
4485,206
4486,206
4487,206
4488,206
4489,206
4490,206
4491,206
4492,206
4493,205
4494,205
4495,205
4496,205
4497,205
4498,205
4499,205
4500,205
4501,205
4502,205
4503,205
4504,205
4505,205
4506,205
4507,205
4508,205
4509,205
4510,205
4511,205
4512,205
4513,205
4514,205
4515,205
4516,205
4517,205
4518,205
4519,205
4520,205
4521,205
4522,205
4523,205
4524,205
4525,205
4526,205
4527,205
4528,205
4529,205
4530,205
4531,205
4532,205
4533,205
4534,204
4535,204
4536,204
4537,204
4538,204
4539,204
4540,204
4541,204
4542,204
4543,204
4544,204
4545,204
4546,204
4547,204
4548,204
4549,204
4550,203
4551,203
4552,203
4553,203
4554,203
4555,203
4556,202
4557,202
4558,202
4559,202
4560,202
4561,202
4562,202
4563,201
4564,201
4565,201
4566,201
4567,201
4568,201
4569,201
4570,201
4571,201
4572,201
4573,201
4574,201
4575,201
4576,201
4577,201
4578,201
4579,201
4580,201
4581,201
4582,201
4583,201
4584,201
4585,201
4586,201
4587,201
4588,201
4589,201
4590,201
4591,200
4592,200
4593,200
4594,200
4595,200
4596,200
4597,200
4598,200
4599,200
4600,200
4601,200
4602,200
4603,200
4604,200
4605,200
4606,200
4607,200
4608,200
4609,200
4610,200
4611,200
4612,200
4613,200
4614,200
4615,200
4616,200
4617,200
4618,200
4619,200
4620,200
4621,200
4622,200
4623,200
4624,200
4625,200
4626,200
4627,200
4628,200
4629,200
4630,200
4631,200
4632,200
4633,200
4634,200
4635,200
4636,200
4637,200
4638,200
4639,200
4640,200
4641,200
4642,200
4643,200
4644,200
4645,200
4646,200
4647,200
4648,200
4649,200
4650,200
4651,200
4652,200
4653,200
4654,200
4655,200
4656,200
4657,200
4658,200
4659,200
4660,200
4661,200
4662,200
4663,200
4664,200
4665,200
4666,200
4667,200
4668,200
4669,200
4670,200
4671,200
4672,200
4673,200
4674,200
4675,200
4676,200
4677,200
4678,200
4679,200
4680,200
4681,200
4682,200
4683,200
4684,200
4685,200
4686,200
4687,200
4688,200
4689,200
4690,200
4691,200
4692,200
4693,200
4694,200
4695,200
4696,200
4697,200
4698,200
4699,200
4700,200
4701,200
4702,200
4703,200
4704,200
4705,200
4706,200
4707,200
4708,200
4709,200
4710,200
4711,200
4712,200
4713,200
4714,200
4715,200
4716,200
4717,200
4718,200
4719,200
4720,200
4721,200
4722,200
4723,200
4724,200
4725,200
4726,200
4727,200
4728,200
4729,200
4730,200
4731,200
4732,200
4733,200
4734,200
4735,200
4736,200
4737,200
4738,200
4739,200
4740,200
4741,200
4742,200
4743,200
4744,200
4745,200
4746,200
4747,200
4748,200
4749,200
4750,200
4751,200
4752,200
4753,200
4754,200
4755,200
4756,200
4757,200
4758,200
4759,200
4760,200
4761,200
4762,200
4763,200
4764,200
4765,200
4766,200
4767,200
4768,200
4769,200
4770,200
4771,200
4772,200
4773,200
4774,200
4775,200
4776,200
4777,200
4778,200
4779,200
4780,200
4781,200
4782,200
4783,200
4784,200
4785,200
4786,200
4787,200
4788,200
4789,200
4790,200
4791,200
4792,200
4793,200
4794,200
4795,200
4796,200
4797,200
4798,200
4799,200
4800,200
4801,200
4802,200
4803,200
4804,200
4805,200
4806,200
4807,200
4808,200
4809,200
4810,200
4811,200
4812,200
4813,200
4814,200
4815,200
4816,200
4817,200
4818,200
4819,200
4820,200
4821,200
4822,200
4823,200
4824,200
4825,200
4826,200
4827,200
4828,200
4829,200
4830,200
4831,200
4832,200
4833,200
4834,200
4835,200
4836,200
4837,200
4838,200
4839,200
4840,200
4841,200
4842,200
4843,200
4844,200
4845,200
4846,200
4847,200
4848,200
4849,200
4850,200
4851,200
4852,200
4853,200
4854,200
4855,200
4856,200
4857,200
4858,200
4859,200
4860,200
4861,200
4862,200
4863,200
4864,200
4865,200
4866,200
4867,200
4868,200
4869,200
4870,200
4871,200
4872,200
4873,200
4874,200
4875,200
4876,200
4877,200
4878,200
4879,200
4880,200
4881,200
4882,200
4883,200
4884,200
4885,200
4886,200
4887,200
4888,200
4889,200
4890,200
4891,200
4892,200
4893,200
4894,200
4895,200
4896,200
4897,200
4898,200
4899,200
4900,200
4901,200
4902,200
4903,200
4904,200
4905,200
4906,200
4907,200
4908,200
4909,200
4910,200
4911,200
4912,200
4913,200
4914,200
4915,200
4916,200
4917,200
4918,200
4919,200
4920,200
4921,200
4922,200
4923,200
4924,200
4925,200
4926,200
4927,200
4928,200
4929,199
4930,199
4931,199
4932,199
4933,199
4934,199
4935,199
4936,199
4937,199
4938,199
4939,199
4940,199
4941,199
4942,199
4943,199
4944,199
4945,199
4946,199
4947,199
4948,199
4949,199
4950,199
4951,199
4952,199
4953,199
4954,199
4955,199
4956,199
4957,199
4958,199
4959,199
4960,199
4961,199
4962,199
4963,199
4964,199
4965,199
4966,199
4967,199
4968,199
4969,199
4970,199
4971,199
4972,199
4973,199
4974,199
4975,199
4976,199
4977,199
4978,199
4979,199
4980,199
4981,199
4982,199
4983,199
4984,199
4985,199
4986,199
4987,199
4988,199
4989,199
4990,199
4991,199
4992,199
4993,199
4994,199
4995,199
4996,199
4997,199
4998,199
4999,199
5000,199
5001,199
5002,199
5003,199
5004,199
5005,199
5006,199
5007,199
5008,199
5009,199
5010,199
5011,199
5012,199
5013,199
5014,199
5015,199
5016,199
5017,199
5018,199
5019,199
5020,199
5021,199
5022,199
5023,199
5024,199
5025,199
5026,199
5027,199
5028,199
5029,199
5030,199
5031,199
5032,199
5033,199
5034,199
5035,199
5036,199
5037,199
5038,199
5039,199
5040,199
5041,199
5042,199
5043,199
5044,199
5045,199
5046,199
5047,199
5048,199
5049,199
5050,199
5051,199
5052,199
5053,199
5054,199
5055,199
5056,199
5057,199
5058,199
5059,199
5060,199
5061,199
5062,199
5063,199
5064,199
5065,199
5066,199
5067,199
5068,199
5069,199
5070,199
5071,199
5072,199
5073,199
5074,199
5075,199
5076,199
5077,199
5078,199
5079,199
5080,199
5081,199
5082,199
5083,199
5084,199
5085,199
5086,199
5087,199
5088,199
5089,199
5090,199
5091,199
5092,199
5093,199
5094,199
5095,199
5096,199
5097,199
5098,199
5099,199
5100,199
5101,199
5102,199
5103,199
5104,199
5105,199
5106,199
5107,199
5108,199
5109,199
5110,199
5111,199
5112,199
5113,199
5114,199
5115,199
5116,199
5117,199
5118,199
5119,199
5120,199
5121,199
5122,199
5123,199
5124,199
5125,199
5126,199
5127,199
5128,199
5129,199
5130,199
5131,199
5132,199
5133,199
5134,199
5135,199
5136,199
5137,199
5138,199
5139,199
5140,199
5141,199
5142,199
5143,199
5144,199
5145,199
5146,199
5147,199
5148,199
5149,199
5150,199
5151,199
5152,199
5153,199
5154,199
5155,199
5156,199
5157,199
5158,199
5159,199
5160,199
5161,199
5162,199
5163,199
5164,199
5165,199
5166,199
5167,199
5168,199
5169,199
5170,199
5171,199
5172,199
5173,199
5174,199
5175,199
5176,199
5177,199
5178,199
5179,199
5180,199
5181,199
5182,199
5183,199
5184,199
5185,199
5186,199
5187,199
5188,199
5189,199
5190,199
5191,199
5192,199
5193,199
5194,199
5195,199
5196,199
5197,199
5198,199
5199,199
5200,199
5201,199
5202,199
5203,199
5204,199
5205,199
5206,199
5207,199
5208,199
5209,199
5210,199
5211,199
5212,199
5213,199
5214,199
5215,199
5216,199
5217,199
5218,199
5219,199
5220,199
5221,199
5222,199
5223,199
5224,199
5225,199
5226,199
5227,199
5228,199
5229,199
5230,199
5231,199
5232,199
5233,199
5234,199
5235,199
5236,199
5237,199
5238,199
5239,199
5240,199
5241,199
5242,199
5243,199
5244,199
5245,199
5246,199
5247,199
5248,199
5249,199
5250,199
5251,199
5252,199
5253,199
5254,199
5255,199
5256,199
5257,199
5258,199
5259,199
5260,199
5261,199
5262,199
5263,199
5264,199
5265,199
5266,199
5267,199
5268,199
5269,199
5270,199
5271,199
5272,199
5273,199
5274,199
5275,199
5276,199
5277,199
5278,199
5279,199
5280,199
5281,199
5282,199
5283,199
5284,199
5285,199
5286,199
5287,199
5288,199
5289,199
5290,199
5291,199
5292,199
5293,199
5294,199
5295,199
5296,199
5297,199
5298,199
5299,199
5300,199
5301,199
5302,199
5303,199
5304,199
5305,199
5306,199
5307,199
5308,199
5309,199
5310,199
5311,199
5312,199
5313,199
5314,199
5315,199
5316,199
5317,199
5318,199
5319,199
5320,199
5321,199
5322,199
5323,199
5324,199
5325,199
5326,199
5327,199
5328,199
5329,199
5330,199
5331,199
5332,199
5333,199
5334,199
5335,199
5336,199
5337,199
5338,199
5339,199
5340,199
5341,199
5342,199
5343,199
5344,199
5345,199
5346,199
5347,199
5348,199
5349,199
5350,199
5351,199
5352,199
5353,199
5354,199
5355,199
5356,199
5357,199
5358,199
5359,199
5360,199
5361,199
5362,199
5363,199
5364,199
5365,199
5366,199
5367,199
5368,199
5369,199
5370,199
5371,198
5372,198
5373,198
5374,198
5375,198
5376,198
5377,198
5378,198
5379,198
5380,198
5381,198
5382,198
5383,198
5384,198
5385,198
5386,198
5387,198
5388,198
5389,198
5390,198
5391,198
5392,198
5393,198
5394,198
5395,198
5396,198
5397,198
5398,198
5399,198
5400,198
5401,198
5402,198
5403,198
5404,198
5405,198
5406,198
5407,198
5408,198
5409,198
5410,198
5411,198
5412,198
5413,198
5414,198
5415,198
5416,198
5417,198
5418,198
5419,198
5420,198
5421,198
5422,198
5423,198
5424,198
5425,198
5426,198
5427,198
5428,198
5429,198
5430,198
5431,198
5432,198
5433,198
5434,198
5435,198
5436,198
5437,198
5438,198
5439,198
5440,198
5441,198
5442,198
5443,198
5444,198
5445,198
5446,198
5447,198
5448,198
5449,198
5450,198
5451,198
5452,198
5453,198
5454,198
5455,198
5456,198
5457,198
5458,198
5459,198
5460,198
5461,198
5462,198
5463,198
5464,198
5465,198
5466,198
5467,198
5468,198
5469,198
5470,198
5471,198
5472,198
5473,198
5474,198
5475,198
5476,198
5477,198
5478,198
5479,198
5480,198
5481,198
5482,198
5483,198
5484,198
5485,198
5486,198
5487,198
5488,198
5489,197
5490,197
5491,197
5492,197
5493,197
5494,197
5495,197
5496,197
5497,197
5498,197
5499,197
5500,197
5501,197
5502,197
5503,197
5504,197
5505,197
5506,197
5507,197
5508,197
5509,197
5510,197
5511,197
5512,197
5513,197
5514,197
5515,197
5516,197
5517,197
5518,197
5519,197
5520,197
5521,197
5522,197
5523,197
5524,197
5525,197
5526,197
5527,197
5528,197
5529,197
5530,197
5531,197
5532,197
5533,197
5534,197
5535,197
5536,197
5537,197
5538,197
5539,197
5540,197
5541,197
5542,197
5543,197
5544,197
5545,197
5546,197
5547,197
5548,197
5549,197
5550,197
5551,197
5552,197
5553,197
5554,197
5555,197
5556,197
5557,197
5558,197
5559,197
5560,197
5561,197
5562,197
5563,197
5564,197
5565,197
5566,197
5567,197
5568,197
5569,197
5570,197
5571,197
5572,197
5573,197
5574,197
5575,197
5576,197
5577,197
5578,197
5579,197
5580,197
5581,197
5582,197
5583,197
5584,197
5585,197
5586,197
5587,197
5588,197
5589,197
5590,197
5591,197
5592,197
5593,197
5594,197
5595,197
5596,197
5597,197
5598,197
5599,197
5600,197
5601,197
5602,197
5603,197
5604,197
5605,197
5606,197
5607,197
5608,197
5609,197
5610,197
5611,197
5612,197
5613,197
5614,197
5615,197
5616,197
5617,197
5618,197
5619,197
5620,197
5621,197
5622,197
5623,197
5624,197
5625,197
5626,197
5627,197
5628,197
5629,197
5630,197
5631,197
5632,197
5633,197
5634,197
5635,197
5636,197
5637,197
5638,197
5639,197
5640,197
5641,197
5642,197
5643,197
5644,197
5645,197
5646,197
5647,197
5648,197
5649,197
5650,197
5651,197
5652,197
5653,197
5654,197
5655,197
5656,197
5657,197
5658,197
5659,197
5660,197
5661,197
5662,197
5663,197
5664,197
5665,197
5666,197
5667,197
5668,197
5669,197
5670,197
5671,197
5672,197
5673,197
5674,197
5675,197
5676,197
5677,197
5678,197
5679,197
5680,197
5681,197
5682,197
5683,197
5684,197
5685,197
5686,197
5687,197
5688,197
5689,197
5690,197
5691,197
5692,197
5693,197
5694,197
5695,197
5696,197
5697,197
5698,197
5699,197
5700,197
5701,197
5702,197
5703,197
5704,197
5705,197
5706,197
5707,197
5708,197
5709,197
5710,197
5711,197
5712,197
5713,197
5714,197
5715,197
5716,197
5717,197
5718,197
5719,197
5720,197
5721,197
5722,197
5723,197
5724,197
5725,197
5726,197
5727,197
5728,197
5729,197
5730,197
5731,197
5732,197
5733,197
5734,197
5735,197
5736,197
5737,197
5738,197
5739,197
5740,197
5741,197
5742,197
5743,197
5744,197
5745,197
5746,197
5747,197
5748,197
5749,197
5750,197
5751,197
5752,197
5753,197
5754,197
5755,197
5756,197
5757,197
5758,196
5759,196
5760,196
5761,196
5762,196
5763,196
5764,196
5765,196
5766,196
5767,196
5768,196
5769,196
5770,196
5771,196
5772,196
5773,196
5774,196
5775,196
5776,196
5777,196
5778,196
5779,196
5780,196
5781,196
5782,196
5783,196
5784,196
5785,196
5786,196
5787,196
5788,196
5789,196
5790,196
5791,196
5792,196
5793,196
5794,196
5795,196
5796,196
5797,196
5798,196
5799,196
5800,196
5801,196
5802,196
5803,196
5804,196
5805,196
5806,196
5807,196
5808,196
5809,196
5810,196
5811,196
5812,196
5813,196
5814,196
5815,196
5816,196
5817,195
5818,195
5819,195
5820,195
5821,195
5822,195
5823,195
5824,195
5825,195
5826,195
5827,195
5828,195
5829,195
5830,195
5831,195
5832,195
5833,195
5834,195
5835,195
5836,195
5837,195
5838,195
5839,195
5840,195
5841,195
5842,195
5843,195
5844,195
5845,195
5846,195
5847,195
5848,194
5849,194
5850,194
5851,194
5852,194
5853,194
5854,194
5855,194
5856,194
5857,194
5858,194
5859,194
5860,194
5861,194
5862,194
5863,194
5864,194
5865,194
5866,194
5867,194
5868,194
5869,194
5870,194
5871,194
5872,194
5873,194
5874,194
5875,194
5876,194
5877,194
5878,194
5879,194
5880,194
5881,194
5882,194
5883,194
5884,194
5885,194
5886,194
5887,194
5888,194
5889,194
5890,194
5891,194
5892,194
5893,194
5894,194
5895,194
5896,194
5897,194
5898,194
5899,194
5900,194
5901,194
5902,194
5903,194
5904,194
5905,194
5906,194
5907,194
5908,194
5909,194
5910,194
5911,194
5912,194
5913,194
5914,194
5915,194
5916,194
5917,194
5918,194
5919,194
5920,194
5921,194
5922,194
5923,194
5924,194
5925,194
5926,194
5927,194
5928,194
5929,194
5930,194
5931,194
5932,194
5933,194
5934,194
5935,194
5936,194
5937,194
5938,194
5939,194
5940,194
5941,194
5942,194
5943,194
5944,194
5945,194
5946,194
5947,194
5948,194
5949,194
5950,194
5951,194
5952,194
5953,194
5954,194
5955,194
5956,194
5957,194
5958,194
5959,194
5960,194
5961,194
5962,194
5963,194
5964,194
5965,194
5966,194
5967,194
5968,194
5969,194
5970,194
5971,194
5972,194
5973,194
5974,194
5975,194
5976,194
5977,194
5978,194
5979,194
5980,194
5981,194
5982,194
5983,194
5984,194
5985,194
5986,194
5987,194
5988,194
5989,194
5990,194
5991,194
5992,194
5993,194
5994,194
5995,194
5996,194
5997,194
5998,194
5999,194
6000,194
6001,194
6002,194
6003,194
6004,194
6005,194
6006,194
6007,194
6008,194
6009,194
6010,194
6011,194
6012,194
6013,194
6014,194
6015,194
6016,194
6017,194
6018,194
6019,194
6020,194
6021,194
6022,194
6023,194
6024,194
6025,194
6026,194
6027,194
6028,194
6029,194
6030,194
6031,194
6032,194
6033,194
6034,194
6035,194
6036,194
6037,194
6038,194
6039,194
6040,194
6041,194
6042,194
6043,194
6044,194
6045,194
6046,194
6047,194
6048,194
6049,194
6050,194
6051,194
6052,194
6053,194
6054,194
6055,194
6056,194
6057,194
6058,194
6059,194
6060,194
6061,194
6062,194
6063,194
6064,194
6065,194
6066,194
6067,194
6068,194
6069,194
6070,194
6071,194
6072,194
6073,194
6074,194
6075,194
6076,194
6077,194
6078,194
6079,194
6080,194
6081,194
6082,194
6083,194
6084,194
6085,194
6086,194
6087,194
6088,194
6089,194
6090,194
6091,194
6092,194
6093,194
6094,194
6095,194
6096,194
6097,194
6098,194
6099,194
6100,194
6101,194
6102,194
6103,194
6104,194
6105,194
6106,194
6107,194
6108,194
6109,194
6110,194
6111,194
6112,194
6113,194
6114,194
6115,194
6116,194
6117,194
6118,194
6119,194
6120,194
6121,194
6122,194
6123,194
6124,194
6125,194
6126,194
6127,194
6128,194
6129,194
6130,194
6131,194
6132,194
6133,194
6134,194
6135,194
6136,194
6137,194
6138,194
6139,194
6140,194
6141,194
6142,194
6143,194
6144,194
6145,194
6146,194
6147,194
6148,194
6149,194
6150,194
6151,194
6152,194
6153,194
6154,194
6155,194
6156,194
6157,194
6158,194
6159,194
6160,194
6161,194
6162,194
6163,194
6164,194
6165,194
6166,194
6167,194
6168,194
6169,194
6170,194
6171,194
6172,194
6173,194
6174,194
6175,194
6176,194
6177,194
6178,194
6179,194
6180,194
6181,194
6182,194
6183,194
6184,194
6185,194
6186,194
6187,194
6188,194
6189,194
6190,194
6191,194
6192,194
6193,194
6194,194
6195,194
6196,194
6197,194
6198,194
6199,194
6200,194
6201,194
6202,194
6203,194
6204,194
6205,194
6206,194
6207,194
6208,194
6209,194
6210,194
6211,194
6212,194
6213,194
6214,194
6215,194
6216,194
6217,194
6218,194
6219,194
6220,194
6221,194
6222,194
6223,194
6224,194
6225,194
6226,194
6227,194
6228,194
6229,194
6230,194
6231,194
6232,194
6233,194
6234,194
6235,194
6236,194
6237,194
6238,194
6239,194
6240,194
6241,194
6242,194
6243,194
6244,194
6245,194
6246,194
6247,194
6248,194
6249,194
6250,194
6251,194
6252,194
6253,194
6254,194
6255,194
6256,194
6257,194
6258,194
6259,194
6260,194
6261,194
6262,194
6263,194
6264,194
6265,194
6266,194
6267,194
6268,194
6269,194
6270,194
6271,194
6272,194
6273,194
6274,194
6275,194
6276,194
6277,194
6278,194
6279,194
6280,194
6281,194
6282,194
6283,194
6284,194
6285,194
6286,194
6287,194
6288,194
6289,194
6290,194
6291,194
6292,194
6293,194
6294,194
6295,194
6296,194
6297,194
6298,194
6299,194
6300,194
6301,194
6302,194
6303,194
6304,194
6305,194
6306,194
6307,194
6308,194
6309,194
6310,194
6311,194
6312,194
6313,194
6314,194
6315,194
6316,194
6317,194
6318,194
6319,194
6320,194
6321,194
6322,194
6323,194
6324,194
6325,194
6326,194
6327,194
6328,194
6329,194
6330,194
6331,194
6332,194
6333,194
6334,194
6335,194
6336,194
6337,194
6338,194
6339,194
6340,194
6341,194
6342,194
6343,194
6344,194
6345,194
6346,194
6347,194
6348,194
6349,194
6350,194
6351,194
6352,194
6353,194
6354,194
6355,194
6356,194
6357,194
6358,194
6359,194
6360,194
6361,194
6362,194
6363,194
6364,194
6365,194
6366,194
6367,194
6368,194
6369,194
6370,194
6371,194
6372,194
6373,194
6374,194
6375,194
6376,194
6377,194
6378,194
6379,194
6380,194
6381,194
6382,194
6383,194
6384,194
6385,194
6386,194
6387,194
6388,194
6389,194
6390,194
6391,194
6392,194
6393,194
6394,194
6395,194
6396,194
6397,194
6398,194
6399,194
6400,194
6401,194
6402,194
6403,194
6404,194
6405,194
6406,194
6407,194
6408,194
6409,194
6410,194
6411,194
6412,194
6413,194
6414,194
6415,194
6416,194
6417,194
6418,194
6419,194
6420,194
6421,194
6422,194
6423,194
6424,194
6425,194
6426,194
6427,194
6428,194
6429,194
6430,194
6431,194
6432,194
6433,194
6434,194
6435,194
6436,194
6437,194
6438,194
6439,194
6440,194
6441,194
6442,194
6443,194
6444,194
6445,194
6446,194
6447,194
6448,194
6449,194
6450,194
6451,194
6452,194
6453,194
6454,194
6455,194
6456,194
6457,194
6458,194
6459,194
6460,194
6461,194
6462,194
6463,194
6464,194
6465,194
6466,194
6467,194
6468,194
6469,194
6470,194
6471,194
6472,194
6473,194
6474,194
6475,194
6476,194
6477,194
6478,194
6479,194
6480,194
6481,194
6482,194
6483,194
6484,194
6485,194
6486,194
6487,194
6488,194
6489,194
6490,194
6491,194
6492,194
6493,194
6494,194
6495,194
6496,194
6497,194
6498,194
6499,194
6500,194
6501,194
6502,194
6503,194
6504,194
6505,194
6506,194
6507,194
6508,194
6509,194
6510,194
6511,194
6512,194
6513,194
6514,194
6515,194
6516,194
6517,194
6518,194
6519,194
6520,194
6521,194
6522,194
6523,194
6524,194
6525,194
6526,194
6527,194
6528,194
6529,194
6530,194
6531,194
6532,194
6533,194
6534,194
6535,194
6536,194
6537,194
6538,194
6539,194
6540,194
6541,194
6542,194
6543,194
6544,194
6545,194
6546,194
6547,194
6548,194
6549,194
6550,194
6551,194
6552,194
6553,194
6554,194
6555,194
6556,194
6557,194
6558,194
6559,194
6560,194
6561,194
6562,194
6563,194
6564,194
6565,194
6566,194
6567,194
6568,194
6569,194
6570,194
6571,194
6572,194
6573,194
6574,194
6575,194
6576,194
6577,194
6578,194
6579,194
6580,194
6581,194
6582,194
6583,194
6584,194
6585,194
6586,194
6587,194
6588,194
6589,194
6590,194
6591,194
6592,194
6593,194
6594,194
6595,194
6596,194
6597,194
6598,194
6599,194
6600,194
6601,194
6602,194
6603,194
6604,194
6605,194
6606,194
6607,194
6608,194
6609,194
6610,194
6611,194
6612,194
6613,194
6614,194
6615,194
6616,194
6617,194
6618,194
6619,194
6620,194
6621,194
6622,194
6623,194
6624,194
6625,194
6626,194
6627,194
6628,194
6629,194
6630,194
6631,194
6632,194
6633,194
6634,194
6635,194
6636,194
6637,194
6638,194
6639,194
6640,194
6641,194
6642,194
6643,194
6644,194
6645,193
6646,193
6647,193
6648,193
6649,193
6650,193
6651,193
6652,193
6653,193
6654,193
6655,193
6656,193
6657,193
6658,193
6659,193
6660,193
6661,193
6662,193
6663,193
6664,193
6665,193
6666,193
6667,193
6668,193
6669,193
6670,193
6671,193
6672,193
6673,193
6674,193
6675,193
6676,193
6677,193
6678,193
6679,193
6680,193
6681,193
6682,193
6683,193
6684,193
6685,193
6686,193
6687,193
6688,193
6689,193
6690,193
6691,193
6692,193
6693,193
6694,193
6695,193
6696,193
6697,193
6698,193
6699,193
6700,193
6701,193
6702,193
6703,193
6704,193
6705,193
6706,193
6707,193
6708,193
6709,193
6710,193
6711,193
6712,193
6713,193
6714,193
6715,193
6716,193
6717,193
6718,193
6719,193
6720,193
6721,193
6722,193
6723,193
6724,193
6725,193
6726,193
6727,193
6728,193
6729,193
6730,193
6731,193
6732,193
6733,193
6734,193
6735,193
6736,193
6737,193
6738,193
6739,193
6740,193
6741,193
6742,193
6743,193
6744,193
6745,193
6746,193
6747,193
6748,193
6749,193
6750,193
6751,193
6752,193
6753,193
6754,193
6755,193
6756,193
6757,193
6758,193
6759,193
6760,193
6761,193
6762,193
6763,193
6764,193
6765,193
6766,193
6767,193
6768,193
6769,193
6770,193
6771,193
6772,193
6773,193
6774,193
6775,193
6776,193
6777,193
6778,193
6779,193
6780,193
6781,193
6782,193
6783,193
6784,193
6785,193
6786,193
6787,193
6788,193
6789,193
6790,193
6791,193
6792,193
6793,193
6794,193
6795,193
6796,193
6797,193
6798,193
6799,193
6800,193
6801,193
6802,193
6803,193
6804,193
6805,193
6806,193
6807,193
6808,193
6809,193
6810,193
6811,193
6812,193
6813,193
6814,193
6815,193
6816,193
6817,193
6818,193
6819,193
6820,193
6821,193
6822,193
6823,193
6824,193
6825,193
6826,193
6827,193
6828,193
6829,193
6830,193
6831,193
6832,193
6833,193
6834,193
6835,193
6836,193
6837,193
6838,193
6839,193
6840,193
6841,193
6842,193
6843,193
6844,193
6845,193
6846,193
6847,193
6848,193
6849,193
6850,193
6851,193
6852,193
6853,193
6854,193
6855,193
6856,193
6857,193
6858,193
6859,193
6860,193
6861,193
6862,193
6863,193
6864,193
6865,193
6866,193
6867,193
6868,193
6869,193
6870,193
6871,193
6872,193
6873,193
6874,193
6875,193
6876,193
6877,193
6878,193
6879,193
6880,193
6881,193
6882,193
6883,193
6884,193
6885,193
6886,193
6887,193
6888,193
6889,193
6890,193
6891,193
6892,193
6893,193
6894,193
6895,193
6896,193
6897,193
6898,193
6899,193
6900,193
6901,193
6902,193
6903,193
6904,193
6905,193
6906,193
6907,193
6908,193
6909,193
6910,193
6911,193
6912,193
6913,193
6914,193
6915,193
6916,193
6917,193
6918,193
6919,193
6920,193
6921,193
6922,193
6923,193
6924,193
6925,193
6926,193
6927,193
6928,193
6929,193
6930,193
6931,193
6932,193
6933,193
6934,193
6935,193
6936,193
6937,193
6938,193
6939,193
6940,193
6941,193
6942,193
6943,193
6944,193
6945,193
6946,193
6947,193
6948,193
6949,193
6950,193
6951,193
6952,193
6953,193
6954,193
6955,193
6956,193
6957,193
6958,193
6959,193
6960,193
6961,193
6962,193
6963,193
6964,193
6965,193
6966,193
6967,193
6968,193
6969,193
6970,193
6971,193
6972,193
6973,193
6974,193
6975,193
6976,193
6977,193
6978,193
6979,193
6980,193
6981,193
6982,193
6983,193
6984,193
6985,193
6986,193
6987,193
6988,193
6989,193
6990,193
6991,193
6992,193
6993,193
6994,193
6995,193
6996,193
6997,193
6998,193
6999,193
7000,193
7001,193
7002,193
7003,193
7004,193
7005,193
7006,193
7007,193
7008,193
7009,193
7010,193
7011,193
7012,193
7013,193
7014,193
7015,193
7016,193
7017,193
7018,193
7019,193
7020,193
7021,193
7022,193
7023,193
7024,193
7025,193
7026,192
7027,192
7028,192
7029,192
7030,192
7031,192
7032,192
7033,192
7034,192
7035,192
7036,192
7037,192
7038,192
7039,192
7040,192
7041,192
7042,192
7043,192
7044,192
7045,192
7046,192
7047,192
7048,192
7049,192
7050,192
7051,192
7052,192
7053,192
7054,192
7055,192
7056,192
7057,192
7058,192
7059,192
7060,192
7061,192
7062,192
7063,192
7064,192
7065,192
7066,192
7067,192
7068,192
7069,192
7070,192
7071,192
7072,192
7073,192
7074,192
7075,192
7076,192
7077,191
7078,191
7079,191
7080,191
7081,191
7082,191
7083,191
7084,191
7085,191
7086,191
7087,191
7088,191
7089,191
7090,191
7091,191
7092,191
7093,191
7094,191
7095,191
7096,191
7097,191
7098,191
7099,191
7100,191
7101,191
7102,191
7103,191
7104,191
7105,191
7106,191
7107,191
7108,191
7109,191
7110,191
7111,191
7112,191
7113,191
7114,191
7115,191
7116,191
7117,191
7118,191
7119,191
7120,191
7121,191
7122,191
7123,191
7124,191
7125,191
7126,191
7127,191
7128,191
7129,191
7130,191
7131,191
7132,191
7133,191
7134,191
7135,191
7136,191
7137,191
7138,191
7139,191
7140,191
7141,191
7142,191
7143,191
7144,191
7145,191
7146,191
7147,191
7148,191
7149,191
7150,191
7151,191
7152,191
7153,191
7154,191
7155,191
7156,191
7157,191
7158,191
7159,191
7160,191
7161,191
7162,191
7163,191
7164,191
7165,191
7166,191
7167,191
7168,191
7169,191
7170,191
7171,191
7172,191
7173,191
7174,191
7175,191
7176,191
7177,191
7178,191
7179,191
7180,191
7181,191
7182,191
7183,191
7184,191
7185,191
7186,191
7187,191
7188,191
7189,191
7190,191
7191,191
7192,191
7193,191
7194,191
7195,191
7196,191
7197,191
7198,191
7199,191
7200,191
7201,191
7202,191
7203,191
7204,191
7205,191
7206,191
7207,191
7208,191
7209,191
7210,191
7211,191
7212,191
7213,191
7214,191
7215,191
7216,191
7217,191
7218,191
7219,191
7220,191
7221,191
7222,191
7223,191
7224,191
7225,191
7226,191
7227,191
7228,191
7229,191
7230,191
7231,191
7232,191
7233,191
7234,191
7235,191
7236,191
7237,191
7238,191
7239,191
7240,191
7241,191
7242,191
7243,191
7244,191
7245,191
7246,191
7247,191
7248,191
7249,191
7250,191
7251,191
7252,191
7253,191
7254,191
7255,191
7256,191
7257,191
7258,191
7259,191
7260,191
7261,191
7262,191
7263,191
7264,191
7265,191
7266,191
7267,191
7268,191
7269,191
7270,191
7271,191
7272,191
7273,191
7274,191
7275,191
7276,191
7277,191
7278,191
7279,191
7280,191
7281,191
7282,191
7283,191
7284,191
7285,191
7286,191
7287,191
7288,191
7289,191
7290,191
7291,191
7292,191
7293,191
7294,191
7295,191
7296,191
7297,191
7298,191
7299,191
7300,191
7301,191
7302,191
7303,191
7304,191
7305,191
7306,191
7307,191
7308,191
7309,191
7310,191
7311,191
7312,191
7313,191
7314,191
7315,191
7316,191
7317,191
7318,191
7319,191
7320,191
7321,191
7322,191
7323,191
7324,191
7325,191
7326,191
7327,191
7328,191
7329,191
7330,191
7331,191
7332,191
7333,191
7334,191
7335,191
7336,191
7337,191
7338,191
7339,191
7340,191
7341,191
7342,191
7343,191
7344,191
7345,191
7346,191
7347,191
7348,191
7349,191
7350,191
7351,191
7352,191
7353,191
7354,191
7355,191
7356,191
7357,191
7358,191
7359,191
7360,191
7361,191
7362,191
7363,191
7364,191
7365,191
7366,191
7367,191
7368,191
7369,191
7370,191
7371,191
7372,191
7373,191
7374,191
7375,191
7376,191
7377,191
7378,191
7379,191
7380,191
7381,191
7382,191
7383,191
7384,191
7385,191
7386,191
7387,191
7388,191
7389,191
7390,191
7391,191
7392,191
7393,191
7394,191
7395,191
7396,191
7397,191
7398,191
7399,191
7400,191
7401,191
7402,191
7403,191
7404,191
7405,191
7406,191
7407,191
7408,191
7409,191
7410,191
7411,191
7412,191
7413,191
7414,191
7415,191
7416,191
7417,191
7418,191
7419,191
7420,191
7421,191
7422,191
7423,191
7424,191
7425,191
7426,191
7427,191
7428,191
7429,191
7430,191
7431,191
7432,191
7433,191
7434,191
7435,191
7436,191
7437,191
7438,191
7439,191
7440,191
7441,191
7442,191
7443,191
7444,191
7445,191
7446,191
7447,191
7448,191
7449,191
7450,191
7451,191
7452,191
7453,191
7454,191
7455,191
7456,191
7457,191
7458,191
7459,191
7460,191
7461,191
7462,191
7463,191
7464,191
7465,191
7466,191
7467,191
7468,191
7469,191
7470,191
7471,191
7472,191
7473,191
7474,191
7475,191
7476,191
7477,191
7478,191
7479,191
7480,191
7481,191
7482,191
7483,191
7484,191
7485,191
7486,191
7487,191
7488,191
7489,191
7490,191
7491,191
7492,191
7493,191
7494,191
7495,191
7496,191
7497,191
7498,191
7499,191
7500,191
7501,191
7502,191
7503,191
7504,191
7505,191
7506,191
7507,191
7508,191
7509,191
7510,191
7511,191
7512,191
7513,191
7514,191
7515,191
7516,191
7517,191
7518,191
7519,191
7520,191
7521,191
7522,191
7523,191
7524,191
7525,191
7526,191
7527,191
7528,191
7529,191
7530,191
7531,191
7532,191
7533,191
7534,191
7535,191
7536,191
7537,191
7538,191
7539,191
7540,191
7541,191
7542,191
7543,191
7544,191
7545,191
7546,191
7547,191
7548,191
7549,191
7550,191
7551,191
7552,191
7553,191
7554,191
7555,191
7556,191
7557,191
7558,191
7559,191
7560,191
7561,191
7562,191
7563,191
7564,191
7565,191
7566,191
7567,191
7568,191
7569,191
7570,191
7571,191
7572,191
7573,191
7574,191
7575,191
7576,191
7577,191
7578,191
7579,191
7580,191
7581,191
7582,191
7583,191
7584,191
7585,191
7586,191
7587,191
7588,191
7589,191
7590,191
7591,191
7592,191
7593,191
7594,191
7595,191
7596,191
7597,191
7598,191
7599,191
7600,191
7601,191
7602,191
7603,191
7604,191
7605,191
7606,191
7607,191
7608,191
7609,191
7610,191
7611,191
7612,191
7613,191
7614,191
7615,191
7616,191
7617,191
7618,191
7619,191
7620,191
7621,191
7622,191
7623,191
7624,191
7625,191
7626,191
7627,191
7628,191
7629,191
7630,191
7631,191
7632,191
7633,191
7634,191
7635,191
7636,191
7637,191
7638,191
7639,191
7640,191
7641,191
7642,191
7643,191
7644,191
7645,191
7646,191
7647,191
7648,191
7649,191
7650,191
7651,191
7652,191
7653,191
7654,191
7655,191
7656,191
7657,191
7658,191
7659,191
7660,191
7661,191
7662,191
7663,191
7664,191
7665,191
7666,191
7667,191
7668,191
7669,191
7670,191
7671,191
7672,191
7673,191
7674,191
7675,191
7676,191
7677,191
7678,191
7679,191
7680,191
7681,191
7682,191
7683,191
7684,191
7685,191
7686,191
7687,191
7688,191
7689,191
7690,191
7691,191
7692,191
7693,191
7694,191
7695,191
7696,191
7697,191
7698,191
7699,191
7700,191
7701,191
7702,191
7703,191
7704,191
7705,191
7706,191
7707,191
7708,191
7709,191
7710,191
7711,191
7712,191
7713,191
7714,191
7715,191
7716,191
7717,191
7718,191
7719,191
7720,191
7721,191
7722,191
7723,191
7724,191
7725,191
7726,191
7727,191
7728,191
7729,191
7730,191
7731,191
7732,191
7733,191
7734,191
7735,191
7736,191
7737,191
7738,191
7739,191
7740,191
7741,191
7742,191
7743,191
7744,191
7745,191
7746,191
7747,191
7748,191
7749,191
7750,191
7751,191
7752,191
7753,191
7754,191
7755,191
7756,191
7757,191
7758,191
7759,191
7760,191
7761,191
7762,191
7763,191
7764,191
7765,191
7766,191
7767,191
7768,191
7769,191
7770,191
7771,191
7772,191
7773,191
7774,191
7775,191
7776,191
7777,191
7778,191
7779,191
7780,191
7781,191
7782,191
7783,191
7784,191
7785,191
7786,191
7787,191
7788,191
7789,191
7790,191
7791,191
7792,191
7793,191
7794,191
7795,191
7796,191
7797,191
7798,191
7799,191
7800,191
7801,191
7802,191
7803,191
7804,191
7805,191
7806,191
7807,191
7808,191
7809,191
7810,191
7811,191
7812,191
7813,191
7814,191
7815,191
7816,191
7817,191
7818,191
7819,191
7820,191
7821,191
7822,191
7823,191
7824,191
7825,191
7826,191
7827,191
7828,191
7829,191
7830,191
7831,191
7832,191
7833,191
7834,191
7835,191
7836,191
7837,191
7838,191
7839,191
7840,191
7841,191
7842,191
7843,191
7844,191
7845,191
7846,191
7847,191
7848,191
7849,191
7850,191
7851,191
7852,191
7853,191
7854,191
7855,191
7856,191
7857,191
7858,191
7859,191
7860,191
7861,191
7862,191
7863,191
7864,191
7865,191
7866,191
7867,191
7868,191
7869,191
7870,191
7871,191
7872,191
7873,191
7874,191
7875,191
7876,191
7877,191
7878,191
7879,191
7880,191
7881,191
7882,191
7883,191
7884,191
7885,191
7886,191
7887,191
7888,191
7889,191
7890,191
7891,191
7892,191
7893,191
7894,191
7895,191
7896,191
7897,191
7898,191
7899,191
7900,191
7901,191
7902,191
7903,191
7904,191
7905,191
7906,191
7907,191
7908,191
7909,191
7910,191
7911,191
7912,191
7913,191
7914,191
7915,191
7916,191
7917,191
7918,191
7919,191
7920,191
7921,191
7922,191
7923,191
7924,191
7925,191
7926,191
7927,191
7928,191
7929,191
7930,191
7931,191
7932,191
7933,191
7934,191
7935,191
7936,191
7937,191
7938,191
7939,191
7940,191
7941,191
7942,191
7943,191
7944,191
7945,191
7946,191
7947,191
7948,191
7949,191
7950,191
7951,191
7952,191
7953,191
7954,191
7955,191
7956,191
7957,191
7958,191
7959,191
7960,191
7961,191
7962,191
7963,191
7964,191
7965,191
7966,191
7967,191
7968,191
7969,191
7970,191
7971,191
7972,191
7973,191
7974,191
7975,191
7976,191
7977,191
7978,191
7979,191
7980,191
7981,191
7982,191
7983,191
7984,191
7985,191
7986,191
7987,191
7988,191
7989,191
7990,191
7991,191
7992,191
7993,191
7994,191
7995,191
7996,191
7997,191
7998,191
7999,191
8000,191
8001,191
8002,191
8003,191
8004,191
8005,191
8006,191
8007,191
8008,191
8009,191
8010,191
8011,191
8012,191
8013,191
8014,191
8015,191
8016,191
8017,191
8018,191
8019,191
8020,191
8021,191
8022,191
8023,191
8024,191
8025,191
8026,191
8027,191
8028,191
8029,191
8030,191
8031,191
8032,191
8033,191
8034,191
8035,191
8036,191
8037,191
8038,191
8039,191
8040,191
8041,191
8042,191
8043,191
8044,191
8045,191
8046,191
8047,191
8048,191
8049,191
8050,191
8051,191
8052,191
8053,191
8054,191
8055,191
8056,191
8057,191
8058,191
8059,191
8060,191
8061,191
8062,191
8063,191
8064,191
8065,191
8066,191
8067,191
8068,191
8069,191
8070,191
8071,191
8072,191
8073,191
8074,191
8075,191
8076,191
8077,191
8078,191
8079,191
8080,191
8081,191
8082,191
8083,191
8084,191
8085,191
8086,191
8087,191
8088,191
8089,191
8090,191
8091,191
8092,191
8093,191
8094,191
8095,191
8096,191
8097,191
8098,191
8099,191
8100,191
8101,191
8102,191
8103,191
8104,191
8105,191
8106,191
8107,191
8108,191
8109,191
8110,191
8111,191
8112,191
8113,191
8114,191
8115,191
8116,191
8117,191
8118,191
8119,191
8120,191
8121,191
8122,191
8123,191
8124,191
8125,191
8126,191
8127,191
8128,191
8129,191
8130,191
8131,191
8132,191
8133,191
8134,191
8135,191
8136,191
8137,191
8138,191
8139,191
8140,191
8141,191
8142,191
8143,191
8144,191
8145,191
8146,191
8147,191
8148,191
8149,191
8150,191
8151,191
8152,191
8153,191
8154,191
8155,191
8156,191
8157,191
8158,191
8159,191
8160,191
8161,191
8162,191
8163,191
8164,191
8165,191
8166,191
8167,191
8168,191
8169,191
8170,191
8171,191
8172,191
8173,191
8174,191
8175,191
8176,191
8177,191
8178,191
8179,191
8180,191
8181,191
8182,191
8183,191
8184,191
8185,191
8186,191
8187,191
8188,191
8189,191
8190,191
8191,191
8192,191
8193,191
8194,191
8195,191
8196,191
8197,191
8198,191
8199,191
8200,191
8201,191
8202,191
8203,191
8204,191
8205,191
8206,191
8207,191
8208,191
8209,191
8210,191
8211,191
8212,191
8213,191
8214,191
8215,191
8216,191
8217,191
8218,191
8219,191
8220,191
8221,191
8222,191
8223,191
8224,191
8225,191
8226,191
8227,191
8228,191
8229,191
8230,191
8231,191
8232,191
8233,191
8234,191
8235,191
8236,191
8237,191
8238,191
8239,191
8240,191
8241,191
8242,191
8243,191
8244,191
8245,191
8246,191
8247,191
8248,191
8249,191
8250,191
8251,191
8252,191
8253,191
8254,191
8255,191
8256,191
8257,191
8258,191
8259,191
8260,191
8261,191
8262,191
8263,191
8264,191
8265,191
8266,191
8267,191
8268,191
8269,191
8270,191
8271,191
8272,191
8273,191
8274,191
8275,191
8276,191
8277,191
8278,191
8279,191
8280,191
8281,191
8282,191
8283,191
8284,191
8285,191
8286,191
8287,191
8288,191
8289,191
8290,191
8291,191
8292,191
8293,191
8294,191
8295,191
8296,191
8297,191
8298,191
8299,191
8300,191
8301,191
8302,191
8303,191
8304,191
8305,191
8306,191
8307,191
8308,191
8309,191
8310,191
8311,191
8312,191
8313,191
8314,191
8315,191
8316,191
8317,191
8318,191
8319,191
8320,191
8321,191
8322,191
8323,191
8324,191
8325,191
8326,191
8327,191
8328,191
8329,191
8330,191
8331,191
8332,191
8333,191
8334,191
8335,191
8336,191
8337,191
8338,191
8339,191
8340,191
8341,191
8342,191
8343,191
8344,191
8345,191
8346,191
8347,191
8348,191
8349,191
8350,191
8351,191
8352,191
8353,191
8354,191
8355,191
8356,191
8357,191
8358,191
8359,191
8360,191
8361,191
8362,191
8363,191
8364,191
8365,191
8366,191
8367,191
8368,191
8369,191
8370,191
8371,191
8372,191
8373,191
8374,191
8375,191
8376,191
8377,191
8378,191
8379,191
8380,191
8381,191
8382,191
8383,191
8384,191
8385,191
8386,191
8387,191
8388,191
8389,191
8390,191
8391,191
8392,191
8393,191
8394,191
8395,191
8396,191
8397,191
8398,191
8399,191
8400,191
8401,191
8402,191
8403,191
8404,191
8405,191
8406,191
8407,191
8408,191
8409,191
8410,191
8411,191
8412,191
8413,191
8414,191
8415,191
8416,191
8417,191
8418,191
8419,191
8420,191
8421,191
8422,191
8423,191
8424,191
8425,191
8426,191
8427,191
8428,191
8429,191
8430,191
8431,190
8432,190
8433,190
8434,190
8435,190
8436,190
8437,190
8438,190
8439,190
8440,190
8441,190
8442,190
8443,190
8444,190
8445,190
8446,190
8447,190
8448,190
8449,190
8450,190
8451,190
8452,190
8453,190
8454,190
8455,190
8456,190
8457,190
8458,190
8459,190
8460,190
8461,190
8462,190
8463,190
8464,190
8465,190
8466,190
8467,190
8468,190
8469,190
8470,190
8471,190
8472,190
8473,190
8474,190
8475,190
8476,190
8477,190
8478,190
8479,190
8480,190
8481,190
8482,190
8483,190
8484,190
8485,190
8486,190
8487,190
8488,190
8489,190
8490,190
8491,190
8492,190
8493,190
8494,190
8495,190
8496,190
8497,190
8498,190
8499,190
8500,190
8501,190
8502,190
8503,190
8504,190
8505,190
8506,190
8507,190
8508,190
8509,190
8510,190
8511,190
8512,190
8513,190
8514,190
8515,190
8516,190
8517,190
8518,190
8519,190
8520,190
8521,190
8522,190
8523,190
8524,190
8525,190
8526,190
8527,190
8528,190
8529,190
8530,190
8531,190
8532,190
8533,190
8534,190
8535,190
8536,190
8537,190
8538,190
8539,190
8540,190
8541,190
8542,190
8543,190
8544,190
8545,190
8546,190
8547,190
8548,190
8549,190
8550,190
8551,190
8552,190
8553,190
8554,190
8555,190
8556,190
8557,190
8558,190
8559,190
8560,190
8561,190
8562,190
8563,190
8564,190
8565,190
8566,190
8567,190
8568,190
8569,190
8570,190
8571,190
8572,190
8573,190
8574,190
8575,190
8576,190
8577,190
8578,190
8579,190
8580,190
8581,190
8582,190
8583,190
8584,190
8585,190
8586,190
8587,190
8588,190
8589,190
8590,190
8591,190
8592,190
8593,190
8594,190
8595,190
8596,190
8597,190
8598,190
8599,190
8600,190
8601,190
8602,190
8603,190
8604,190
8605,190
8606,190
8607,190
8608,190
8609,190
8610,190
8611,190
8612,190
8613,190
8614,190
8615,190
8616,190
8617,190
8618,190
8619,190
8620,190
8621,190
8622,190
8623,190
8624,190
8625,190
8626,190
8627,190
8628,190
8629,190
8630,190
8631,190
8632,190
8633,190
8634,190
8635,190
8636,190
8637,190
8638,190
8639,190
8640,190
8641,189
8642,189
8643,189
8644,189
8645,189
8646,189
8647,189
8648,189
8649,189
8650,189
8651,188
8652,188
8653,188
8654,188
8655,188
8656,188
8657,188
8658,188
8659,188
8660,188
8661,188
8662,188
8663,188
8664,188
8665,188
8666,188
8667,188
8668,188
8669,188
8670,188
8671,188
8672,188
8673,188
8674,188
8675,188
8676,188
8677,188
8678,188
8679,188
8680,188
8681,188
8682,188
8683,188
8684,188
8685,188
8686,188
8687,188
8688,188
8689,188
8690,188
8691,188
8692,188
8693,188
8694,188
8695,188
8696,188
8697,188
8698,188
8699,188
8700,188
8701,188
8702,188
8703,188
8704,188
8705,188
8706,188
8707,188
8708,188
8709,188
8710,188
8711,188
8712,188
8713,188
8714,188
8715,188
8716,188
8717,188
8718,188
8719,188
8720,188
8721,188
8722,188
8723,188
8724,188
8725,188
8726,188
8727,188
8728,188
8729,188
8730,188
8731,188
8732,188
8733,188
8734,188
8735,188
8736,188
8737,188
8738,188
8739,188
8740,188
8741,188
8742,188
8743,188
8744,188
8745,188
8746,188
8747,188
8748,188
8749,188
8750,188
8751,188
8752,188
8753,188
8754,188
8755,188
8756,188
8757,188
8758,188
8759,188
8760,188
8761,188
8762,188
8763,188
8764,188
8765,188
8766,188
8767,188
8768,188
8769,188
8770,188
8771,188
8772,188
8773,188
8774,188
8775,188
8776,188
8777,188
8778,188
8779,188
8780,188
8781,188
8782,188
8783,188
8784,188
8785,188
8786,188
8787,188
8788,188
8789,188
8790,188
8791,188
8792,188
8793,188
8794,188
8795,188
8796,188
8797,188
8798,188
8799,188
8800,188
8801,188
8802,188
8803,188
8804,188
8805,188
8806,188
8807,188
8808,188
8809,188
8810,188
8811,188
8812,188
8813,188
8814,188
8815,188
8816,188
8817,188
8818,188
8819,188
8820,188
8821,188
8822,188
8823,188
8824,188
8825,188
8826,188
8827,188
8828,188
8829,188
8830,188
8831,188
8832,188
8833,188
8834,188
8835,188
8836,188
8837,188
8838,188
8839,188
8840,188
8841,188
8842,188
8843,188
8844,188
8845,188
8846,188
8847,188
8848,188
8849,188
8850,188
8851,188
8852,188
8853,188
8854,188
8855,188
8856,188
8857,188
8858,188
8859,188
8860,188
8861,188
8862,188
8863,188
8864,188
8865,188
8866,187
8867,187
8868,187
8869,187
8870,187
8871,187
8872,187
8873,187
8874,187
8875,187
8876,187
8877,187
8878,187
8879,187
8880,187
8881,187
8882,187
8883,187
8884,187
8885,187
8886,187
8887,187
8888,187
8889,187
8890,187
8891,187
8892,187
8893,187
8894,187
8895,187
8896,187
8897,187
8898,187
8899,187
8900,187
8901,187
8902,187
8903,187
8904,187
8905,187
8906,187
8907,187
8908,187
8909,187
8910,187
8911,187
8912,187
8913,187
8914,187
8915,187
8916,187
8917,187
8918,187
8919,187
8920,187
8921,187
8922,187
8923,187
8924,187
8925,187
8926,187
8927,187
8928,187
8929,187
8930,187
8931,187
8932,187
8933,187
8934,187
8935,187
8936,187
8937,187
8938,187
8939,187
8940,187
8941,187
8942,187
8943,187
8944,187
8945,187
8946,187
8947,187
8948,187
8949,187
8950,187
8951,187
8952,187
8953,187
8954,187
8955,187
8956,187
8957,187
8958,187
8959,187
8960,187
8961,187
8962,187
8963,187
8964,187
8965,187
8966,187
8967,187
8968,187
8969,187
8970,187
8971,187
8972,187
8973,187
8974,187
8975,187
8976,187
8977,187
8978,187
8979,187
8980,187
8981,187
8982,187
8983,187
8984,187
8985,187
8986,187
8987,187
8988,187
8989,187
8990,187
8991,187
8992,187
8993,187
8994,187
8995,187
8996,187
8997,187
8998,187
8999,187
9000,187
9001,187
9002,187
9003,187
9004,187
9005,187
9006,187
9007,187
9008,187
9009,187
9010,187
9011,187
9012,187
9013,187
9014,187
9015,187
9016,187
9017,187
9018,187
9019,187
9020,187
9021,187
9022,187
9023,187
9024,187
9025,187
9026,187
9027,187
9028,187
9029,187
9030,187
9031,187
9032,187
9033,187
9034,187
9035,187
9036,187
9037,187
9038,187
9039,187
9040,187
9041,187
9042,187
9043,187
9044,187
9045,187
9046,187
9047,187
9048,187
9049,187
9050,187
9051,187
9052,187
9053,187
9054,187
9055,187
9056,187
9057,187
9058,187
9059,187
9060,187
9061,187
9062,187
9063,187
9064,187
9065,187
9066,187
9067,187
9068,186
9069,186
9070,186
9071,186
9072,186
9073,186
9074,186
9075,186
9076,186
9077,186
9078,186
9079,186
9080,186
9081,186
9082,186
9083,186
9084,186
9085,186
9086,186
9087,186
9088,186
9089,186
9090,186
9091,186
9092,186
9093,186
9094,186
9095,186
9096,186
9097,186
9098,186
9099,186
9100,186
9101,186
9102,186
9103,186
9104,186
9105,186
9106,186
9107,186
9108,186
9109,186
9110,186
9111,186
9112,186
9113,186
9114,186
9115,186
9116,186
9117,186
9118,186
9119,186
9120,186
9121,186
9122,186
9123,186
9124,186
9125,186
9126,186
9127,186
9128,186
9129,186
9130,186
9131,186
9132,186
9133,186
9134,186
9135,186
9136,186
9137,186
9138,186
9139,186
9140,186
9141,186
9142,186
9143,186
9144,186
9145,186
9146,186
9147,186
9148,186
9149,185
9150,185
9151,185
9152,185
9153,185
9154,185
9155,185
9156,185
9157,185
9158,185
9159,185
9160,185
9161,185
9162,185
9163,185
9164,185
9165,185
9166,185
9167,185
9168,185
9169,185
9170,185
9171,185
9172,185
9173,185
9174,185
9175,185
9176,185
9177,185
9178,185
9179,185
9180,185
9181,185
9182,185
9183,185
9184,185
9185,185
9186,185
9187,185
9188,185
9189,185
9190,185
9191,185
9192,185
9193,185
9194,185
9195,185
9196,185
9197,185
9198,185
9199,185
9200,185
9201,185
9202,185
9203,185
9204,185
9205,185
9206,185
9207,185
9208,185
9209,185
9210,185
9211,185
9212,185
9213,185
9214,185
9215,185
9216,185
9217,185
9218,185
9219,185
9220,185
9221,185
9222,185
9223,185
9224,185
9225,185
9226,185
9227,185
9228,185
9229,185
9230,185
9231,185
9232,185
9233,185
9234,185
9235,185
9236,185
9237,185
9238,185
9239,185
9240,185
9241,185
9242,185
9243,185
9244,185
9245,185
9246,185
9247,185
9248,185
9249,185
9250,185
9251,185
9252,185
9253,185
9254,185
9255,185
9256,185
9257,185
9258,185
9259,185
9260,185
9261,185
9262,185
9263,185
9264,185
9265,185
9266,185
9267,185
9268,185
9269,185
9270,185
9271,185
9272,185
9273,185
9274,185
9275,185
9276,185
9277,185
9278,185
9279,185
9280,185
9281,185
9282,185
9283,185
9284,185
9285,185
9286,185
9287,185
9288,185
9289,185
9290,185
9291,185
9292,185
9293,185
9294,185
9295,185
9296,185
9297,185
9298,185
9299,185
9300,185
9301,185
9302,185
9303,185
9304,185
9305,185
9306,185
9307,185
9308,185
9309,185
9310,185
9311,185
9312,185
9313,185
9314,185
9315,185
9316,185
9317,185
9318,185
9319,185
9320,185
9321,185
9322,185
9323,185
9324,185
9325,185
9326,185
9327,185
9328,185
9329,185
9330,185
9331,185
9332,185
9333,185
9334,185
9335,185
9336,185
9337,185
9338,185
9339,185
9340,185
9341,185
9342,185
9343,185
9344,185
9345,185
9346,185
9347,185
9348,185
9349,185
9350,185
9351,185
9352,185
9353,185
9354,185
9355,185
9356,185
9357,185
9358,185
9359,185
9360,185
9361,185
9362,185
9363,185
9364,185
9365,185
9366,185
9367,185
9368,185
9369,185
9370,185
9371,185
9372,185
9373,185
9374,185
9375,185
9376,185
9377,185
9378,185
9379,185
9380,185
9381,185
9382,185
9383,185
9384,185
9385,185
9386,185
9387,185
9388,185
9389,185
9390,185
9391,185
9392,185
9393,185
9394,185
9395,185
9396,185
9397,185
9398,185
9399,185
9400,185
9401,185
9402,185
9403,185
9404,185
9405,185
9406,185
9407,185
9408,185
9409,185
9410,185
9411,185
9412,185
9413,185
9414,185
9415,185
9416,185
9417,185
9418,185
9419,185
9420,185
9421,185
9422,185
9423,185
9424,185
9425,185
9426,185
9427,185
9428,185
9429,185
9430,185
9431,185
9432,185
9433,185
9434,185
9435,185
9436,185
9437,185
9438,185
9439,185
9440,185
9441,185
9442,185
9443,185
9444,185
9445,185
9446,185
9447,185
9448,185
9449,185
9450,185
9451,185
9452,185
9453,185
9454,185
9455,185
9456,185
9457,185
9458,185
9459,185
9460,185
9461,185
9462,185
9463,185
9464,185
9465,185
9466,185
9467,185
9468,185
9469,185
9470,185
9471,185
9472,185
9473,185
9474,185
9475,185
9476,185
9477,185
9478,185
9479,185
9480,185
9481,185
9482,185
9483,185
9484,185
9485,185
9486,185
9487,185
9488,185
9489,185
9490,185
9491,185
9492,185
9493,185
9494,185
9495,185
9496,185
9497,185
9498,185
9499,185
9500,185
9501,185
9502,185
9503,185
9504,185
9505,185
9506,185
9507,185
9508,185
9509,185
9510,185
9511,185
9512,185
9513,185
9514,185
9515,185
9516,185
9517,185
9518,185
9519,185
9520,185
9521,185
9522,185
9523,185
9524,185
9525,185
9526,185
9527,185
9528,185
9529,185
9530,185
9531,185
9532,185
9533,185
9534,185
9535,185
9536,185
9537,185
9538,185
9539,185
9540,185
9541,185
9542,185
9543,185
9544,185
9545,185
9546,185
9547,185
9548,185
9549,185
9550,185
9551,185
9552,185
9553,185
9554,185
9555,185
9556,185
9557,185
9558,185
9559,185
9560,185
9561,185
9562,185
9563,185
9564,185
9565,185
9566,185
9567,185
9568,185
9569,185
9570,185
9571,185
9572,185
9573,185
9574,185
9575,185
9576,185
9577,185
9578,185
9579,185
9580,185
9581,185
9582,185
9583,185
9584,185
9585,185
9586,185
9587,185
9588,185
9589,185
9590,185
9591,185
9592,185
9593,185
9594,185
9595,185
9596,185
9597,185
9598,185
9599,185
9600,185
9601,185
9602,185
9603,185
9604,185
9605,185
9606,185
9607,185
9608,185
9609,185
9610,185
9611,185
9612,185
9613,185
9614,185
9615,185
9616,185
9617,185
9618,185
9619,185
9620,185
9621,185
9622,185
9623,185
9624,185
9625,185
9626,185
9627,185
9628,185
9629,185
9630,185
9631,185
9632,185
9633,185
9634,185
9635,185
9636,185
9637,185
9638,185
9639,185
9640,185
9641,185
9642,185
9643,185
9644,185
9645,185
9646,185
9647,185
9648,185
9649,185
9650,184
9651,184
9652,184
9653,184
9654,184
9655,184
9656,184
9657,184
9658,184
9659,184
9660,184
9661,184
9662,184
9663,184
9664,184
9665,184
9666,184
9667,184
9668,184
9669,184
9670,184
9671,184
9672,184
9673,184
9674,184
9675,184
9676,184
9677,184
9678,184
9679,184
9680,184
9681,184
9682,184
9683,184
9684,184
9685,184
9686,184
9687,184
9688,184
9689,184
9690,184
9691,184
9692,184
9693,184
9694,184
9695,184
9696,184
9697,184
9698,184
9699,184
9700,184
9701,184
9702,184
9703,184
9704,184
9705,184
9706,184
9707,184
9708,184
9709,184
9710,184
9711,184
9712,184
9713,184
9714,184
9715,184
9716,184
9717,184
9718,184
9719,184
9720,184
9721,184
9722,184
9723,184
9724,184
9725,184
9726,184
9727,184
9728,184
9729,184
9730,184
9731,184
9732,184
9733,184
9734,184
9735,184
9736,184
9737,184
9738,184
9739,184
9740,184
9741,184
9742,184
9743,184
9744,184
9745,184
9746,184
9747,184
9748,184
9749,184
9750,184
9751,184
9752,184
9753,184
9754,184
9755,184
9756,184
9757,184
9758,184
9759,184
9760,184
9761,184
9762,184
9763,184
9764,184
9765,184
9766,184
9767,184
9768,184
9769,184
9770,184
9771,184
9772,184
9773,184
9774,184
9775,184
9776,184
9777,184
9778,184
9779,184
9780,184
9781,184
9782,184
9783,184
9784,184
9785,184
9786,184
9787,184
9788,184
9789,184
9790,184
9791,184
9792,184
9793,184
9794,184
9795,184
9796,184
9797,184
9798,184
9799,184
9800,184
9801,184
9802,184
9803,184
9804,184
9805,184
9806,184
9807,184
9808,184
9809,184
9810,184
9811,184
9812,184
9813,184
9814,184
9815,184
9816,184
9817,184
9818,184
9819,184
9820,184
9821,184
9822,184
9823,184
9824,184
9825,184
9826,184
9827,184
9828,184
9829,184
9830,184
9831,184
9832,184
9833,184
9834,184
9835,184
9836,184
9837,184
9838,184
9839,184
9840,184
9841,184
9842,184
9843,184
9844,184
9845,184
9846,184
9847,184
9848,184
9849,184
9850,184
9851,184
9852,184
9853,184
9854,184
9855,184
9856,184
9857,184
9858,184
9859,184
9860,184
9861,184
9862,184
9863,184
9864,184
9865,184
9866,184
9867,184
9868,184
9869,184
9870,184
9871,184
9872,184
9873,184
9874,184
9875,184
9876,184
9877,184
9878,184
9879,184
9880,184
9881,184
9882,184
9883,184
9884,184
9885,184
9886,184
9887,184
9888,184
9889,184
9890,184
9891,184
9892,184
9893,184
9894,184
9895,184
9896,184
9897,184
9898,184
9899,184
9900,184
9901,184
9902,184
9903,184
9904,184
9905,184
9906,184
9907,184
9908,184
9909,184
9910,184
9911,184
9912,184
9913,184
9914,184
9915,184
9916,184
9917,184
9918,184
9919,184
9920,184
9921,184
9922,184
9923,184
9924,184
9925,184
9926,184
9927,184
9928,184
9929,184
9930,184
9931,184
9932,184
9933,184
9934,184
9935,184
9936,184
9937,184
9938,184
9939,184
9940,184
9941,184
9942,184
9943,184
9944,184
9945,184
9946,184
9947,184
9948,184
9949,184
9950,184
9951,184
9952,184
9953,184
9954,184
9955,184
9956,184
9957,184
9958,184
9959,184
9960,184
9961,184
9962,184
9963,184
9964,184
9965,184
9966,184
9967,184
9968,184
9969,184
9970,184
9971,184
9972,184
9973,184
9974,184
9975,184
9976,184
9977,184
9978,184
9979,184
9980,184
9981,184
9982,184
9983,184
9984,184
9985,184
9986,184
9987,184
9988,184
9989,184
9990,184
9991,184
9992,184
9993,184
9994,184
9995,184
9996,184
9997,184
9998,184
9999,184
