,pso
0,300
1,300
2,300
3,300
4,300
5,300
6,300
7,300
8,300
9,300
10,300
11,300
12,300
13,300
14,300
15,300
16,300
17,300
18,300
19,300
20,300
21,300
22,300
23,300
24,300
25,300
26,300
27,300
28,300
29,300
30,300
31,300
32,300
33,300
34,300
35,300
36,300
37,300
38,300
39,300
40,300
41,300
42,300
43,300
44,300
45,300
46,300
47,300
48,300
49,300
50,300
51,300
52,300
53,300
54,300
55,300
56,300
57,300
58,300
59,300
60,300
61,300
62,300
63,300
64,300
65,300
66,300
67,300
68,300
69,300
70,300
71,300
72,300
73,300
74,300
75,300
76,300
77,300
78,300
79,300
80,300
81,300
82,300
83,300
84,300
85,300
86,300
87,300
88,300
89,300
90,300
91,300
92,300
93,300
94,300
95,300
96,300
97,300
98,300
99,300
100,300
101,300
102,300
103,300
104,300
105,300
106,300
107,300
108,300
109,300
110,300
111,300
112,300
113,300
114,300
115,300
116,300
117,300
118,300
119,300
120,300
121,300
122,300
123,300
124,300
125,300
126,300
127,300
128,300
129,300
130,300
131,300
132,300
133,300
134,300
135,300
136,300
137,300
138,300
139,300
140,300
141,300
142,300
143,300
144,300
145,300
146,300
147,300
148,300
149,300
150,300
151,300
152,300
153,300
154,300
155,300
156,300
157,300
158,300
159,300
160,300
161,300
162,300
163,300
164,300
165,300
166,300
167,300
168,300
169,300
170,300
171,300
172,300
173,300
174,300
175,300
176,300
177,300
178,300
179,300
180,300
181,300
182,300
183,300
184,300
185,300
186,300
187,300
188,300
189,300
190,300
191,300
192,300
193,300
194,300
195,300
196,300
197,300
198,300
199,300
200,300
201,300
202,300
203,300
204,300
205,300
206,300
207,300
208,300
209,300
210,300
211,300
212,300
213,300
214,300
215,300
216,300
217,300
218,300
219,300
220,300
221,300
222,300
223,300
224,300
225,300
226,300
227,300
228,300
229,300
230,300
231,300
232,300
233,300
234,300
235,300
236,300
237,300
238,300
239,300
240,300
241,300
242,300
243,300
244,300
245,300
246,300
247,300
248,300
249,300
250,300
251,300
252,300
253,300
254,300
255,300
256,300
257,300
258,300
259,300
260,300
261,300
262,300
263,300
264,300
265,300
266,300
267,300
268,300
269,300
270,300
271,300
272,300
273,300
274,300
275,300
276,300
277,300
278,300
279,300
280,300
281,300
282,300
283,300
284,300
285,300
286,300
287,300
288,300
289,300
290,300
291,300
292,300
293,300
294,300
295,300
296,300
297,300
298,300
299,300
300,300
301,300
302,300
303,300
304,300
305,300
306,300
307,300
308,300
309,300
310,300
311,300
312,300
313,300
314,300
315,300
316,300
317,300
318,300
319,300
320,300
321,300
322,300
323,300
324,300
325,300
326,300
327,300
328,300
329,300
330,300
331,300
332,300
333,300
334,300
335,300
336,300
337,300
338,300
339,300
340,300
341,300
342,300
343,300
344,300
345,300
346,300
347,300
348,300
349,300
350,300
351,300
352,300
353,300
354,300
355,300
356,300
357,300
358,300
359,300
360,300
361,300
362,300
363,300
364,300
365,300
366,300
367,300
368,300
369,300
370,300
371,300
372,300
373,300
374,300
375,300
376,300
377,300
378,300
379,300
380,300
381,300
382,300
383,300
384,300
385,300
386,300
387,300
388,300
389,300
390,300
391,300
392,300
393,300
394,300
395,300
396,300
397,300
398,300
399,300
400,300
401,300
402,300
403,300
404,300
405,300
406,300
407,300
408,300
409,300
410,300
411,300
412,300
413,300
414,300
415,300
416,300
417,300
418,300
419,300
420,300
421,300
422,300
423,300
424,300
425,300
426,300
427,300
428,300
429,300
430,300
431,300
432,300
433,300
434,300
435,300
436,300
437,300
438,300
439,300
440,300
441,300
442,300
443,300
444,300
445,300
446,300
447,300
448,300
449,300
450,300
451,300
452,300
453,300
454,300
455,300
456,300
457,300
458,300
459,300
460,300
461,300
462,300
463,300
464,300
465,300
466,300
467,300
468,300
469,300
470,300
471,300
472,300
473,300
474,300
475,300
476,300
477,300
478,300
479,300
480,300
481,300
482,300
483,300
484,300
485,300
486,300
487,300
488,300
489,300
490,300
491,300
492,300
493,300
494,300
495,300
496,300
497,300
498,300
499,300
500,300
501,300
502,300
503,300
504,300
505,300
506,300
507,300
508,300
509,300
510,300
511,300
512,300
513,300
514,300
515,300
516,300
517,300
518,300
519,300
520,300
521,300
522,300
523,300
524,300
525,300
526,300
527,300
528,300
529,300
530,300
531,300
532,300
533,300
534,300
535,300
536,300
537,300
538,300
539,300
540,300
541,300
542,300
543,300
544,300
545,300
546,300
547,300
548,300
549,300
550,300
551,300
552,300
553,300
554,300
555,300
556,300
557,300
558,300
559,300
560,300
561,300
562,300
563,300
564,300
565,300
566,300
567,300
568,300
569,300
570,300
571,300
572,300
573,300
574,300
575,300
576,300
577,300
578,300
579,300
580,300
581,300
582,300
583,300
584,300
585,300
586,300
587,300
588,300
589,300
590,300
591,300
592,300
593,300
594,300
595,300
596,300
597,300
598,300
599,300
600,300
601,300
602,300
603,300
604,300
605,300
606,300
607,300
608,300
609,300
610,300
611,300
612,300
613,300
614,300
615,300
616,300
617,300
618,300
619,300
620,300
621,300
622,300
623,300
624,300
625,300
626,300
627,300
628,300
629,300
630,300
631,300
632,300
633,300
634,300
635,300
636,300
637,300
638,300
639,300
640,300
641,300
642,300
643,300
644,300
645,300
646,300
647,300
648,300
649,300
650,300
651,300
652,300
653,300
654,300
655,300
656,300
657,300
658,300
659,300
660,300
661,300
662,300
663,300
664,300
665,300
666,300
667,300
668,300
669,300
670,300
671,300
672,300
673,300
674,300
675,300
676,300
677,300
678,300
679,300
680,300
681,300
682,300
683,300
684,300
685,300
686,300
687,300
688,300
689,300
690,300
691,300
692,300
693,300
694,300
695,300
696,300
697,300
698,300
699,300
700,300
701,300
702,300
703,300
704,300
705,300
706,300
707,300
708,300
709,300
710,300
711,300
712,300
713,300
714,300
715,300
716,300
717,300
718,300
719,300
720,300
721,300
722,300
723,300
724,300
725,300
726,300
727,300
728,300
729,300
730,300
731,300
732,300
733,300
734,300
735,300
736,300
737,300
738,300
739,300
740,300
741,300
742,300
743,300
744,300
745,300
746,300
747,300
748,300
749,300
750,300
751,300
752,300
753,300
754,300
755,300
756,300
757,300
758,300
759,300
760,300
761,300
762,300
763,300
764,300
765,300
766,300
767,300
768,300
769,300
770,300
771,300
772,300
773,300
774,300
775,300
776,300
777,300
778,300
779,300
780,300
781,300
782,300
783,300
784,300
785,300
786,300
787,300
788,300
789,300
790,300
791,300
792,300
793,300
794,300
795,300
796,300
797,300
798,300
799,300
800,300
801,300
802,300
803,300
804,300
805,300
806,300
807,300
808,300
809,300
810,300
811,300
812,300
813,300
814,300
815,300
816,300
817,300
818,300
819,300
820,300
821,300
822,300
823,300
824,300
825,300
826,300
827,300
828,300
829,300
830,300
831,300
832,300
833,300
834,300
835,300
836,300
837,300
838,300
839,300
840,300
841,300
842,300
843,300
844,300
845,300
846,300
847,300
848,300
849,300
850,300
851,300
852,300
853,300
854,300
855,300
856,300
857,300
858,300
859,300
860,300
861,300
862,300
863,300
864,300
865,300
866,300
867,300
868,300
869,300
870,300
871,300
872,300
873,300
874,300
875,300
876,300
877,300
878,300
879,300
880,300
881,300
882,300
883,300
884,300
885,300
886,300
887,300
888,300
889,300
890,300
891,300
892,300
893,300
894,300
895,300
896,300
897,300
898,300
899,300
900,300
901,300
902,300
903,300
904,300
905,300
906,300
907,300
908,300
909,300
910,300
911,300
912,300
913,300
914,300
915,300
916,300
917,300
918,300
919,300
920,300
921,300
922,300
923,300
924,300
925,300
926,300
927,300
928,300
929,300
930,300
931,300
932,300
933,300
934,300
935,300
936,300
937,300
938,300
939,300
940,300
941,300
942,300
943,300
944,300
945,300
946,300
947,300
948,300
949,300
950,300
951,300
952,300
953,300
954,300
955,300
956,300
957,300
958,300
959,300
960,300
961,300
962,300
963,300
964,300
965,300
966,300
967,300
968,300
969,300
970,300
971,300
972,300
973,300
974,300
975,300
976,300
977,300
978,300
979,300
980,300
981,300
982,300
983,300
984,300
985,300
986,300
987,300
988,300
989,300
990,300
991,300
992,300
993,300
994,300
995,300
996,300
997,300
998,300
999,300
1000,300
1001,300
1002,300
1003,300
1004,300
1005,300
1006,300
1007,300
1008,300
1009,300
1010,300
1011,300
1012,300
1013,300
1014,300
1015,300
1016,300
1017,300
1018,300
1019,300
1020,300
1021,300
1022,300
1023,300
1024,300
1025,300
1026,300
1027,300
1028,300
1029,300
1030,300
1031,300
1032,300
1033,300
1034,300
1035,300
1036,300
1037,300
1038,300
1039,300
1040,300
1041,300
1042,300
1043,300
1044,300
1045,300
1046,300
1047,300
1048,300
1049,300
1050,300
1051,300
1052,300
1053,300
1054,300
1055,300
1056,300
1057,300
1058,300
1059,300
1060,300
1061,300
1062,300
1063,300
1064,300
1065,300
1066,300
1067,300
1068,300
1069,300
1070,300
1071,300
1072,300
1073,300
1074,300
1075,300
1076,300
1077,300
1078,300
1079,300
1080,300
1081,300
1082,300
1083,300
1084,300
1085,300
1086,300
1087,300
1088,300
1089,300
1090,300
1091,300
1092,300
1093,300
1094,300
1095,300
1096,300
1097,300
1098,300
1099,300
1100,300
1101,300
1102,300
1103,300
1104,300
1105,300
1106,300
1107,300
1108,300
1109,300
1110,300
1111,300
1112,300
1113,300
1114,300
1115,300
1116,300
1117,300
1118,300
1119,300
1120,300
1121,300
1122,300
1123,300
1124,300
1125,300
1126,300
1127,300
1128,300
1129,300
1130,300
1131,300
1132,300
1133,300
1134,300
1135,300
1136,300
1137,300
1138,300
1139,300
1140,300
1141,300
1142,300
1143,300
1144,300
1145,300
1146,300
1147,300
1148,300
1149,300
1150,300
1151,300
1152,300
1153,300
1154,300
1155,300
1156,300
1157,300
1158,300
1159,300
1160,300
1161,300
1162,300
1163,300
1164,300
1165,300
1166,300
1167,300
1168,300
1169,300
1170,300
1171,300
1172,300
1173,300
1174,300
1175,300
1176,300
1177,300
1178,300
1179,300
1180,300
1181,300
1182,300
1183,300
1184,300
1185,300
1186,300
1187,300
1188,300
1189,300
1190,300
1191,300
1192,300
1193,300
1194,300
1195,300
1196,300
1197,300
1198,300
1199,300
1200,300
1201,300
1202,300
1203,300
1204,300
1205,300
1206,300
1207,300
1208,300
1209,300
1210,300
1211,300
1212,300
1213,300
1214,300
1215,300
1216,300
1217,300
1218,300
1219,300
1220,300
1221,300
1222,300
1223,300
1224,300
1225,300
1226,300
1227,300
1228,300
1229,300
1230,300
1231,300
1232,300
1233,300
1234,300
1235,300
1236,300
1237,300
1238,300
1239,300
1240,300
1241,300
1242,300
1243,300
1244,300
1245,300
1246,300
1247,300
1248,300
1249,300
1250,300
1251,300
1252,300
1253,300
1254,300
1255,300
1256,300
1257,300
1258,300
1259,300
1260,300
1261,300
1262,300
1263,300
1264,300
1265,300
1266,300
1267,300
1268,300
1269,300
1270,300
1271,300
1272,300
1273,300
1274,300
1275,300
1276,300
1277,300
1278,300
1279,300
1280,300
1281,300
1282,300
1283,300
1284,300
1285,300
1286,300
1287,300
1288,300
1289,300
1290,300
1291,300
1292,300
1293,300
1294,300
1295,300
1296,300
1297,300
1298,300
1299,300
1300,300
1301,300
1302,300
1303,300
1304,300
1305,300
1306,300
1307,300
1308,300
1309,300
1310,300
1311,300
1312,300
1313,300
1314,300
1315,300
1316,300
1317,300
1318,300
1319,300
1320,300
1321,300
1322,300
1323,300
1324,300
1325,300
1326,300
1327,300
1328,300
1329,300
1330,300
1331,300
1332,300
1333,300
1334,300
1335,300
1336,300
1337,300
1338,300
1339,300
1340,300
1341,300
1342,300
1343,300
1344,300
1345,300
1346,300
1347,300
1348,300
1349,300
1350,300
1351,300
1352,300
1353,300
1354,300
1355,300
1356,300
1357,300
1358,300
1359,300
1360,300
1361,300
1362,300
1363,300
1364,300
1365,300
1366,300
1367,300
1368,300
1369,300
1370,300
1371,300
1372,300
1373,300
1374,300
1375,300
1376,300
1377,300
1378,300
1379,300
1380,300
1381,300
1382,300
1383,300
1384,300
1385,300
1386,300
1387,300
1388,300
1389,300
1390,300
1391,300
1392,300
1393,300
1394,300
1395,300
1396,300
1397,300
1398,300
1399,300
1400,300
1401,300
1402,300
1403,300
1404,300
1405,300
1406,300
1407,300
1408,300
1409,300
1410,300
1411,300
1412,300
1413,300
1414,300
1415,300
1416,300
1417,300
1418,300
1419,300
1420,300
1421,300
1422,300
1423,300
1424,300
1425,300
1426,300
1427,300
1428,300
1429,300
1430,300
1431,300
1432,300
1433,300
1434,300
1435,300
1436,300
1437,300
1438,300
1439,300
1440,300
1441,300
1442,300
1443,300
1444,300
1445,300
1446,300
1447,300
1448,300
1449,300
1450,300
1451,300
1452,300
1453,300
1454,300
1455,300
1456,300
1457,300
1458,300
1459,300
1460,300
1461,299
1462,299
1463,299
1464,299
1465,299
1466,299
1467,299
1468,299
1469,299
1470,299
1471,299
1472,299
1473,299
1474,299
1475,299
1476,299
1477,299
1478,299
1479,299
1480,299
1481,299
1482,299
1483,299
1484,299
1485,299
1486,299
1487,299
1488,299
1489,299
1490,299
1491,299
1492,299
1493,299
1494,299
1495,299
1496,299
1497,299
1498,299
1499,299
1500,299
1501,299
1502,299
1503,299
1504,299
1505,299
1506,299
1507,299
1508,299
1509,299
1510,299
1511,299
1512,299
1513,299
1514,299
1515,299
1516,299
1517,299
1518,299
1519,299
1520,299
1521,299
1522,299
1523,299
1524,299
1525,299
1526,299
1527,299
1528,299
1529,299
1530,299
1531,299
1532,299
1533,299
1534,299
1535,299
1536,299
1537,299
1538,299
1539,299
1540,299
1541,299
1542,299
1543,299
1544,299
1545,299
1546,299
1547,299
1548,299
1549,299
1550,299
1551,299
1552,299
1553,299
1554,299
1555,299
1556,299
1557,299
1558,299
1559,299
1560,299
1561,299
1562,299
1563,299
1564,299
1565,299
1566,299
1567,299
1568,299
1569,299
1570,299
1571,299
1572,299
1573,299
1574,299
1575,299
1576,299
1577,299
1578,299
1579,299
1580,299
1581,299
1582,299
1583,299
1584,299
1585,299
1586,299
1587,299
1588,299
1589,299
1590,299
1591,299
1592,299
1593,299
1594,299
1595,299
1596,299
1597,299
1598,299
1599,299
1600,299
1601,299
1602,299
1603,299
1604,299
1605,299
1606,299
1607,299
1608,299
1609,299
1610,299
1611,299
1612,299
1613,299
1614,299
1615,299
1616,299
1617,299
1618,299
1619,299
1620,299
1621,299
1622,299
1623,299
1624,299
1625,299
1626,299
1627,299
1628,299
1629,299
1630,299
1631,299
1632,299
1633,299
1634,299
1635,299
1636,299
1637,299
1638,299
1639,299
1640,299
1641,299
1642,299
1643,299
1644,299
1645,299
1646,299
1647,299
1648,299
1649,299
1650,299
1651,299
1652,299
1653,299
1654,299
1655,299
1656,299
1657,299
1658,299
1659,299
1660,299
1661,299
1662,299
1663,299
1664,299
1665,299
1666,299
1667,299
1668,299
1669,299
1670,299
1671,299
1672,299
1673,299
1674,299
1675,299
1676,299
1677,299
1678,299
1679,299
1680,299
1681,299
1682,299
1683,299
1684,299
1685,299
1686,299
1687,299
1688,299
1689,299
1690,299
1691,299
1692,299
1693,298
1694,298
1695,298
1696,298
1697,298
1698,298
1699,298
1700,298
1701,298
1702,298
1703,298
1704,298
1705,298
1706,298
1707,298
1708,298
1709,298
1710,298
1711,298
1712,298
1713,298
1714,298
1715,298
1716,298
1717,298
1718,298
1719,298
1720,298
1721,298
1722,298
1723,298
1724,298
1725,298
1726,298
1727,298
1728,298
1729,297
1730,297
1731,297
1732,297
1733,297
1734,297
1735,297
1736,297
1737,297
1738,297
1739,297
1740,297
1741,297
1742,297
1743,297
1744,297
1745,297
1746,297
1747,297
1748,297
1749,297
1750,297
1751,297
1752,297
1753,297
1754,297
1755,297
1756,297
1757,297
1758,297
1759,297
1760,297
1761,297
1762,297
1763,297
1764,297
1765,297
1766,297
1767,297
1768,297
1769,297
1770,297
1771,297
1772,297
1773,297
1774,297
1775,297
1776,297
1777,297
1778,297
1779,297
1780,297
1781,297
1782,297
1783,297
1784,297
1785,297
1786,297
1787,297
1788,297
1789,297
1790,297
1791,297
1792,297
1793,297
1794,297
1795,297
1796,297
1797,297
1798,297
1799,297
1800,297
1801,297
1802,297
1803,297
1804,297
1805,297
1806,297
1807,297
1808,297
1809,297
1810,297
1811,297
1812,297
1813,297
1814,297
1815,297
1816,297
1817,297
1818,297
1819,297
1820,297
1821,297
1822,297
1823,297
1824,297
1825,297
1826,297
1827,297
1828,297
1829,297
1830,297
1831,297
1832,297
1833,297
1834,297
1835,297
1836,297
1837,297
1838,297
1839,297
1840,297
1841,297
1842,297
1843,297
1844,297
1845,297
1846,297
1847,297
1848,297
1849,297
1850,297
1851,297
1852,297
1853,297
1854,297
1855,297
1856,297
1857,297
1858,297
1859,297
1860,297
1861,297
1862,297
1863,297
1864,297
1865,297
1866,297
1867,297
1868,297
1869,297
1870,297
1871,297
1872,297
1873,297
1874,297
1875,297
1876,297
1877,297
1878,297
1879,297
1880,297
1881,297
1882,297
1883,297
1884,297
1885,297
1886,297
1887,297
1888,297
1889,297
1890,297
1891,297
1892,297
1893,297
1894,297
1895,297
1896,297
1897,297
1898,297
1899,297
1900,297
1901,297
1902,297
1903,297
1904,297
1905,297
1906,297
1907,297
1908,297
1909,297
1910,297
1911,297
1912,297
1913,297
1914,297
1915,297
1916,297
1917,297
1918,297
1919,297
1920,297
1921,297
1922,297
1923,297
1924,297
1925,297
1926,297
1927,297
1928,297
1929,297
1930,297
1931,297
1932,297
1933,297
1934,297
1935,297
1936,297
1937,297
1938,297
1939,297
1940,297
1941,297
1942,297
1943,297
1944,297
1945,297
1946,297
1947,297
1948,297
1949,297
1950,297
1951,297
1952,297
1953,297
1954,297
1955,297
1956,297
1957,297
1958,297
1959,297
1960,297
1961,297
1962,297
1963,297
1964,297
1965,297
1966,297
1967,297
1968,297
1969,297
1970,297
1971,297
1972,297
1973,297
1974,297
1975,297
1976,297
1977,297
1978,297
1979,297
1980,297
1981,297
1982,297
1983,297
1984,297
1985,297
1986,297
1987,297
1988,297
1989,297
1990,297
1991,297
1992,297
1993,297
1994,297
1995,297
1996,297
1997,297
1998,297
1999,297
2000,297
2001,297
2002,297
2003,297
2004,297
2005,297
2006,297
2007,297
2008,297
2009,297
2010,297
2011,297
2012,297
2013,297
2014,297
2015,297
2016,297
2017,297
2018,297
2019,297
2020,297
2021,297
2022,297
2023,297
2024,297
2025,297
2026,297
2027,297
2028,297
2029,297
2030,296
2031,296
2032,296
2033,296
2034,296
2035,296
2036,296
2037,296
2038,296
2039,296
2040,296
2041,296
2042,296
2043,296
2044,296
2045,296
2046,296
2047,296
2048,296
2049,296
2050,296
2051,296
2052,296
2053,296
2054,296
2055,296
2056,296
2057,296
2058,296
2059,296
2060,296
2061,296
2062,296
2063,296
2064,296
2065,296
2066,296
2067,296
2068,296
2069,296
2070,296
2071,296
2072,296
2073,296
2074,296
2075,296
2076,296
2077,296
2078,296
2079,296
2080,296
2081,296
2082,296
2083,296
2084,296
2085,296
2086,296
2087,296
2088,296
2089,295
2090,295
2091,295
2092,295
2093,295
2094,295
2095,295
2096,295
2097,295
2098,295
2099,295
2100,295
2101,295
2102,295
2103,295
2104,295
2105,295
2106,295
2107,295
2108,295
2109,295
2110,295
2111,295
2112,295
2113,295
2114,295
2115,295
2116,295
2117,295
2118,295
2119,295
2120,295
2121,295
2122,295
2123,295
2124,295
2125,295
2126,295
2127,295
2128,295
2129,295
2130,295
2131,295
2132,295
2133,295
2134,295
2135,295
2136,295
2137,295
2138,295
2139,295
2140,295
2141,295
2142,295
2143,295
2144,295
2145,295
2146,295
2147,295
2148,295
2149,295
2150,295
2151,295
2152,295
2153,295
2154,295
2155,295
2156,295
2157,295
2158,295
2159,295
2160,295
2161,295
2162,295
2163,295
2164,295
2165,295
2166,295
2167,295
2168,295
2169,295
2170,295
2171,295
2172,295
2173,295
2174,295
2175,295
2176,295
2177,295
2178,295
2179,295
2180,295
2181,295
2182,295
2183,295
2184,295
2185,295
2186,295
2187,295
2188,295
2189,295
2190,295
2191,295
2192,295
2193,295
2194,295
2195,295
2196,295
2197,295
2198,295
2199,295
2200,295
2201,295
2202,295
2203,295
2204,295
2205,295
2206,295
2207,295
2208,295
2209,295
2210,295
2211,295
2212,295
2213,295
2214,295
2215,295
2216,295
2217,295
2218,295
2219,295
2220,295
2221,295
2222,294
2223,294
2224,294
2225,294
2226,293
2227,293
2228,293
2229,293
2230,293
2231,292
2232,291
2233,289
2234,288
2235,288
2236,288
2237,287
2238,286
2239,285
2240,285
2241,284
2242,284
2243,284
2244,284
2245,283
2246,283
2247,281
2248,280
2249,279
2250,278
2251,278
2252,278
2253,278
2254,277
2255,277
2256,276
2257,275
2258,273
2259,270
2260,269
2261,266
2262,265
2263,263
2264,262
2265,260
2266,260
2267,259
2268,258
2269,257
2270,255
2271,254
2272,252
2273,250
2274,249
2275,247
2276,246
2277,245
2278,244
2279,242
2280,241
2281,240
2282,240
2283,240
2284,240
2285,240
2286,240
2287,240
2288,240
2289,240
2290,240
2291,240
2292,240
2293,240
2294,240
2295,240
2296,239
2297,239
2298,239
2299,239
2300,239
2301,239
2302,239
2303,239
2304,239
2305,239
2306,239
2307,239
2308,239
2309,239
2310,239
2311,239
2312,239
2313,239
2314,239
2315,239
2316,239
2317,239
2318,239
2319,239
2320,239
2321,239
2322,239
2323,239
2324,239
2325,239
2326,239
2327,239
2328,239
2329,239
2330,239
2331,239
2332,239
2333,239
2334,239
2335,239
2336,239
2337,239
2338,239
2339,239
2340,239
2341,239
2342,239
2343,239
2344,239
2345,239
2346,239
2347,239
2348,239
2349,239
2350,239
2351,239
2352,239
2353,239
2354,239
2355,239
2356,239
2357,239
2358,239
2359,239
2360,239
2361,239
2362,239
2363,239
2364,239
2365,239
2366,239
2367,238
2368,238
2369,238
2370,238
2371,238
2372,238
2373,238
2374,238
2375,238
2376,238
2377,238
2378,238
2379,238
2380,238
2381,238
2382,238
2383,238
2384,238
2385,238
2386,238
2387,238
2388,238
2389,238
2390,238
2391,238
2392,238
2393,238
2394,238
2395,238
2396,238
2397,238
2398,238
2399,238
2400,238
2401,238
2402,238
2403,238
2404,238
2405,238
2406,238
2407,238
2408,238
2409,238
2410,238
2411,238
2412,238
2413,238
2414,238
2415,238
2416,238
2417,238
2418,238
2419,238
2420,238
2421,238
2422,238
2423,238
2424,238
2425,238
2426,238
2427,238
2428,238
2429,238
2430,238
2431,238
2432,238
2433,238
2434,238
2435,237
2436,237
2437,237
2438,237
2439,237
2440,237
2441,237
2442,237
2443,237
2444,237
2445,237
2446,237
2447,237
2448,237
2449,237
2450,237
2451,237
2452,237
2453,237
2454,237
2455,237
2456,237
2457,237
2458,237
2459,236
2460,236
2461,236
2462,236
2463,236
2464,236
2465,236
2466,236
2467,236
2468,236
2469,236
2470,236
2471,236
2472,236
2473,236
2474,236
2475,236
2476,236
2477,236
2478,236
2479,236
2480,236
2481,236
2482,235
2483,235
2484,235
2485,235
2486,235
2487,235
2488,235
2489,235
2490,235
2491,235
2492,235
2493,235
2494,235
2495,235
2496,235
2497,235
2498,235
2499,235
2500,235
2501,235
2502,235
2503,235
2504,235
2505,235
2506,235
2507,235
2508,234
2509,234
2510,234
2511,234
2512,234
2513,234
2514,234
2515,234
2516,233
2517,232
2518,232
2519,232
2520,232
2521,232
2522,232
2523,232
2524,232
2525,232
2526,232
2527,232
2528,232
2529,232
2530,232
2531,232
2532,232
2533,232
2534,232
2535,232
2536,232
2537,232
2538,232
2539,232
2540,232
2541,232
2542,232
2543,232
2544,232
2545,232
2546,231
2547,231
2548,231
2549,231
2550,231
2551,231
2552,231
2553,231
2554,231
2555,231
2556,231
2557,230
2558,230
2559,230
2560,230
2561,230
2562,230
2563,230
2564,230
2565,230
2566,230
2567,230
2568,230
2569,230
2570,230
2571,229
2572,229
2573,229
2574,229
2575,229
2576,229
2577,229
2578,229
2579,229
2580,229
2581,229
2582,229
2583,229
2584,229
2585,229
2586,229
2587,229
2588,229
2589,229
2590,229
2591,229
2592,229
2593,229
2594,229
2595,229
2596,229
2597,229
2598,229
2599,229
2600,229
2601,229
2602,229
2603,229
2604,229
2605,229
2606,229
2607,229
2608,229
2609,229
2610,229
2611,229
2612,229
2613,228
2614,228
2615,228
2616,228
2617,228
2618,227
2619,227
2620,227
2621,226
2622,226
2623,226
2624,226
2625,226
2626,226
2627,226
2628,226
2629,226
2630,226
2631,226
2632,226
2633,226
2634,226
2635,226
2636,226
2637,226
2638,226
2639,226
2640,226
2641,226
2642,226
2643,225
2644,225
2645,225
2646,225
2647,225
2648,225
2649,225
2650,225
2651,225
2652,225
2653,225
2654,224
2655,224
2656,224
2657,224
2658,224
2659,224
2660,224
2661,223
2662,222
2663,222
2664,222
2665,222
2666,221
2667,221
2668,221
2669,221
2670,221
2671,221
2672,221
2673,221
2674,221
2675,220
2676,220
2677,220
2678,220
2679,220
2680,219
2681,219
2682,219
2683,219
2684,217
2685,215
2686,214
2687,213
2688,212
2689,212
2690,212
2691,210
2692,209
2693,207
2694,205
2695,205
2696,204
2697,203
2698,202
2699,201
2700,200
2701,198
2702,197
2703,196
2704,194
2705,193
2706,192
2707,189
2708,188
2709,187
2710,184
2711,181
2712,180
2713,179
2714,178
2715,177
2716,176
2717,175
2718,175
2719,175
2720,175
2721,175
2722,175
2723,175
2724,175
2725,175
2726,175
2727,175
2728,175
2729,175
2730,175
2731,175
2732,175
2733,175
2734,175
2735,174
2736,174
2737,174
2738,174
2739,174
2740,174
2741,174
2742,174
2743,174
2744,174
2745,174
2746,174
2747,174
2748,174
2749,174
2750,174
2751,174
2752,174
2753,174
2754,174
2755,174
2756,174
2757,174
2758,174
2759,174
2760,174
2761,174
2762,174
2763,174
2764,174
2765,174
2766,174
2767,174
2768,174
2769,174
2770,174
2771,174
2772,174
2773,174
2774,174
2775,174
2776,174
2777,174
2778,174
2779,174
2780,174
2781,174
2782,174
2783,174
2784,174
2785,174
2786,174
2787,174
2788,174
2789,174
2790,174
2791,174
2792,174
2793,174
2794,174
2795,174
2796,174
2797,173
2798,173
2799,173
2800,173
2801,173
2802,173
2803,173
2804,173
2805,173
2806,173
2807,173
2808,173
2809,173
2810,173
2811,173
2812,173
2813,173
2814,173
2815,173
2816,173
2817,173
2818,173
2819,173
2820,173
2821,173
2822,173
2823,173
2824,173
2825,173
2826,173
2827,173
2828,173
2829,173
2830,173
2831,173
2832,173
2833,173
2834,173
2835,173
2836,173
2837,173
2838,173
2839,173
2840,173
2841,173
2842,173
2843,172
2844,172
2845,172
2846,172
2847,172
2848,172
2849,172
2850,172
2851,172
2852,172
2853,172
2854,172
2855,172
2856,172
2857,172
2858,172
2859,172
2860,172
2861,172
2862,172
2863,172
2864,172
2865,172
2866,172
2867,172
2868,172
2869,172
2870,172
2871,172
2872,172
2873,172
2874,172
2875,172
2876,172
2877,172
2878,172
2879,172
2880,172
2881,172
2882,172
2883,172
2884,172
2885,172
2886,172
2887,172
2888,172
2889,172
2890,172
2891,172
2892,172
2893,172
2894,172
2895,172
2896,172
2897,172
2898,172
2899,172
2900,172
2901,172
2902,172
2903,172
2904,172
2905,172
2906,172
2907,172
2908,172
2909,172
2910,172
2911,172
2912,172
2913,172
2914,172
2915,172
2916,172
2917,172
2918,172
2919,172
2920,172
2921,172
2922,172
2923,172
2924,172
2925,172
2926,172
2927,172
2928,172
2929,172
2930,172
2931,172
2932,172
2933,172
2934,172
2935,172
2936,172
2937,172
2938,172
2939,172
2940,172
2941,172
2942,172
2943,172
2944,172
2945,172
2946,172
2947,172
2948,172
2949,172
2950,172
2951,172
2952,172
2953,172
2954,172
2955,172
2956,172
2957,172
2958,172
2959,171
2960,171
2961,171
2962,171
2963,171
2964,171
2965,171
2966,171
2967,171
2968,171
2969,171
2970,171
2971,171
2972,171
2973,171
2974,171
2975,171
2976,171
2977,171
2978,171
2979,171
2980,171
2981,171
2982,171
2983,171
2984,171
2985,171
2986,171
2987,171
2988,171
2989,171
2990,171
2991,171
2992,171
2993,171
2994,171
2995,171
2996,171
2997,171
2998,171
2999,171
3000,171
3001,171
3002,171
3003,171
3004,171
3005,171
3006,171
3007,171
3008,171
3009,171
3010,171
3011,171
3012,171
3013,171
3014,171
3015,171
3016,171
3017,171
3018,170
3019,170
3020,170
3021,170
3022,170
3023,170
3024,170
3025,170
3026,170
3027,170
3028,170
3029,170
3030,170
3031,170
3032,170
3033,170
3034,170
3035,170
3036,170
3037,170
3038,170
3039,170
3040,170
3041,170
3042,170
3043,170
3044,170
3045,170
3046,170
3047,170
3048,170
3049,170
3050,170
3051,170
3052,170
3053,170
3054,170
3055,170
3056,170
3057,170
3058,170
3059,170
3060,170
3061,170
3062,170
3063,170
3064,170
3065,170
3066,170
3067,170
3068,170
3069,170
3070,170
3071,170
3072,170
3073,170
3074,170
3075,170
3076,170
3077,170
3078,170
3079,170
3080,170
3081,170
3082,170
3083,170
3084,170
3085,170
3086,170
3087,170
3088,170
3089,170
3090,170
3091,170
3092,170
3093,170
3094,170
3095,170
3096,170
3097,170
3098,170
3099,170
3100,170
3101,170
3102,170
3103,170
3104,170
3105,170
3106,170
3107,170
3108,170
3109,170
3110,170
3111,170
3112,170
3113,170
3114,170
3115,169
3116,169
3117,169
3118,169
3119,169
3120,169
3121,169
3122,169
3123,169
3124,169
3125,169
3126,168
3127,168
3128,168
3129,168
3130,168
3131,168
3132,168
3133,168
3134,167
3135,167
3136,167
3137,166
3138,165
3139,165
3140,165
3141,164
3142,163
3143,163
3144,163
3145,163
3146,162
3147,162
3148,162
3149,161
3150,160
3151,160
3152,160
3153,160
3154,160
3155,158
3156,157
3157,157
3158,157
3159,157
3160,154
3161,154
3162,153
3163,152
3164,150
3165,149
3166,149
3167,148
3168,148
3169,148
3170,147
3171,146
3172,142
3173,142
3174,141
3175,140
3176,139
3177,135
3178,133
3179,132
3180,131
3181,128
3182,127
3183,125
3184,124
3185,123
3186,121
3187,120
3188,118
3189,116
3190,115
3191,114
3192,113
3193,113
3194,113
3195,113
3196,113
3197,113
3198,113
3199,113
3200,113
3201,113
3202,113
3203,113
3204,113
3205,113
3206,113
3207,113
3208,113
3209,113
3210,113
3211,113
3212,113
3213,113
3214,113
3215,113
3216,113
3217,113
3218,113
3219,113
3220,113
3221,113
3222,113
3223,113
3224,113
3225,113
3226,113
3227,113
3228,113
3229,113
3230,113
3231,113
3232,113
3233,113
3234,113
3235,113
3236,113
3237,113
3238,113
3239,113
3240,113
3241,113
3242,113
3243,113
3244,113
3245,113
3246,113
3247,113
3248,113
3249,113
3250,113
3251,113
3252,113
3253,113
3254,113
3255,113
3256,113
3257,113
3258,113
3259,113
3260,113
3261,113
3262,113
3263,113
3264,113
3265,113
3266,113
3267,113
3268,113
3269,113
3270,113
3271,113
3272,113
3273,113
3274,113
3275,113
3276,113
3277,113
3278,113
3279,113
3280,113
3281,113
3282,113
3283,113
3284,113
3285,113
3286,113
3287,113
3288,113
3289,113
3290,113
3291,113
3292,113
3293,113
3294,113
3295,113
3296,113
3297,113
3298,113
3299,113
3300,113
3301,113
3302,113
3303,113
3304,113
3305,113
3306,113
3307,113
3308,113
3309,113
3310,113
3311,113
3312,113
3313,113
3314,113
3315,113
3316,113
3317,113
3318,113
3319,113
3320,113
3321,113
3322,113
3323,113
3324,113
3325,113
3326,113
3327,113
3328,113
3329,113
3330,113
3331,113
3332,113
3333,113
3334,113
3335,113
3336,113
3337,112
3338,112
3339,112
3340,112
3341,112
3342,112
3343,111
3344,111
3345,111
3346,111
3347,111
3348,111
3349,111
3350,111
3351,111
3352,111
3353,111
3354,111
3355,111
3356,111
3357,111
3358,111
3359,111
3360,111
3361,111
3362,111
3363,111
3364,111
3365,111
3366,111
3367,111
3368,111
3369,111
3370,111
3371,111
3372,111
3373,111
3374,111
3375,111
3376,111
3377,111
3378,111
3379,111
3380,111
3381,110
3382,110
3383,110
3384,110
3385,110
3386,110
3387,109
3388,109
3389,109
3390,109
3391,109
3392,109
3393,108
3394,108
3395,108
3396,108
3397,108
3398,108
3399,107
3400,107
3401,107
3402,107
3403,106
3404,106
3405,106
3406,106
3407,106
3408,106
3409,106
3410,106
3411,106
3412,106
3413,106
3414,106
3415,106
3416,106
3417,106
3418,105
3419,105
3420,105
3421,105
3422,105
3423,105
3424,105
3425,105
3426,105
3427,105
3428,105
3429,105
3430,105
3431,105
3432,105
3433,105
3434,105
3435,105
3436,105
3437,105
3438,105
3439,105
3440,105
3441,105
3442,105
3443,105
3444,105
3445,105
3446,105
3447,105
3448,105
3449,105
3450,105
3451,105
3452,105
3453,105
3454,105
3455,105
3456,105
3457,105
3458,105
3459,105
3460,105
3461,105
3462,105
3463,105
3464,105
3465,105
3466,105
3467,105
3468,105
3469,105
3470,105
3471,105
3472,105
3473,105
3474,105
3475,105
3476,105
3477,105
3478,105
3479,105
3480,105
3481,105
3482,105
3483,105
3484,105
3485,105
3486,105
3487,105
3488,105
3489,104
3490,104
3491,104
3492,104
3493,104
3494,104
3495,104
3496,104
3497,104
3498,104
3499,104
3500,104
3501,104
3502,104
3503,104
3504,104
3505,104
3506,104
3507,104
3508,104
3509,104
3510,104
3511,104
3512,103
3513,103
3514,103
3515,103
3516,103
3517,103
3518,103
3519,103
3520,103
3521,103
3522,103
3523,103
3524,103
3525,103
3526,103
3527,103
3528,103
3529,103
3530,103
3531,103
3532,102
3533,102
3534,102
3535,102
3536,102
3537,102
3538,102
3539,102
3540,102
3541,102
3542,102
3543,102
3544,102
3545,102
3546,102
3547,102
3548,102
3549,102
3550,102
3551,102
3552,102
3553,102
3554,102
3555,102
3556,102
3557,102
3558,102
3559,101
3560,101
3561,101
3562,101
3563,101
3564,101
3565,101
3566,101
3567,101
3568,101
3569,101
3570,101
3571,101
3572,101
3573,101
3574,101
3575,101
3576,101
3577,101
3578,101
3579,101
3580,101
3581,101
3582,101
3583,101
3584,101
3585,101
3586,101
3587,101
3588,101
3589,101
3590,101
3591,101
3592,101
3593,101
3594,101
3595,101
3596,100
3597,100
3598,100
3599,100
3600,100
3601,100
3602,100
3603,100
3604,100
3605,100
3606,100
3607,100
3608,100
3609,100
3610,100
3611,100
3612,100
3613,100
3614,100
3615,100
3616,100
3617,100
3618,100
3619,100
3620,100
3621,100
3622,100
3623,100
3624,100
3625,100
3626,100
3627,100
3628,100
3629,100
3630,100
3631,100
3632,100
3633,100
3634,100
3635,100
3636,100
3637,100
3638,100
3639,100
3640,100
3641,100
3642,100
3643,100
3644,100
3645,100
3646,100
3647,100
3648,100
3649,100
3650,100
3651,99
3652,99
3653,99
3654,99
3655,99
3656,99
3657,99
3658,99
3659,99
3660,99
3661,99
3662,99
3663,99
3664,99
3665,99
3666,99
3667,99
3668,99
3669,99
3670,99
3671,99
3672,99
3673,99
3674,99
3675,99
3676,99
3677,99
3678,99
3679,99
3680,99
3681,99
3682,99
3683,99
3684,99
3685,99
3686,99
3687,99
3688,99
3689,98
3690,98
3691,98
3692,98
3693,98
3694,98
3695,98
3696,98
3697,98
3698,97
3699,97
3700,97
3701,97
3702,97
3703,97
3704,97
3705,97
3706,97
3707,97
3708,97
3709,97
3710,97
3711,97
3712,97
3713,97
3714,97
3715,97
3716,97
3717,97
3718,97
3719,97
3720,97
3721,97
3722,97
3723,97
3724,97
3725,97
3726,97
3727,97
3728,97
3729,97
3730,97
3731,97
3732,97
3733,97
3734,97
3735,97
3736,97
3737,97
3738,97
3739,97
3740,97
3741,97
3742,97
3743,97
3744,97
3745,97
3746,97
3747,97
3748,97
3749,97
3750,97
3751,97
3752,97
3753,97
3754,97
3755,97
3756,97
3757,97
3758,97
3759,97
3760,97
3761,97
3762,97
3763,97
3764,97
3765,97
3766,97
3767,97
3768,97
3769,97
3770,97
3771,97
3772,97
3773,97
3774,97
3775,97
3776,97
3777,97
3778,97
3779,97
3780,97
3781,97
3782,97
3783,97
3784,97
3785,97
3786,97
3787,97
3788,97
3789,97
3790,97
3791,97
3792,97
3793,97
3794,96
3795,96
3796,96
3797,96
3798,96
3799,96
3800,96
3801,96
3802,96
3803,96
3804,96
3805,96
3806,96
3807,96
3808,96
3809,96
3810,96
3811,96
3812,96
3813,96
3814,96
3815,96
3816,96
3817,96
3818,96
3819,96
3820,96
3821,96
3822,96
3823,96
3824,96
3825,96
3826,96
3827,96
3828,96
3829,96
3830,96
3831,96
3832,95
3833,95
3834,95
3835,95
3836,95
3837,95
3838,95
3839,95
3840,95
3841,95
3842,95
3843,95
3844,95
3845,95
3846,95
3847,95
3848,95
3849,95
3850,95
3851,95
3852,95
3853,95
3854,95
3855,95
3856,95
3857,95
3858,95
3859,95
3860,95
3861,95
3862,95
3863,95
3864,95
3865,95
3866,95
3867,95
3868,95
3869,95
3870,95
3871,95
3872,95
3873,95
3874,95
3875,95
3876,95
3877,95
3878,95
3879,95
3880,95
3881,95
3882,95
3883,95
3884,95
3885,95
3886,95
3887,95
3888,95
3889,95
3890,95
3891,95
3892,95
3893,95
3894,95
3895,95
3896,95
3897,95
3898,95
3899,95
3900,95
3901,95
3902,95
3903,95
3904,95
3905,95
3906,95
3907,95
3908,95
3909,95
3910,95
3911,95
3912,95
3913,95
3914,95
3915,95
3916,95
3917,95
3918,95
3919,95
3920,95
3921,95
3922,95
3923,95
3924,95
3925,95
3926,95
3927,95
3928,94
3929,94
3930,94
3931,94
3932,94
3933,94
3934,94
3935,94
3936,94
3937,94
3938,94
3939,94
3940,94
3941,94
3942,94
3943,94
3944,94
3945,94
3946,94
3947,94
3948,94
3949,94
3950,94
3951,94
3952,94
3953,94
3954,94
3955,94
3956,94
3957,94
3958,94
3959,94
3960,94
3961,94
3962,94
3963,94
3964,94
3965,94
3966,94
3967,94
3968,94
3969,94
3970,94
3971,94
3972,94
3973,94
3974,94
3975,94
3976,94
3977,94
3978,94
3979,94
3980,94
3981,94
3982,94
3983,94
3984,94
3985,94
3986,94
3987,94
3988,94
3989,94
3990,94
3991,94
3992,94
3993,94
3994,94
3995,94
3996,94
3997,94
3998,94
3999,94
4000,94
4001,94
4002,94
4003,94
4004,94
4005,93
4006,93
4007,93
4008,93
4009,93
4010,93
4011,93
4012,93
4013,93
4014,93
4015,93
4016,93
4017,93
4018,93
4019,93
4020,93
4021,93
4022,93
4023,93
4024,93
4025,93
4026,93
4027,93
4028,93
4029,93
4030,93
4031,93
4032,93
4033,93
4034,93
4035,93
4036,93
4037,93
4038,93
4039,93
4040,93
4041,93
4042,93
4043,93
4044,93
4045,93
4046,93
4047,93
4048,93
4049,93
4050,93
4051,93
4052,93
4053,93
4054,93
4055,93
4056,93
4057,93
4058,93
4059,93
4060,93
4061,93
4062,93
4063,93
4064,93
4065,93
4066,93
4067,93
4068,93
4069,93
4070,93
4071,93
4072,93
4073,93
4074,93
4075,93
4076,93
4077,93
4078,93
4079,93
4080,93
4081,93
4082,93
4083,93
4084,93
4085,93
4086,93
4087,93
4088,93
4089,93
4090,93
4091,93
4092,93
4093,93
4094,93
4095,93
4096,93
4097,93
4098,93
4099,93
4100,93
4101,93
4102,93
4103,93
4104,93
4105,93
4106,93
4107,93
4108,93
4109,93
4110,93
4111,93
4112,93
4113,93
4114,93
4115,93
4116,93
4117,93
4118,93
4119,93
4120,93
4121,93
4122,93
4123,93
4124,93
4125,93
4126,93
4127,93
4128,93
4129,93
4130,93
4131,93
4132,93
4133,93
4134,93
4135,93
4136,93
4137,93
4138,93
4139,93
4140,93
4141,93
4142,93
4143,93
4144,93
4145,93
4146,93
4147,93
4148,93
4149,93
4150,93
4151,93
4152,93
4153,93
4154,93
4155,93
4156,93
4157,93
4158,93
4159,93
4160,93
4161,93
4162,93
4163,93
4164,93
4165,93
4166,93
4167,93
4168,93
4169,93
4170,93
4171,93
4172,93
4173,93
4174,93
4175,92
4176,92
4177,92
4178,92
4179,92
4180,92
4181,92
4182,92
4183,92
4184,92
4185,92
4186,92
4187,92
4188,92
4189,92
4190,92
4191,92
4192,92
4193,92
4194,92
4195,92
4196,92
4197,92
4198,92
4199,92
4200,92
4201,92
4202,92
4203,92
4204,92
4205,92
4206,92
4207,92
4208,92
4209,92
4210,92
4211,92
4212,92
4213,92
4214,92
4215,92
4216,92
4217,92
4218,92
4219,92
4220,92
4221,92
4222,92
4223,92
4224,92
4225,92
4226,92
4227,92
4228,92
4229,92
4230,92
4231,92
4232,92
4233,92
4234,92
4235,92
4236,92
4237,92
4238,92
4239,92
4240,92
4241,92
4242,92
4243,92
4244,92
4245,92
4246,92
4247,92
4248,92
4249,92
4250,92
4251,92
4252,92
4253,92
4254,92
4255,92
4256,92
4257,92
4258,92
4259,92
4260,92
4261,92
4262,92
4263,92
4264,92
4265,92
4266,92
4267,92
4268,92
4269,92
4270,92
4271,92
4272,92
4273,92
4274,92
4275,92
4276,92
4277,92
4278,92
4279,92
4280,92
4281,92
4282,92
4283,92
4284,92
4285,92
4286,92
4287,92
4288,92
4289,92
4290,92
4291,92
4292,92
4293,92
4294,92
4295,92
4296,92
4297,92
4298,92
4299,92
4300,92
4301,92
4302,92
4303,92
4304,92
4305,92
4306,92
4307,92
4308,92
4309,92
4310,92
4311,92
4312,92
4313,92
4314,92
4315,92
4316,92
4317,92
4318,92
4319,92
4320,92
4321,92
4322,92
4323,92
4324,92
4325,92
4326,92
4327,92
4328,92
4329,92
4330,92
4331,92
4332,92
4333,92
4334,92
4335,92
4336,92
4337,92
4338,92
4339,92
4340,92
4341,92
4342,92
4343,92
4344,92
4345,92
4346,92
4347,92
4348,92
4349,92
4350,92
4351,92
4352,92
4353,92
4354,92
4355,92
4356,92
4357,92
4358,92
4359,92
4360,92
4361,92
4362,92
4363,92
4364,92
4365,92
4366,92
4367,92
4368,92
4369,92
4370,92
4371,92
4372,92
4373,92
4374,92
4375,92
4376,92
4377,92
4378,92
4379,92
4380,92
4381,92
4382,92
4383,92
4384,92
4385,92
4386,92
4387,92
4388,92
4389,92
4390,92
4391,92
4392,92
4393,92
4394,92
4395,92
4396,92
4397,92
4398,92
4399,92
4400,92
4401,92
4402,92
4403,92
4404,92
4405,92
4406,92
4407,92
4408,92
4409,92
4410,92
4411,92
4412,92
4413,92
4414,92
4415,92
4416,92
4417,92
4418,92
4419,92
4420,92
4421,92
4422,92
4423,92
4424,92
4425,92
4426,92
4427,92
4428,92
4429,92
4430,92
4431,92
4432,92
4433,92
4434,92
4435,92
4436,92
4437,92
4438,92
4439,92
4440,92
4441,92
4442,92
4443,92
4444,92
4445,92
4446,92
4447,92
4448,92
4449,92
4450,92
4451,92
4452,92
4453,92
4454,92
4455,92
4456,92
4457,92
4458,92
4459,92
4460,92
4461,92
4462,92
4463,92
4464,92
4465,92
4466,92
4467,92
4468,92
4469,92
4470,92
4471,92
4472,92
4473,92
4474,92
4475,92
4476,92
4477,92
4478,92
4479,92
4480,92
4481,92
4482,92
4483,92
4484,92
4485,92
4486,92
4487,92
4488,92
4489,92
4490,92
4491,92
4492,92
4493,92
4494,92
4495,92
4496,92
4497,92
4498,92
4499,92
4500,92
4501,92
4502,92
4503,92
4504,92
4505,92
4506,92
4507,92
4508,92
4509,92
4510,92
4511,92
4512,92
4513,92
4514,92
4515,92
4516,92
4517,92
4518,92
4519,92
4520,92
4521,92
4522,92
4523,92
4524,92
4525,92
4526,92
4527,92
4528,92
4529,92
4530,92
4531,92
4532,92
4533,92
4534,92
4535,92
4536,92
4537,92
4538,92
4539,92
4540,92
4541,92
4542,92
4543,92
4544,92
4545,92
4546,92
4547,92
4548,92
4549,92
4550,92
4551,92
4552,92
4553,92
4554,92
4555,92
4556,92
4557,92
4558,92
4559,92
4560,92
4561,92
4562,92
4563,92
4564,92
4565,92
4566,92
4567,92
4568,92
4569,92
4570,92
4571,92
4572,92
4573,92
4574,92
4575,92
4576,92
4577,92
4578,92
4579,92
4580,92
4581,92
4582,92
4583,92
4584,92
4585,92
4586,92
4587,92
4588,92
4589,92
4590,92
4591,92
4592,92
4593,92
4594,92
4595,92
4596,92
4597,92
4598,92
4599,92
4600,92
4601,92
4602,92
4603,92
4604,92
4605,92
4606,92
4607,92
4608,92
4609,92
4610,92
4611,92
4612,92
4613,92
4614,92
4615,92
4616,92
4617,92
4618,92
4619,92
4620,92
4621,92
4622,92
4623,92
4624,92
4625,92
4626,92
4627,92
4628,92
4629,92
4630,92
4631,92
4632,92
4633,92
4634,92
4635,92
4636,92
4637,92
4638,92
4639,92
4640,92
4641,92
4642,92
4643,92
4644,92
4645,92
4646,92
4647,92
4648,92
4649,92
4650,92
4651,92
4652,92
4653,92
4654,92
4655,92
4656,92
4657,92
4658,92
4659,92
4660,92
4661,92
4662,92
4663,92
4664,92
4665,92
4666,92
4667,92
4668,92
4669,92
4670,92
4671,92
4672,92
4673,92
4674,92
4675,92
4676,92
4677,92
4678,92
4679,92
4680,92
4681,92
4682,92
4683,92
4684,92
4685,92
4686,92
4687,92
4688,92
4689,92
4690,92
4691,92
4692,92
4693,92
4694,92
4695,92
4696,92
4697,92
4698,92
4699,92
4700,92
4701,92
4702,92
4703,92
4704,92
4705,92
4706,92
4707,92
4708,92
4709,92
4710,92
4711,92
4712,92
4713,92
4714,92
4715,92
4716,92
4717,92
4718,92
4719,92
4720,92
4721,92
4722,92
4723,92
4724,92
4725,92
4726,92
4727,92
4728,92
4729,92
4730,92
4731,92
4732,92
4733,92
4734,92
4735,92
4736,92
4737,92
4738,92
4739,92
4740,92
4741,92
4742,92
4743,92
4744,92
4745,92
4746,92
4747,92
4748,92
4749,92
4750,92
4751,92
4752,92
4753,92
4754,92
4755,92
4756,92
4757,92
4758,92
4759,92
4760,92
4761,92
4762,92
4763,92
4764,92
4765,92
4766,92
4767,92
4768,92
4769,92
4770,92
4771,92
4772,92
4773,92
4774,92
4775,92
4776,92
4777,92
4778,92
4779,92
4780,92
4781,92
4782,92
4783,92
4784,92
4785,92
4786,92
4787,92
4788,92
4789,92
4790,92
4791,92
4792,92
4793,92
4794,92
4795,92
4796,92
4797,92
4798,92
4799,92
4800,92
4801,92
4802,92
4803,92
4804,92
4805,92
4806,92
4807,92
4808,92
4809,92
4810,92
4811,92
4812,92
4813,92
4814,92
4815,92
4816,92
4817,92
4818,92
4819,92
4820,92
4821,92
4822,92
4823,92
4824,92
4825,92
4826,92
4827,92
4828,92
4829,92
4830,92
4831,92
4832,92
4833,92
4834,92
4835,92
4836,92
4837,92
4838,92
4839,92
4840,92
4841,92
4842,92
4843,92
4844,92
4845,92
4846,92
4847,92
4848,92
4849,92
4850,92
4851,92
4852,92
4853,92
4854,92
4855,92
4856,92
4857,92
4858,92
4859,92
4860,92
4861,92
4862,92
4863,92
4864,92
4865,92
4866,92
4867,92
4868,92
4869,92
4870,92
4871,92
4872,92
4873,92
4874,92
4875,92
4876,92
4877,92
4878,92
4879,92
4880,92
4881,92
4882,92
4883,92
4884,92
4885,92
4886,92
4887,92
4888,92
4889,92
4890,92
4891,92
4892,92
4893,92
4894,92
4895,92
4896,92
4897,92
4898,92
4899,92
4900,92
4901,92
4902,92
4903,92
4904,92
4905,92
4906,92
4907,92
4908,92
4909,92
4910,92
4911,92
4912,92
4913,92
4914,92
4915,92
4916,92
4917,92
4918,92
4919,92
4920,92
4921,92
4922,92
4923,92
4924,92
4925,92
4926,92
4927,92
4928,92
4929,92
4930,92
4931,92
4932,92
4933,92
4934,92
4935,92
4936,92
4937,92
4938,92
4939,92
4940,92
4941,92
4942,92
4943,92
4944,92
4945,92
4946,92
4947,92
4948,92
4949,92
4950,92
4951,92
4952,92
4953,92
4954,92
4955,92
4956,92
4957,92
4958,92
4959,92
4960,92
4961,92
4962,92
4963,92
4964,92
4965,92
4966,92
4967,92
4968,92
4969,92
4970,92
4971,92
4972,92
4973,92
4974,92
4975,92
4976,92
4977,92
4978,92
4979,92
4980,92
4981,92
4982,92
4983,92
4984,92
4985,92
4986,92
4987,92
4988,92
4989,92
4990,92
4991,92
4992,92
4993,92
4994,92
4995,92
4996,92
4997,92
4998,92
4999,92
5000,92
5001,92
5002,92
5003,92
5004,92
5005,92
5006,92
5007,92
5008,92
5009,92
5010,92
5011,92
5012,92
5013,92
5014,92
5015,92
5016,92
5017,92
5018,92
5019,92
5020,92
5021,92
5022,92
5023,92
5024,92
5025,92
5026,92
5027,92
5028,92
5029,92
5030,92
5031,92
5032,92
5033,92
5034,92
5035,92
5036,92
5037,92
5038,92
5039,92
5040,92
5041,92
5042,92
5043,92
5044,92
5045,92
5046,92
5047,92
5048,92
5049,92
5050,92
5051,92
5052,92
5053,92
5054,92
5055,92
5056,92
5057,92
5058,92
5059,92
5060,92
5061,92
5062,92
5063,92
5064,92
5065,92
5066,92
5067,92
5068,92
5069,92
5070,92
5071,92
5072,92
5073,92
5074,92
5075,92
5076,92
5077,92
5078,92
5079,92
5080,92
5081,92
5082,92
5083,92
5084,92
5085,92
5086,92
5087,92
5088,92
5089,92
5090,92
5091,92
5092,92
5093,92
5094,92
5095,92
5096,92
5097,92
5098,92
5099,92
5100,92
5101,92
5102,92
5103,92
5104,92
5105,92
5106,92
5107,92
5108,92
5109,92
5110,92
5111,92
5112,92
5113,92
5114,92
5115,92
5116,92
5117,92
5118,92
5119,92
5120,92
5121,92
5122,92
5123,92
5124,92
5125,92
5126,92
5127,92
5128,92
5129,92
5130,92
5131,92
5132,92
5133,92
5134,92
5135,92
5136,92
5137,92
5138,92
5139,92
5140,92
5141,92
5142,92
5143,92
5144,92
5145,92
5146,92
5147,92
5148,92
5149,92
5150,92
5151,92
5152,92
5153,92
5154,92
5155,92
5156,92
5157,92
5158,92
5159,92
5160,92
5161,92
5162,92
5163,92
5164,92
5165,92
5166,92
5167,92
5168,92
5169,92
5170,92
5171,92
5172,92
5173,92
5174,92
5175,92
5176,92
5177,92
5178,92
5179,92
5180,92
5181,92
5182,92
5183,92
5184,92
5185,92
5186,92
5187,92
5188,92
5189,92
5190,92
5191,92
5192,92
5193,92
5194,92
5195,92
5196,92
5197,92
5198,92
5199,92
5200,92
5201,92
5202,92
5203,92
5204,92
5205,92
5206,92
5207,92
5208,92
5209,92
5210,92
5211,92
5212,92
5213,92
5214,92
5215,92
5216,92
5217,92
5218,92
5219,92
5220,92
5221,92
5222,92
5223,92
5224,92
5225,92
5226,92
5227,92
5228,92
5229,92
5230,92
5231,92
5232,92
5233,92
5234,92
5235,92
5236,92
5237,92
5238,92
5239,92
5240,92
5241,92
5242,92
5243,92
5244,92
5245,92
5246,92
5247,92
5248,92
5249,92
5250,92
5251,92
5252,92
5253,92
5254,92
5255,92
5256,92
5257,92
5258,92
5259,92
5260,92
5261,92
5262,92
5263,92
5264,92
5265,92
5266,92
5267,92
5268,92
5269,92
5270,92
5271,92
5272,92
5273,92
5274,92
5275,92
5276,92
5277,92
5278,92
5279,92
5280,92
5281,92
5282,92
5283,92
5284,92
5285,92
5286,92
5287,92
5288,92
5289,92
5290,92
5291,92
5292,92
5293,92
5294,92
5295,92
5296,92
5297,92
5298,92
5299,92
5300,92
5301,92
5302,92
5303,92
5304,92
5305,92
5306,92
5307,92
5308,92
5309,92
5310,92
5311,92
5312,92
5313,92
5314,92
5315,92
5316,92
5317,92
5318,92
5319,92
5320,92
5321,92
5322,92
5323,92
5324,92
5325,92
5326,92
5327,92
5328,92
5329,92
5330,92
5331,92
5332,92
5333,92
5334,92
5335,92
5336,92
5337,92
5338,92
5339,92
5340,92
5341,92
5342,92
5343,92
5344,92
5345,92
5346,92
5347,92
5348,92
5349,92
5350,92
5351,92
5352,92
5353,92
5354,92
5355,92
5356,92
5357,92
5358,92
5359,92
5360,92
5361,92
5362,92
5363,92
5364,92
5365,92
5366,92
5367,92
5368,92
5369,92
5370,92
5371,92
5372,92
5373,92
5374,92
5375,92
5376,92
5377,92
5378,92
5379,92
5380,92
5381,92
5382,92
5383,92
5384,92
5385,92
5386,92
5387,92
5388,92
5389,92
5390,92
5391,92
5392,92
5393,92
5394,92
5395,92
5396,92
5397,92
5398,92
5399,92
5400,92
5401,92
5402,92
5403,92
5404,92
5405,92
5406,92
5407,92
5408,92
5409,92
5410,92
5411,92
5412,92
5413,92
5414,92
5415,92
5416,92
5417,92
5418,92
5419,92
5420,92
5421,92
5422,92
5423,92
5424,92
5425,92
5426,92
5427,92
5428,92
5429,92
5430,92
5431,92
5432,92
5433,92
5434,92
5435,92
5436,92
5437,92
5438,92
5439,92
5440,92
5441,92
5442,92
5443,92
5444,92
5445,92
5446,92
5447,92
5448,92
5449,92
5450,92
5451,92
5452,92
5453,92
5454,92
5455,92
5456,92
5457,92
5458,92
5459,92
5460,92
5461,92
5462,92
5463,92
5464,92
5465,92
5466,92
5467,92
5468,92
5469,92
5470,92
5471,92
5472,92
5473,92
5474,92
5475,92
5476,92
5477,92
5478,92
5479,92
5480,92
5481,92
5482,92
5483,92
5484,92
5485,92
5486,92
5487,92
5488,92
5489,92
5490,92
5491,92
5492,92
5493,92
5494,92
5495,92
5496,92
5497,92
5498,92
5499,92
5500,92
5501,92
5502,92
5503,92
5504,92
5505,92
5506,92
5507,92
5508,92
5509,92
5510,92
5511,92
5512,92
5513,92
5514,92
5515,92
5516,92
5517,92
5518,92
5519,92
5520,92
5521,92
5522,92
5523,92
5524,92
5525,92
5526,92
5527,92
5528,92
5529,92
5530,92
5531,92
5532,92
5533,92
5534,92
5535,92
5536,92
5537,92
5538,92
5539,92
5540,92
5541,92
5542,92
5543,92
5544,92
5545,92
5546,92
5547,92
5548,92
5549,92
5550,92
5551,92
5552,92
5553,92
5554,92
5555,92
5556,92
5557,92
5558,92
5559,92
5560,92
5561,92
5562,92
5563,92
5564,92
5565,92
5566,92
5567,92
5568,92
5569,92
5570,92
5571,92
5572,92
5573,92
5574,92
5575,92
5576,92
5577,92
5578,92
5579,92
5580,92
5581,92
5582,92
5583,92
5584,92
5585,92
5586,92
5587,92
5588,92
5589,92
5590,92
5591,92
5592,92
5593,92
5594,92
5595,92
5596,92
5597,92
5598,92
5599,92
5600,92
5601,92
5602,92
5603,92
5604,92
5605,92
5606,92
5607,92
5608,92
5609,92
5610,92
5611,92
5612,92
5613,92
5614,92
5615,92
5616,92
5617,92
5618,92
5619,92
5620,92
5621,92
5622,92
5623,92
5624,92
5625,92
5626,92
5627,92
5628,92
5629,92
5630,92
5631,92
5632,92
5633,92
5634,92
5635,92
5636,92
5637,92
5638,92
5639,92
5640,92
5641,92
5642,92
5643,92
5644,92
5645,92
5646,92
5647,92
5648,92
5649,92
5650,92
5651,92
5652,92
5653,92
5654,92
5655,92
5656,92
5657,92
5658,92
5659,92
5660,92
5661,92
5662,92
5663,92
5664,92
5665,92
5666,92
5667,92
5668,92
5669,92
5670,92
5671,92
5672,92
5673,92
5674,92
5675,92
5676,92
5677,92
5678,92
5679,92
5680,92
5681,92
5682,92
5683,92
5684,92
5685,92
5686,92
5687,92
5688,92
5689,92
5690,92
5691,92
5692,92
5693,92
5694,92
5695,92
5696,92
5697,92
5698,92
5699,92
5700,92
5701,92
5702,92
5703,92
5704,92
5705,92
5706,92
5707,92
5708,92
5709,92
5710,92
5711,92
5712,92
5713,92
5714,92
5715,92
5716,92
5717,92
5718,92
5719,92
5720,92
5721,92
5722,92
5723,92
5724,92
5725,92
5726,92
5727,92
5728,92
5729,92
5730,92
5731,92
5732,92
5733,92
5734,92
5735,92
5736,92
5737,92
5738,92
5739,92
5740,92
5741,92
5742,92
5743,92
5744,92
5745,92
5746,92
5747,92
5748,92
5749,92
5750,92
5751,92
5752,92
5753,92
5754,92
5755,92
5756,92
5757,92
5758,92
5759,92
5760,92
5761,92
5762,92
5763,92
5764,92
5765,92
5766,92
5767,92
5768,92
5769,92
5770,92
5771,92
5772,92
5773,92
5774,92
5775,92
5776,92
5777,92
5778,92
5779,92
5780,92
5781,92
5782,92
5783,92
5784,92
5785,92
5786,92
5787,92
5788,92
5789,92
5790,92
5791,92
5792,92
5793,92
5794,92
5795,92
5796,92
5797,92
5798,92
5799,92
5800,92
5801,92
5802,92
5803,92
5804,92
5805,92
5806,92
5807,92
5808,92
5809,92
5810,92
5811,92
5812,92
5813,92
5814,92
5815,92
5816,92
5817,92
5818,92
5819,92
5820,92
5821,92
5822,92
5823,92
5824,92
5825,92
5826,92
5827,92
5828,92
5829,92
5830,92
5831,92
5832,92
5833,92
5834,92
5835,92
5836,92
5837,92
5838,92
5839,92
5840,92
5841,92
5842,92
5843,92
5844,92
5845,92
5846,92
5847,92
5848,92
5849,92
5850,92
5851,92
5852,92
5853,92
5854,92
5855,92
5856,92
5857,92
5858,92
5859,92
5860,92
5861,92
5862,92
5863,92
5864,92
5865,92
5866,92
5867,92
5868,92
5869,92
5870,92
5871,92
5872,92
5873,92
5874,92
5875,92
5876,92
5877,92
5878,92
5879,92
5880,92
5881,92
5882,92
5883,92
5884,92
5885,92
5886,92
5887,92
5888,92
5889,92
5890,92
5891,92
5892,92
5893,92
5894,92
5895,92
5896,92
5897,92
5898,92
5899,92
5900,92
5901,92
5902,92
5903,92
5904,92
5905,92
5906,92
5907,92
5908,92
5909,92
5910,92
5911,92
5912,92
5913,92
5914,92
5915,92
5916,92
5917,92
5918,92
5919,92
5920,92
5921,92
5922,92
5923,92
5924,92
5925,92
5926,92
5927,92
5928,92
5929,92
5930,92
5931,92
5932,91
5933,91
5934,91
5935,91
5936,91
5937,91
5938,91
5939,91
5940,91
5941,91
5942,91
5943,91
5944,91
5945,91
5946,91
5947,91
5948,91
5949,91
5950,91
5951,91
5952,91
5953,91
5954,91
5955,91
5956,91
5957,91
5958,91
5959,91
5960,91
5961,91
5962,91
5963,91
5964,91
5965,91
5966,91
5967,91
5968,91
5969,91
5970,91
5971,91
5972,91
5973,91
5974,91
5975,91
5976,91
5977,91
5978,91
5979,91
5980,91
5981,91
5982,91
5983,91
5984,91
5985,91
5986,91
5987,91
5988,91
5989,91
5990,91
5991,91
5992,91
5993,91
5994,91
5995,91
5996,91
5997,91
5998,91
5999,91
6000,91
6001,91
6002,91
6003,91
6004,91
6005,91
6006,91
6007,91
6008,91
6009,91
6010,91
6011,91
6012,91
6013,91
6014,91
6015,91
6016,91
6017,91
6018,91
6019,91
6020,91
6021,91
6022,91
6023,91
6024,91
6025,91
6026,91
6027,91
6028,91
6029,91
6030,91
6031,91
6032,91
6033,91
6034,91
6035,91
6036,91
6037,91
6038,91
6039,91
6040,91
6041,91
6042,91
6043,91
6044,91
6045,91
6046,91
6047,91
6048,91
6049,91
6050,91
6051,91
6052,91
6053,91
6054,91
6055,91
6056,91
6057,91
6058,91
6059,91
6060,91
6061,91
6062,91
6063,91
6064,91
6065,91
6066,91
6067,91
6068,91
6069,91
6070,91
6071,91
6072,91
6073,91
6074,91
6075,91
6076,91
6077,91
6078,91
6079,91
6080,91
6081,91
6082,91
6083,91
6084,91
6085,91
6086,91
6087,91
6088,91
6089,91
6090,91
6091,91
6092,91
6093,91
6094,91
6095,91
6096,91
6097,91
6098,91
6099,91
6100,91
6101,91
6102,91
6103,91
6104,91
6105,91
6106,91
6107,91
6108,91
6109,91
6110,91
6111,91
6112,91
6113,91
6114,91
6115,91
6116,91
6117,91
6118,91
6119,91
6120,91
6121,91
6122,91
6123,91
6124,91
6125,91
6126,91
6127,91
6128,91
6129,91
6130,91
6131,91
6132,91
6133,91
6134,91
6135,91
6136,91
6137,91
6138,91
6139,91
6140,91
6141,91
6142,91
6143,91
6144,91
6145,91
6146,91
6147,91
6148,91
6149,91
6150,91
6151,91
6152,91
6153,91
6154,91
6155,91
6156,91
6157,91
6158,91
6159,91
6160,91
6161,91
6162,91
6163,91
6164,91
6165,91
6166,91
6167,91
6168,91
6169,91
6170,91
6171,91
6172,91
6173,91
6174,91
6175,91
6176,91
6177,91
6178,91
6179,91
6180,91
6181,91
6182,91
6183,91
6184,91
6185,91
6186,91
6187,91
6188,91
6189,91
6190,91
6191,91
6192,91
6193,91
6194,91
6195,91
6196,91
6197,91
6198,91
6199,91
6200,91
6201,91
6202,91
6203,91
6204,91
6205,91
6206,91
6207,91
6208,91
6209,91
6210,91
6211,91
6212,91
6213,91
6214,91
6215,91
6216,91
6217,91
6218,91
6219,91
6220,91
6221,91
6222,91
6223,91
6224,91
6225,91
6226,91
6227,91
6228,91
6229,91
6230,91
6231,91
6232,91
6233,91
6234,91
6235,91
6236,91
6237,91
6238,91
6239,91
6240,91
6241,91
6242,91
6243,91
6244,91
6245,91
6246,91
6247,91
6248,91
6249,91
6250,91
6251,91
6252,91
6253,91
6254,91
6255,91
6256,91
6257,91
6258,91
6259,91
6260,91
6261,91
6262,91
6263,91
6264,91
6265,91
6266,91
6267,91
6268,91
6269,91
6270,91
6271,91
6272,91
6273,91
6274,91
6275,91
6276,91
6277,91
6278,91
6279,91
6280,91
6281,91
6282,91
6283,91
6284,91
6285,91
6286,91
6287,91
6288,91
6289,91
6290,91
6291,91
6292,91
6293,91
6294,91
6295,91
6296,91
6297,91
6298,91
6299,91
6300,91
6301,91
6302,91
6303,91
6304,91
6305,91
6306,91
6307,91
6308,91
6309,91
6310,91
6311,91
6312,91
6313,91
6314,91
6315,91
6316,91
6317,91
6318,91
6319,91
6320,91
6321,91
6322,91
6323,91
6324,91
6325,91
6326,91
6327,91
6328,91
6329,91
6330,91
6331,91
6332,91
6333,91
6334,91
6335,91
6336,91
6337,91
6338,91
6339,91
6340,91
6341,91
6342,91
6343,91
6344,91
6345,91
6346,91
6347,91
6348,91
6349,91
6350,91
6351,91
6352,91
6353,91
6354,91
6355,91
6356,91
6357,91
6358,91
6359,91
6360,91
6361,91
6362,91
6363,91
6364,91
6365,91
6366,91
6367,91
6368,91
6369,91
6370,91
6371,91
6372,91
6373,91
6374,91
6375,91
6376,91
6377,91
6378,91
6379,91
6380,91
6381,91
6382,91
6383,91
6384,91
6385,91
6386,91
6387,91
6388,91
6389,91
6390,91
6391,91
6392,91
6393,91
6394,91
6395,91
6396,91
6397,91
6398,91
6399,91
6400,91
6401,91
6402,91
6403,91
6404,91
6405,91
6406,91
6407,91
6408,91
6409,91
6410,91
6411,91
6412,91
6413,91
6414,91
6415,91
6416,91
6417,91
6418,91
6419,91
6420,91
6421,91
6422,91
6423,91
6424,91
6425,91
6426,91
6427,91
6428,91
6429,91
6430,91
6431,91
6432,91
6433,91
6434,91
6435,91
6436,91
6437,91
6438,91
6439,91
6440,91
6441,91
6442,91
6443,91
6444,91
6445,91
6446,91
6447,91
6448,91
6449,91
6450,91
6451,91
6452,91
6453,91
6454,91
6455,91
6456,91
6457,91
6458,91
6459,91
6460,91
6461,91
6462,91
6463,91
6464,91
6465,91
6466,91
6467,91
6468,91
6469,91
6470,91
6471,91
6472,91
6473,91
6474,91
6475,91
6476,91
6477,91
6478,91
6479,91
6480,91
6481,91
6482,91
6483,91
6484,91
6485,91
6486,91
6487,91
6488,91
6489,91
6490,91
6491,91
6492,91
6493,91
6494,91
6495,91
6496,91
6497,91
6498,91
6499,91
6500,91
6501,91
6502,91
6503,91
6504,91
6505,91
6506,91
6507,91
6508,91
6509,91
6510,91
6511,91
6512,91
6513,91
6514,91
6515,91
6516,91
6517,91
6518,91
6519,91
6520,91
6521,91
6522,91
6523,91
6524,91
6525,91
6526,91
6527,91
6528,91
6529,91
6530,91
6531,91
6532,91
6533,91
6534,91
6535,91
6536,91
6537,91
6538,91
6539,91
6540,91
6541,91
6542,91
6543,91
6544,91
6545,91
6546,91
6547,91
6548,91
6549,91
6550,91
6551,91
6552,91
6553,91
6554,91
6555,91
6556,91
6557,91
6558,91
6559,91
6560,91
6561,91
6562,91
6563,91
6564,91
6565,91
6566,91
6567,91
6568,91
6569,91
6570,91
6571,91
6572,91
6573,91
6574,91
6575,91
6576,91
6577,91
6578,91
6579,91
6580,91
6581,91
6582,91
6583,91
6584,91
6585,91
6586,91
6587,91
6588,91
6589,91
6590,91
6591,91
6592,91
6593,91
6594,91
6595,91
6596,91
6597,91
6598,91
6599,91
6600,91
6601,91
6602,91
6603,91
6604,91
6605,91
6606,91
6607,91
6608,91
6609,91
6610,91
6611,91
6612,91
6613,91
6614,91
6615,91
6616,91
6617,91
6618,91
6619,91
6620,91
6621,91
6622,91
6623,91
6624,91
6625,91
6626,91
6627,91
6628,91
6629,91
6630,91
6631,91
6632,91
6633,91
6634,91
6635,91
6636,91
6637,91
6638,91
6639,91
6640,91
6641,91
6642,91
6643,91
6644,91
6645,91
6646,91
6647,91
6648,91
6649,91
6650,91
6651,91
6652,91
6653,91
6654,91
6655,91
6656,91
6657,91
6658,91
6659,91
6660,91
6661,91
6662,91
6663,91
6664,91
6665,91
6666,91
6667,91
6668,91
6669,91
6670,91
6671,91
6672,91
6673,91
6674,91
6675,91
6676,91
6677,91
6678,91
6679,91
6680,91
6681,91
6682,91
6683,91
6684,91
6685,91
6686,91
6687,91
6688,91
6689,91
6690,91
6691,91
6692,91
6693,91
6694,91
6695,91
6696,91
6697,91
6698,91
6699,91
6700,91
6701,91
6702,91
6703,91
6704,91
6705,91
6706,91
6707,91
6708,91
6709,91
6710,91
6711,91
6712,91
6713,91
6714,91
6715,91
6716,91
6717,91
6718,91
6719,91
6720,91
6721,91
6722,90
6723,90
6724,90
6725,90
6726,90
6727,90
6728,90
6729,90
6730,90
6731,90
6732,90
6733,90
6734,90
6735,90
6736,90
6737,90
6738,90
6739,90
6740,90
6741,90
6742,90
6743,90
6744,90
6745,90
6746,90
6747,90
6748,90
6749,90
6750,90
6751,90
6752,90
6753,90
6754,90
6755,90
6756,90
6757,90
6758,90
6759,90
6760,90
6761,90
6762,90
6763,90
6764,90
6765,90
6766,90
6767,90
6768,90
6769,90
6770,90
6771,90
6772,90
6773,90
6774,90
6775,90
6776,90
6777,90
6778,90
6779,90
6780,90
6781,90
6782,90
6783,90
6784,90
6785,90
6786,90
6787,90
6788,90
6789,90
6790,90
6791,90
6792,90
6793,90
6794,90
6795,90
6796,90
6797,90
6798,90
6799,90
6800,90
6801,90
6802,90
6803,90
6804,90
6805,90
6806,90
6807,90
6808,90
6809,90
6810,90
6811,90
6812,90
6813,90
6814,90
6815,90
6816,90
6817,90
6818,90
6819,90
6820,90
6821,90
6822,90
6823,90
6824,90
6825,90
6826,90
6827,90
6828,90
6829,90
6830,90
6831,90
6832,90
6833,90
6834,90
6835,90
6836,90
6837,90
6838,90
6839,90
6840,90
6841,90
6842,90
6843,90
6844,90
6845,90
6846,90
6847,90
6848,90
6849,90
6850,90
6851,90
6852,90
6853,90
6854,90
6855,90
6856,90
6857,90
6858,90
6859,90
6860,90
6861,90
6862,90
6863,90
6864,90
6865,90
6866,90
6867,90
6868,90
6869,90
6870,90
6871,90
6872,90
6873,90
6874,90
6875,90
6876,90
6877,90
6878,90
6879,90
6880,90
6881,90
6882,90
6883,90
6884,90
6885,90
6886,90
6887,90
6888,90
6889,90
6890,90
6891,90
6892,90
6893,90
6894,90
6895,90
6896,90
6897,90
6898,90
6899,90
6900,90
6901,90
6902,90
6903,90
6904,90
6905,90
6906,90
6907,90
6908,90
6909,90
6910,90
6911,90
6912,90
6913,90
6914,90
6915,90
6916,90
6917,90
6918,90
6919,90
6920,90
6921,90
6922,90
6923,90
6924,90
6925,90
6926,90
6927,90
6928,90
6929,90
6930,90
6931,90
6932,90
6933,90
6934,90
6935,90
6936,90
6937,90
6938,90
6939,90
6940,90
6941,90
6942,90
6943,90
6944,90
6945,90
6946,90
6947,90
6948,90
6949,90
6950,90
6951,90
6952,90
6953,90
6954,90
6955,90
6956,90
6957,90
6958,90
6959,90
6960,90
6961,90
6962,90
6963,90
6964,90
6965,90
6966,90
6967,90
6968,90
6969,90
6970,90
6971,90
6972,90
6973,90
6974,90
6975,90
6976,90
6977,90
6978,90
6979,90
6980,90
6981,90
6982,90
6983,90
6984,90
6985,90
6986,90
6987,90
6988,90
6989,90
6990,90
6991,90
6992,90
6993,90
6994,90
6995,90
6996,90
6997,90
6998,90
6999,90
7000,90
7001,90
7002,90
7003,90
7004,90
7005,90
7006,90
7007,90
7008,90
7009,90
7010,90
7011,90
7012,90
7013,90
7014,90
7015,90
7016,90
7017,90
7018,90
7019,90
7020,90
7021,90
7022,90
7023,90
7024,90
7025,90
7026,90
7027,90
7028,90
7029,90
7030,90
7031,90
7032,90
7033,90
7034,90
7035,90
7036,90
7037,90
7038,90
7039,90
7040,90
7041,90
7042,90
7043,90
7044,90
7045,90
7046,90
7047,90
7048,90
7049,90
7050,90
7051,90
7052,90
7053,90
7054,90
7055,90
7056,90
7057,90
7058,90
7059,90
7060,90
7061,90
7062,90
7063,90
7064,90
7065,90
7066,90
7067,90
7068,90
7069,90
7070,90
7071,90
7072,90
7073,90
7074,90
7075,90
7076,90
7077,90
7078,90
7079,90
7080,90
7081,90
7082,90
7083,90
7084,90
7085,90
7086,90
7087,90
7088,90
7089,90
7090,90
7091,90
7092,90
7093,90
7094,90
7095,90
7096,90
7097,90
7098,90
7099,90
7100,90
7101,90
7102,90
7103,90
7104,90
7105,90
7106,90
7107,90
7108,90
7109,90
7110,90
7111,90
7112,90
7113,90
7114,90
7115,90
7116,90
7117,90
7118,90
7119,90
7120,90
7121,90
7122,90
7123,90
7124,90
7125,90
7126,90
7127,90
7128,90
7129,90
7130,90
7131,90
7132,90
7133,90
7134,90
7135,90
7136,90
7137,90
7138,90
7139,90
7140,90
7141,90
7142,90
7143,90
7144,90
7145,90
7146,90
7147,90
7148,90
7149,90
7150,90
7151,90
7152,90
7153,90
7154,90
7155,90
7156,90
7157,90
7158,90
7159,90
7160,90
7161,90
7162,90
7163,90
7164,90
7165,90
7166,90
7167,90
7168,90
7169,90
7170,90
7171,90
7172,90
7173,90
7174,90
7175,90
7176,90
7177,90
7178,90
7179,90
7180,90
7181,90
7182,90
7183,90
7184,90
7185,90
7186,90
7187,90
7188,90
7189,90
7190,90
7191,90
7192,90
7193,90
7194,90
7195,90
7196,90
7197,90
7198,90
7199,90
7200,90
7201,90
7202,90
7203,90
7204,90
7205,90
7206,90
7207,90
7208,90
7209,90
7210,90
7211,90
7212,90
7213,90
7214,90
7215,90
7216,90
7217,90
7218,90
7219,90
7220,90
7221,90
7222,90
7223,90
7224,90
7225,90
7226,90
7227,90
7228,90
7229,90
7230,90
7231,90
7232,90
7233,90
7234,90
7235,90
7236,90
7237,90
7238,90
7239,90
7240,90
7241,90
7242,90
7243,90
7244,90
7245,90
7246,90
7247,90
7248,90
7249,90
7250,90
7251,90
7252,90
7253,90
7254,90
7255,90
7256,90
7257,90
7258,90
7259,90
7260,90
7261,90
7262,90
7263,90
7264,90
7265,90
7266,90
7267,90
7268,90
7269,90
7270,90
7271,90
7272,90
7273,90
7274,90
7275,90
7276,90
7277,90
7278,90
7279,90
7280,90
7281,90
7282,90
7283,90
7284,90
7285,90
7286,90
7287,90
7288,90
7289,90
7290,90
7291,90
7292,90
7293,90
7294,90
7295,90
7296,90
7297,90
7298,90
7299,90
7300,90
7301,90
7302,90
7303,90
7304,90
7305,90
7306,90
7307,90
7308,90
7309,90
7310,90
7311,90
7312,90
7313,90
7314,90
7315,90
7316,90
7317,90
7318,90
7319,90
7320,90
7321,90
7322,90
7323,90
7324,90
7325,90
7326,90
7327,90
7328,90
7329,90
7330,90
7331,90
7332,90
7333,90
7334,90
7335,90
7336,90
7337,90
7338,90
7339,90
7340,90
7341,90
7342,90
7343,90
7344,90
7345,90
7346,90
7347,90
7348,90
7349,90
7350,90
7351,90
7352,90
7353,90
7354,90
7355,90
7356,90
7357,90
7358,90
7359,90
7360,90
7361,90
7362,90
7363,90
7364,90
7365,90
7366,90
7367,90
7368,90
7369,90
7370,90
7371,90
7372,90
7373,90
7374,90
7375,90
7376,90
7377,90
7378,90
7379,90
7380,90
7381,90
7382,90
7383,90
7384,90
7385,90
7386,90
7387,90
7388,90
7389,90
7390,90
7391,90
7392,90
7393,90
7394,90
7395,90
7396,90
7397,90
7398,90
7399,90
7400,90
7401,90
7402,90
7403,90
7404,90
7405,90
7406,90
7407,90
7408,90
7409,90
7410,90
7411,90
7412,90
7413,90
7414,90
7415,90
7416,90
7417,90
7418,90
7419,90
7420,90
7421,90
7422,90
7423,90
7424,90
7425,90
7426,90
7427,90
7428,90
7429,90
7430,90
7431,90
7432,90
7433,90
7434,90
7435,90
7436,90
7437,90
7438,90
7439,90
7440,90
7441,90
7442,90
7443,90
7444,90
7445,90
7446,90
7447,90
7448,90
7449,90
7450,90
7451,90
7452,90
7453,90
7454,90
7455,90
7456,90
7457,90
7458,90
7459,90
7460,90
7461,90
7462,90
7463,90
7464,90
7465,90
7466,90
7467,90
7468,90
7469,90
7470,90
7471,90
7472,90
7473,90
7474,90
7475,90
7476,90
7477,90
7478,90
7479,90
7480,90
7481,90
7482,90
7483,90
7484,90
7485,90
7486,90
7487,90
7488,90
7489,90
7490,90
7491,90
7492,90
7493,90
7494,90
7495,90
7496,90
7497,90
7498,90
7499,90
7500,90
7501,90
7502,90
7503,90
7504,90
7505,90
7506,90
7507,90
7508,90
7509,90
7510,90
7511,90
7512,90
7513,90
7514,90
7515,90
7516,90
7517,90
7518,90
7519,90
7520,90
7521,90
7522,90
7523,90
7524,90
7525,90
7526,90
7527,90
7528,90
7529,90
7530,90
7531,90
7532,90
7533,90
7534,90
7535,90
7536,90
7537,90
7538,90
7539,90
7540,90
7541,90
7542,90
7543,90
7544,90
7545,90
7546,90
7547,90
7548,90
7549,90
7550,90
7551,90
7552,90
7553,90
7554,90
7555,90
7556,90
7557,90
7558,90
7559,90
7560,90
7561,90
7562,90
7563,90
7564,90
7565,90
7566,90
7567,90
7568,90
7569,90
7570,90
7571,90
7572,90
7573,90
7574,90
7575,90
7576,90
7577,90
7578,90
7579,90
7580,90
7581,90
7582,90
7583,90
7584,90
7585,90
7586,90
7587,90
7588,90
7589,90
7590,90
7591,90
7592,90
7593,90
7594,90
7595,90
7596,90
7597,90
7598,90
7599,90
7600,90
7601,90
7602,90
7603,90
7604,90
7605,90
7606,90
7607,90
7608,90
7609,90
7610,90
7611,90
7612,90
7613,90
7614,90
7615,90
7616,90
7617,90
7618,90
7619,90
7620,90
7621,90
7622,90
7623,90
7624,90
7625,90
7626,90
7627,90
7628,90
7629,90
7630,90
7631,90
7632,90
7633,90
7634,90
7635,90
7636,90
7637,90
7638,90
7639,90
7640,90
7641,90
7642,90
7643,90
7644,90
7645,90
7646,90
7647,90
7648,90
7649,90
7650,90
7651,90
7652,90
7653,90
7654,90
7655,90
7656,90
7657,90
7658,90
7659,90
7660,90
7661,90
7662,90
7663,90
7664,90
7665,90
7666,90
7667,90
7668,90
7669,90
7670,90
7671,90
7672,90
7673,90
7674,90
7675,90
7676,90
7677,90
7678,90
7679,90
7680,90
7681,90
7682,90
7683,90
7684,90
7685,90
7686,90
7687,90
7688,90
7689,90
7690,90
7691,90
7692,90
7693,90
7694,90
7695,90
7696,90
7697,90
7698,90
7699,90
7700,90
7701,90
7702,90
7703,90
7704,90
7705,90
7706,90
7707,90
7708,90
7709,90
7710,90
7711,90
7712,90
7713,90
7714,90
7715,90
7716,90
7717,90
7718,90
7719,90
7720,90
7721,90
7722,90
7723,90
7724,90
7725,90
7726,90
7727,90
7728,90
7729,90
7730,90
7731,90
7732,90
7733,90
7734,90
7735,90
7736,90
7737,90
7738,90
7739,90
7740,90
7741,90
7742,90
7743,90
7744,90
7745,90
7746,90
7747,90
7748,90
7749,90
7750,90
7751,90
7752,90
7753,90
7754,90
7755,90
7756,90
7757,90
7758,90
7759,90
7760,90
7761,90
7762,90
7763,90
7764,90
7765,90
7766,90
7767,90
7768,90
7769,90
7770,90
7771,90
7772,90
7773,90
7774,90
7775,90
7776,90
7777,90
7778,90
7779,90
7780,90
7781,90
7782,90
7783,90
7784,90
7785,90
7786,90
7787,90
7788,90
7789,90
7790,90
7791,90
7792,90
7793,90
7794,90
7795,90
7796,90
7797,90
7798,90
7799,90
7800,90
7801,90
7802,90
7803,90
7804,90
7805,90
7806,90
7807,90
7808,90
7809,90
7810,90
7811,90
7812,90
7813,90
7814,90
7815,90
7816,90
7817,90
7818,90
7819,90
7820,90
7821,90
7822,90
7823,90
7824,90
7825,90
7826,90
7827,90
7828,90
7829,90
7830,90
7831,90
7832,90
7833,90
7834,90
7835,90
7836,90
7837,90
7838,90
7839,90
7840,90
7841,90
7842,90
7843,90
7844,90
7845,90
7846,90
7847,90
7848,90
7849,90
7850,90
7851,90
7852,90
7853,90
7854,90
7855,90
7856,90
7857,90
7858,90
7859,90
7860,90
7861,90
7862,90
7863,90
7864,90
7865,90
7866,90
7867,90
7868,90
7869,90
7870,90
7871,90
7872,90
7873,90
7874,90
7875,90
7876,90
7877,90
7878,90
7879,90
7880,90
7881,90
7882,90
7883,90
7884,90
7885,90
7886,90
7887,90
7888,90
7889,90
7890,90
7891,90
7892,90
7893,90
7894,90
7895,90
7896,90
7897,90
7898,90
7899,90
7900,90
7901,90
7902,90
7903,90
7904,90
7905,90
7906,90
7907,90
7908,90
7909,90
7910,90
7911,90
7912,90
7913,90
7914,90
7915,90
7916,90
7917,90
7918,90
7919,90
7920,90
7921,90
7922,90
7923,90
7924,90
7925,90
7926,90
7927,90
7928,90
7929,90
7930,90
7931,90
7932,90
7933,90
7934,90
7935,90
7936,90
7937,90
7938,90
7939,90
7940,90
7941,90
7942,90
7943,90
7944,90
7945,90
7946,90
7947,90
7948,90
7949,90
7950,90
7951,90
7952,90
7953,90
7954,90
7955,90
7956,90
7957,90
7958,90
7959,90
7960,90
7961,90
7962,90
7963,90
7964,90
7965,90
7966,90
7967,90
7968,90
7969,90
7970,90
7971,90
7972,90
7973,90
7974,90
7975,90
7976,90
7977,90
7978,90
7979,90
7980,90
7981,90
7982,90
7983,90
7984,90
7985,90
7986,90
7987,90
7988,90
7989,90
7990,90
7991,90
7992,90
7993,90
7994,90
7995,90
7996,90
7997,90
7998,90
7999,90
8000,90
8001,90
8002,90
8003,90
8004,90
8005,90
8006,90
8007,90
8008,90
8009,90
8010,90
8011,90
8012,90
8013,90
8014,90
8015,90
8016,90
8017,90
8018,90
8019,90
8020,90
8021,90
8022,90
8023,90
8024,90
8025,90
8026,90
8027,90
8028,90
8029,90
8030,90
8031,90
8032,90
8033,90
8034,90
8035,90
8036,90
8037,90
8038,90
8039,90
8040,90
8041,90
8042,90
8043,90
8044,90
8045,90
8046,90
8047,90
8048,90
8049,90
8050,90
8051,90
8052,90
8053,90
8054,90
8055,90
8056,90
8057,90
8058,90
8059,90
8060,90
8061,90
8062,90
8063,90
8064,90
8065,90
8066,90
8067,90
8068,90
8069,90
8070,90
8071,90
8072,90
8073,90
8074,90
8075,90
8076,90
8077,90
8078,90
8079,90
8080,90
8081,90
8082,90
8083,90
8084,90
8085,90
8086,90
8087,90
8088,90
8089,90
8090,90
8091,90
8092,90
8093,90
8094,90
8095,90
8096,90
8097,90
8098,90
8099,90
8100,90
8101,90
8102,90
8103,90
8104,90
8105,90
8106,90
8107,90
8108,90
8109,90
8110,90
8111,90
8112,90
8113,90
8114,90
8115,90
8116,90
8117,90
8118,90
8119,90
8120,90
8121,90
8122,90
8123,90
8124,90
8125,90
8126,90
8127,90
8128,90
8129,90
8130,90
8131,90
8132,90
8133,90
8134,90
8135,90
8136,90
8137,90
8138,90
8139,90
8140,90
8141,90
8142,90
8143,90
8144,90
8145,90
8146,90
8147,90
8148,90
8149,90
8150,90
8151,90
8152,90
8153,90
8154,90
8155,90
8156,90
8157,90
8158,90
8159,90
8160,90
8161,90
8162,90
8163,90
8164,90
8165,90
8166,90
8167,90
8168,90
8169,90
8170,90
8171,90
8172,90
8173,90
8174,90
8175,90
8176,90
8177,90
8178,90
8179,90
8180,90
8181,90
8182,90
8183,90
8184,90
8185,90
8186,90
8187,90
8188,90
8189,90
8190,90
8191,90
8192,90
8193,90
8194,90
8195,90
8196,90
8197,90
8198,90
8199,90
8200,90
8201,90
8202,90
8203,90
8204,90
8205,90
8206,90
8207,90
8208,90
8209,90
8210,90
8211,90
8212,90
8213,90
8214,90
8215,90
8216,90
8217,90
8218,90
8219,90
8220,90
8221,90
8222,90
8223,90
8224,90
8225,90
8226,90
8227,90
8228,90
8229,90
8230,90
8231,90
8232,90
8233,90
8234,90
8235,90
8236,90
8237,90
8238,90
8239,90
8240,90
8241,90
8242,90
8243,90
8244,90
8245,90
8246,90
8247,90
8248,90
8249,90
8250,90
8251,90
8252,90
8253,90
8254,90
8255,90
8256,90
8257,90
8258,90
8259,90
8260,90
8261,90
8262,90
8263,90
8264,90
8265,90
8266,90
8267,90
8268,90
8269,90
8270,90
8271,90
8272,90
8273,90
8274,90
8275,90
8276,90
8277,90
8278,90
8279,90
8280,90
8281,90
8282,90
8283,90
8284,90
8285,90
8286,90
8287,90
8288,90
8289,90
8290,90
8291,90
8292,90
8293,90
8294,90
8295,90
8296,90
8297,90
8298,90
8299,90
8300,90
8301,90
8302,90
8303,90
8304,90
8305,90
8306,90
8307,90
8308,90
8309,90
8310,90
8311,90
8312,90
8313,90
8314,90
8315,90
8316,90
8317,90
8318,90
8319,90
8320,90
8321,90
8322,90
8323,90
8324,90
8325,90
8326,90
8327,90
8328,90
8329,90
8330,90
8331,90
8332,90
8333,90
8334,90
8335,90
8336,90
8337,90
8338,90
8339,90
8340,90
8341,90
8342,90
8343,90
8344,90
8345,90
8346,90
8347,90
8348,90
8349,90
8350,90
8351,90
8352,90
8353,90
8354,90
8355,90
8356,90
8357,90
8358,90
8359,90
8360,90
8361,90
8362,90
8363,90
8364,90
8365,90
8366,90
8367,90
8368,90
8369,90
8370,90
8371,90
8372,90
8373,90
8374,90
8375,90
8376,90
8377,90
8378,90
8379,90
8380,90
8381,90
8382,90
8383,90
8384,90
8385,90
8386,90
8387,90
8388,90
8389,90
8390,90
8391,90
8392,90
8393,90
8394,90
8395,90
8396,90
8397,90
8398,90
8399,90
8400,90
8401,90
8402,90
8403,90
8404,90
8405,90
8406,90
8407,90
8408,90
8409,90
8410,90
8411,90
8412,90
8413,90
8414,90
8415,90
8416,90
8417,90
8418,90
8419,90
8420,90
8421,90
8422,90
8423,90
8424,90
8425,90
8426,90
8427,90
8428,90
8429,90
8430,90
8431,90
8432,90
8433,90
8434,90
8435,90
8436,90
8437,90
8438,90
8439,90
8440,90
8441,90
8442,90
8443,90
8444,90
8445,90
8446,90
8447,90
8448,90
8449,90
8450,90
8451,90
8452,90
8453,90
8454,90
8455,90
8456,90
8457,90
8458,90
8459,90
8460,90
8461,90
8462,90
8463,90
8464,90
8465,90
8466,90
8467,90
8468,90
8469,90
8470,90
8471,90
8472,90
8473,90
8474,90
8475,90
8476,90
8477,90
8478,90
8479,90
8480,90
8481,90
8482,90
8483,90
8484,90
8485,90
8486,90
8487,90
8488,90
8489,90
8490,90
8491,90
8492,90
8493,90
8494,90
8495,90
8496,90
8497,90
8498,90
8499,90
8500,90
8501,90
8502,90
8503,90
8504,90
8505,90
8506,90
8507,90
8508,90
8509,90
8510,90
8511,90
8512,90
8513,90
8514,90
8515,90
8516,90
8517,90
8518,90
8519,90
8520,90
8521,90
8522,90
8523,90
8524,90
8525,90
8526,90
8527,90
8528,90
8529,90
8530,90
8531,90
8532,90
8533,90
8534,90
8535,90
8536,90
8537,90
8538,90
8539,90
8540,90
8541,90
8542,90
8543,90
8544,90
8545,90
8546,90
8547,90
8548,90
8549,90
8550,90
8551,90
8552,90
8553,90
8554,90
8555,90
8556,90
8557,90
8558,90
8559,90
8560,90
8561,90
8562,90
8563,90
8564,90
8565,90
8566,90
8567,90
8568,90
8569,90
8570,90
8571,90
8572,90
8573,90
8574,90
8575,90
8576,90
8577,90
8578,90
8579,90
8580,90
8581,90
8582,90
8583,90
8584,90
8585,90
8586,90
8587,90
8588,90
8589,90
8590,90
8591,90
8592,90
8593,90
8594,90
8595,90
8596,90
8597,90
8598,90
8599,90
8600,90
8601,90
8602,90
8603,90
8604,90
8605,90
8606,90
8607,90
8608,90
8609,90
8610,90
8611,90
8612,90
8613,90
8614,90
8615,90
8616,90
8617,90
8618,90
8619,90
8620,90
8621,90
8622,90
8623,90
8624,90
8625,90
8626,90
8627,90
8628,90
8629,90
8630,90
8631,90
8632,90
8633,90
8634,90
8635,90
8636,90
8637,90
8638,90
8639,90
8640,90
8641,90
8642,90
8643,90
8644,90
8645,90
8646,90
8647,90
8648,90
8649,90
8650,90
8651,90
8652,90
8653,90
8654,90
8655,90
8656,90
8657,90
8658,90
8659,90
8660,90
8661,90
8662,90
8663,90
8664,90
8665,90
8666,90
8667,90
8668,90
8669,90
8670,90
8671,90
8672,90
8673,90
8674,90
8675,90
8676,90
8677,90
8678,90
8679,90
8680,90
8681,90
8682,90
8683,90
8684,90
8685,90
8686,90
8687,90
8688,90
8689,90
8690,90
8691,90
8692,90
8693,90
8694,90
8695,90
8696,90
8697,90
8698,90
8699,90
8700,90
8701,90
8702,90
8703,90
8704,90
8705,90
8706,90
8707,90
8708,90
8709,90
8710,90
8711,90
8712,90
8713,90
8714,90
8715,90
8716,90
8717,90
8718,90
8719,90
8720,90
8721,90
8722,90
8723,90
8724,90
8725,90
8726,90
8727,90
8728,90
8729,90
8730,90
8731,90
8732,90
8733,90
8734,90
8735,90
8736,90
8737,90
8738,90
8739,90
8740,90
8741,90
8742,90
8743,90
8744,90
8745,90
8746,90
8747,90
8748,90
8749,90
8750,90
8751,90
8752,90
8753,90
8754,90
8755,90
8756,90
8757,90
8758,90
8759,90
8760,90
8761,90
8762,90
8763,90
8764,90
8765,90
8766,90
8767,90
8768,90
8769,90
8770,90
8771,90
8772,90
8773,90
8774,90
8775,90
8776,90
8777,90
8778,90
8779,90
8780,90
8781,90
8782,90
8783,90
8784,90
8785,90
8786,90
8787,90
8788,90
8789,90
8790,90
8791,90
8792,90
8793,90
8794,90
8795,90
8796,90
8797,90
8798,90
8799,90
8800,90
8801,90
8802,90
8803,90
8804,90
8805,90
8806,90
8807,90
8808,90
8809,90
8810,90
8811,90
8812,90
8813,90
8814,90
8815,90
8816,90
8817,90
8818,90
8819,90
8820,90
8821,90
8822,90
8823,90
8824,90
8825,90
8826,90
8827,90
8828,90
8829,90
8830,90
8831,90
8832,90
8833,90
8834,90
8835,90
8836,90
8837,90
8838,90
8839,90
8840,90
8841,90
8842,90
8843,90
8844,90
8845,90
8846,90
8847,90
8848,90
8849,90
8850,90
8851,90
8852,90
8853,90
8854,90
8855,90
8856,90
8857,90
8858,90
8859,90
8860,90
8861,90
8862,90
8863,90
8864,90
8865,90
8866,90
8867,90
8868,90
8869,90
8870,90
8871,90
8872,90
8873,90
8874,90
8875,90
8876,90
8877,90
8878,90
8879,90
8880,90
8881,90
8882,90
8883,90
8884,90
8885,90
8886,90
8887,90
8888,90
8889,90
8890,90
8891,90
8892,90
8893,90
8894,90
8895,90
8896,90
8897,90
8898,90
8899,90
8900,90
8901,90
8902,90
8903,90
8904,90
8905,90
8906,90
8907,90
8908,90
8909,90
8910,90
8911,90
8912,90
8913,90
8914,90
8915,90
8916,90
8917,90
8918,90
8919,90
8920,90
8921,90
8922,90
8923,90
8924,90
8925,90
8926,90
8927,90
8928,90
8929,90
8930,90
8931,90
8932,90
8933,90
8934,90
8935,90
8936,90
8937,90
8938,90
8939,90
8940,90
8941,90
8942,90
8943,90
8944,90
8945,90
8946,90
8947,90
8948,90
8949,90
8950,90
8951,90
8952,90
8953,90
8954,90
8955,90
8956,90
8957,90
8958,90
8959,90
8960,90
8961,90
8962,90
8963,90
8964,90
8965,90
8966,90
8967,90
8968,90
8969,90
8970,90
8971,90
8972,90
8973,90
8974,90
8975,90
8976,90
8977,90
8978,90
8979,90
8980,90
8981,90
8982,90
8983,90
8984,90
8985,90
8986,90
8987,90
8988,90
8989,90
8990,90
8991,90
8992,90
8993,90
8994,90
8995,90
8996,90
8997,90
8998,90
8999,90
9000,90
9001,90
9002,90
9003,90
9004,90
9005,90
9006,90
9007,90
9008,90
9009,90
9010,90
9011,90
9012,90
9013,90
9014,90
9015,90
9016,90
9017,90
9018,90
9019,90
9020,90
9021,90
9022,90
9023,90
9024,90
9025,90
9026,90
9027,90
9028,90
9029,90
9030,90
9031,90
9032,90
9033,90
9034,90
9035,90
9036,90
9037,90
9038,90
9039,90
9040,90
9041,90
9042,90
9043,90
9044,90
9045,90
9046,90
9047,90
9048,90
9049,90
9050,90
9051,90
9052,90
9053,90
9054,90
9055,90
9056,90
9057,90
9058,90
9059,90
9060,90
9061,90
9062,90
9063,90
9064,90
9065,90
9066,90
9067,90
9068,90
9069,90
9070,90
9071,90
9072,90
9073,90
9074,90
9075,90
9076,90
9077,90
9078,90
9079,90
9080,90
9081,90
9082,90
9083,90
9084,90
9085,90
9086,90
9087,90
9088,90
9089,90
9090,90
9091,90
9092,90
9093,90
9094,90
9095,90
9096,90
9097,90
9098,90
9099,90
9100,90
9101,90
9102,90
9103,90
9104,90
9105,90
9106,90
9107,90
9108,90
9109,90
9110,90
9111,90
9112,90
9113,90
9114,90
9115,90
9116,90
9117,90
9118,90
9119,90
9120,90
9121,90
9122,90
9123,90
9124,90
9125,90
9126,90
9127,90
9128,90
9129,90
9130,90
9131,90
9132,90
9133,90
9134,90
9135,90
9136,90
9137,90
9138,90
9139,90
9140,90
9141,90
9142,90
9143,90
9144,90
9145,90
9146,90
9147,90
9148,90
9149,90
9150,90
9151,90
9152,90
9153,90
9154,90
9155,90
9156,90
9157,90
9158,90
9159,90
9160,90
9161,90
9162,90
9163,90
9164,90
9165,90
9166,90
9167,90
9168,90
9169,90
9170,90
9171,90
9172,90
9173,90
9174,90
9175,90
9176,90
9177,90
9178,90
9179,90
9180,90
9181,90
9182,90
9183,90
9184,90
9185,90
9186,90
9187,90
9188,90
9189,90
9190,90
9191,90
9192,90
9193,90
9194,90
9195,90
9196,90
9197,90
9198,90
9199,90
9200,90
9201,90
9202,90
9203,90
9204,90
9205,90
9206,90
9207,90
9208,90
9209,90
9210,90
9211,90
9212,90
9213,90
9214,90
9215,90
9216,90
9217,90
9218,90
9219,90
9220,90
9221,90
9222,90
9223,90
9224,90
9225,90
9226,90
9227,90
9228,90
9229,90
9230,90
9231,90
9232,90
9233,90
9234,90
9235,90
9236,90
9237,90
9238,90
9239,90
9240,90
9241,90
9242,90
9243,90
9244,90
9245,90
9246,90
9247,90
9248,90
9249,90
9250,90
9251,90
9252,90
9253,90
9254,90
9255,90
9256,90
9257,90
9258,90
9259,90
9260,90
9261,90
9262,90
9263,90
9264,90
9265,90
9266,90
9267,90
9268,90
9269,90
9270,90
9271,90
9272,90
9273,90
9274,90
9275,90
9276,90
9277,90
9278,90
9279,90
9280,90
9281,90
9282,90
9283,90
9284,90
9285,90
9286,90
9287,90
9288,90
9289,90
9290,90
9291,90
9292,90
9293,90
9294,90
9295,90
9296,90
9297,90
9298,90
9299,90
9300,90
9301,90
9302,90
9303,90
9304,90
9305,90
9306,90
9307,90
9308,90
9309,90
9310,90
9311,90
9312,90
9313,90
9314,90
9315,90
9316,90
9317,90
9318,90
9319,90
9320,90
9321,90
9322,90
9323,90
9324,90
9325,90
9326,90
9327,90
9328,90
9329,90
9330,90
9331,90
9332,90
9333,90
9334,90
9335,90
9336,90
9337,90
9338,90
9339,90
9340,90
9341,90
9342,90
9343,90
9344,90
9345,90
9346,90
9347,90
9348,90
9349,90
9350,90
9351,90
9352,90
9353,90
9354,90
9355,90
9356,90
9357,90
9358,90
9359,90
9360,90
9361,90
9362,90
9363,90
9364,90
9365,90
9366,90
9367,90
9368,90
9369,90
9370,90
9371,90
9372,90
9373,90
9374,90
9375,90
9376,90
9377,90
9378,90
9379,90
9380,90
9381,90
9382,90
9383,90
9384,90
9385,90
9386,90
9387,90
9388,90
9389,90
9390,90
9391,90
9392,90
9393,90
9394,90
9395,90
9396,90
9397,90
9398,90
9399,90
9400,90
9401,90
9402,90
9403,90
9404,90
9405,90
9406,90
9407,90
9408,90
9409,90
9410,90
9411,90
9412,90
9413,90
9414,90
9415,90
9416,90
9417,90
9418,90
9419,90
9420,90
9421,90
9422,90
9423,90
9424,90
9425,90
9426,90
9427,90
9428,90
9429,90
9430,90
9431,90
9432,90
9433,90
9434,90
9435,90
9436,90
9437,90
9438,90
9439,90
9440,90
9441,90
9442,90
9443,90
9444,90
9445,90
9446,90
9447,90
9448,90
9449,90
9450,90
9451,90
9452,90
9453,90
9454,90
9455,90
9456,90
9457,90
9458,90
9459,90
9460,90
9461,90
9462,90
9463,90
9464,90
9465,90
9466,90
9467,90
9468,90
9469,90
9470,90
9471,90
9472,90
9473,90
9474,90
9475,90
9476,90
9477,90
9478,90
9479,90
9480,90
9481,90
9482,90
9483,90
9484,90
9485,90
9486,90
9487,90
9488,90
9489,90
9490,90
9491,90
9492,90
9493,90
9494,90
9495,90
9496,90
9497,90
9498,90
9499,90
9500,90
9501,90
9502,90
9503,90
9504,90
9505,90
9506,90
9507,90
9508,90
9509,90
9510,90
9511,90
9512,90
9513,90
9514,90
9515,90
9516,90
9517,90
9518,90
9519,90
9520,90
9521,90
9522,90
9523,90
9524,90
9525,90
9526,90
9527,90
9528,90
9529,90
9530,90
9531,90
9532,90
9533,90
9534,90
9535,90
9536,90
9537,90
9538,90
9539,90
9540,90
9541,90
9542,90
9543,90
9544,90
9545,90
9546,90
9547,90
9548,90
9549,90
9550,90
9551,90
9552,90
9553,90
9554,90
9555,90
9556,90
9557,90
9558,90
9559,90
9560,90
9561,90
9562,90
9563,90
9564,90
9565,90
9566,90
9567,90
9568,90
9569,90
9570,90
9571,90
9572,90
9573,90
9574,90
9575,90
9576,90
9577,90
9578,90
9579,90
9580,90
9581,90
9582,90
9583,90
9584,90
9585,90
9586,90
9587,90
9588,90
9589,90
9590,90
9591,90
9592,90
9593,90
9594,90
9595,90
9596,90
9597,90
9598,90
9599,90
9600,90
9601,90
9602,90
9603,90
9604,90
9605,90
9606,90
9607,90
9608,90
9609,90
9610,90
9611,90
9612,90
9613,90
9614,90
9615,90
9616,90
9617,90
9618,90
9619,90
9620,90
9621,90
9622,90
9623,90
9624,90
9625,90
9626,90
9627,90
9628,90
9629,90
9630,90
9631,90
9632,90
9633,90
9634,90
9635,90
9636,90
9637,90
9638,90
9639,90
9640,90
9641,90
9642,90
9643,90
9644,90
9645,90
9646,90
9647,90
9648,90
9649,90
9650,90
9651,90
9652,90
9653,90
9654,90
9655,90
9656,90
9657,90
9658,90
9659,90
9660,90
9661,90
9662,90
9663,90
9664,90
9665,90
9666,90
9667,90
9668,90
9669,90
9670,90
9671,90
9672,90
9673,90
9674,90
9675,90
9676,90
9677,90
9678,90
9679,90
9680,90
9681,90
9682,90
9683,90
9684,90
9685,90
9686,90
9687,90
9688,90
9689,90
9690,90
9691,90
9692,90
9693,90
9694,90
9695,90
9696,90
9697,90
9698,90
9699,90
9700,90
9701,90
9702,90
9703,90
9704,90
9705,90
9706,90
9707,90
9708,90
9709,90
9710,90
9711,90
9712,90
9713,90
9714,90
9715,90
9716,90
9717,90
9718,90
9719,90
9720,90
9721,90
9722,90
9723,90
9724,90
9725,90
9726,90
9727,90
9728,90
9729,90
9730,90
9731,90
9732,90
9733,90
9734,90
9735,90
9736,90
9737,90
9738,90
9739,90
9740,90
9741,90
9742,90
9743,90
9744,90
9745,90
9746,90
9747,90
9748,90
9749,90
9750,90
9751,90
9752,90
9753,90
9754,90
9755,90
9756,90
9757,90
9758,90
9759,90
9760,90
9761,90
9762,90
9763,90
9764,90
9765,90
9766,90
9767,90
9768,90
9769,90
9770,90
9771,90
9772,90
9773,90
9774,90
9775,90
9776,90
9777,90
9778,90
9779,90
9780,90
9781,90
9782,90
9783,90
9784,90
9785,90
9786,90
9787,90
9788,90
9789,90
9790,90
9791,90
9792,90
9793,90
9794,90
9795,90
9796,90
9797,90
9798,90
9799,90
9800,90
9801,90
9802,90
9803,90
9804,90
9805,90
9806,90
9807,90
9808,90
9809,90
9810,90
9811,90
9812,90
9813,90
9814,90
9815,90
9816,90
9817,90
9818,90
9819,90
9820,90
9821,90
9822,90
9823,90
9824,90
9825,90
9826,90
9827,90
9828,90
9829,90
9830,90
9831,90
9832,90
9833,90
9834,90
9835,90
9836,90
9837,90
9838,90
9839,90
9840,90
9841,90
9842,90
9843,90
9844,90
9845,90
9846,90
9847,90
9848,90
9849,90
9850,90
9851,90
9852,90
9853,90
9854,90
9855,90
9856,90
9857,90
9858,90
9859,90
9860,90
9861,90
9862,90
9863,90
9864,90
9865,90
9866,90
9867,90
9868,90
9869,90
9870,90
9871,90
9872,90
9873,90
9874,90
9875,90
9876,90
9877,90
9878,90
9879,90
9880,90
9881,90
9882,90
9883,90
9884,90
9885,90
9886,90
9887,90
9888,90
9889,90
9890,90
9891,90
9892,90
9893,90
9894,90
9895,90
9896,90
9897,90
9898,90
9899,90
9900,90
9901,90
9902,90
9903,90
9904,90
9905,90
9906,90
9907,90
9908,90
9909,90
9910,90
9911,90
9912,90
9913,90
9914,90
9915,90
9916,90
9917,90
9918,90
9919,90
9920,90
9921,90
9922,90
9923,90
9924,90
9925,90
9926,90
9927,90
9928,90
9929,90
9930,90
9931,90
9932,90
9933,90
9934,90
9935,90
9936,90
9937,90
9938,90
9939,90
9940,90
9941,90
9942,90
9943,90
9944,90
9945,90
9946,90
9947,90
9948,90
9949,90
9950,90
9951,90
9952,90
9953,90
9954,90
9955,90
9956,90
9957,90
9958,90
9959,90
9960,90
9961,90
9962,90
9963,90
9964,90
9965,90
9966,90
9967,90
9968,90
9969,90
9970,90
9971,90
9972,90
9973,90
9974,90
9975,90
9976,90
9977,90
9978,90
9979,90
9980,90
9981,90
9982,90
9983,90
9984,90
9985,90
9986,90
9987,90
9988,90
9989,90
9990,90
9991,90
9992,90
9993,90
9994,90
9995,90
9996,90
9997,90
9998,90
9999,90
