,pso
0,301
1,301
2,301
3,301
4,301
5,301
6,301
7,301
8,301
9,301
10,301
11,301
12,301
13,301
14,301
15,301
16,301
17,301
18,301
19,301
20,301
21,301
22,301
23,301
24,301
25,301
26,301
27,301
28,301
29,301
30,301
31,301
32,301
33,301
34,301
35,301
36,301
37,301
38,301
39,301
40,301
41,301
42,301
43,301
44,301
45,301
46,301
47,301
48,301
49,301
50,301
51,301
52,301
53,301
54,301
55,301
56,301
57,301
58,301
59,301
60,301
61,301
62,301
63,301
64,301
65,301
66,301
67,301
68,301
69,301
70,301
71,301
72,301
73,301
74,301
75,301
76,301
77,301
78,301
79,301
80,301
81,301
82,301
83,301
84,301
85,301
86,301
87,301
88,301
89,301
90,301
91,301
92,301
93,301
94,301
95,301
96,301
97,301
98,301
99,301
100,301
101,301
102,301
103,301
104,301
105,301
106,301
107,301
108,301
109,301
110,301
111,301
112,301
113,301
114,301
115,301
116,301
117,301
118,301
119,301
120,301
121,301
122,301
123,301
124,301
125,301
126,301
127,301
128,301
129,301
130,301
131,301
132,301
133,301
134,301
135,301
136,301
137,301
138,301
139,301
140,301
141,301
142,301
143,301
144,301
145,301
146,301
147,301
148,301
149,301
150,301
151,301
152,301
153,301
154,301
155,301
156,301
157,301
158,301
159,301
160,301
161,301
162,301
163,301
164,301
165,301
166,301
167,301
168,301
169,301
170,301
171,301
172,301
173,301
174,301
175,301
176,301
177,301
178,301
179,301
180,301
181,301
182,301
183,301
184,301
185,301
186,301
187,301
188,301
189,301
190,301
191,301
192,301
193,301
194,301
195,301
196,301
197,301
198,301
199,301
200,301
201,301
202,301
203,301
204,301
205,301
206,301
207,301
208,301
209,301
210,301
211,301
212,301
213,301
214,301
215,301
216,301
217,301
218,301
219,301
220,301
221,301
222,301
223,301
224,301
225,301
226,301
227,301
228,301
229,301
230,301
231,301
232,301
233,301
234,301
235,301
236,301
237,301
238,301
239,301
240,301
241,301
242,301
243,301
244,301
245,301
246,301
247,301
248,301
249,301
250,301
251,301
252,301
253,301
254,301
255,301
256,301
257,301
258,301
259,301
260,301
261,301
262,301
263,301
264,301
265,301
266,301
267,301
268,301
269,301
270,301
271,301
272,301
273,301
274,301
275,301
276,301
277,301
278,301
279,301
280,301
281,301
282,301
283,301
284,301
285,301
286,301
287,301
288,301
289,301
290,301
291,301
292,301
293,301
294,301
295,301
296,301
297,301
298,301
299,301
300,301
301,301
302,301
303,301
304,301
305,301
306,301
307,301
308,301
309,301
310,301
311,301
312,301
313,301
314,301
315,301
316,301
317,301
318,301
319,301
320,301
321,301
322,301
323,301
324,301
325,301
326,301
327,301
328,301
329,301
330,301
331,301
332,301
333,301
334,301
335,301
336,301
337,301
338,301
339,301
340,301
341,301
342,301
343,301
344,301
345,301
346,301
347,301
348,301
349,301
350,301
351,301
352,301
353,301
354,301
355,301
356,301
357,301
358,301
359,301
360,301
361,301
362,301
363,301
364,301
365,301
366,301
367,301
368,301
369,301
370,301
371,301
372,301
373,301
374,301
375,301
376,301
377,301
378,301
379,301
380,301
381,301
382,301
383,301
384,301
385,301
386,301
387,301
388,301
389,301
390,301
391,301
392,301
393,301
394,301
395,301
396,301
397,301
398,301
399,301
400,301
401,301
402,301
403,301
404,301
405,301
406,301
407,301
408,301
409,301
410,301
411,301
412,301
413,301
414,301
415,301
416,301
417,301
418,301
419,301
420,301
421,301
422,301
423,301
424,301
425,301
426,301
427,301
428,301
429,301
430,301
431,301
432,301
433,301
434,301
435,301
436,301
437,301
438,301
439,301
440,301
441,301
442,301
443,301
444,301
445,301
446,301
447,301
448,301
449,301
450,301
451,301
452,301
453,301
454,301
455,301
456,301
457,301
458,301
459,301
460,301
461,301
462,301
463,301
464,301
465,301
466,301
467,301
468,301
469,301
470,301
471,301
472,301
473,301
474,301
475,301
476,301
477,301
478,301
479,301
480,301
481,301
482,301
483,301
484,301
485,301
486,301
487,301
488,301
489,301
490,301
491,301
492,301
493,301
494,301
495,301
496,301
497,301
498,301
499,301
500,301
501,301
502,301
503,301
504,301
505,301
506,301
507,301
508,301
509,301
510,301
511,301
512,301
513,301
514,301
515,301
516,301
517,301
518,301
519,301
520,301
521,301
522,301
523,301
524,301
525,301
526,301
527,301
528,301
529,301
530,301
531,301
532,301
533,301
534,301
535,301
536,301
537,301
538,301
539,301
540,301
541,301
542,301
543,301
544,301
545,301
546,301
547,301
548,301
549,301
550,301
551,301
552,301
553,301
554,301
555,301
556,301
557,301
558,301
559,301
560,301
561,301
562,301
563,301
564,301
565,301
566,301
567,301
568,301
569,301
570,301
571,301
572,301
573,301
574,301
575,301
576,301
577,301
578,301
579,301
580,301
581,301
582,301
583,301
584,301
585,301
586,301
587,301
588,301
589,301
590,301
591,301
592,301
593,301
594,301
595,301
596,301
597,301
598,301
599,301
600,301
601,301
602,301
603,301
604,301
605,301
606,301
607,301
608,301
609,301
610,301
611,301
612,301
613,301
614,301
615,301
616,301
617,301
618,301
619,301
620,301
621,301
622,301
623,301
624,301
625,301
626,301
627,301
628,301
629,301
630,301
631,301
632,301
633,301
634,301
635,301
636,301
637,301
638,301
639,301
640,301
641,301
642,301
643,301
644,301
645,301
646,301
647,301
648,301
649,301
650,301
651,301
652,301
653,301
654,301
655,301
656,301
657,301
658,301
659,301
660,301
661,301
662,301
663,301
664,301
665,301
666,301
667,301
668,301
669,301
670,301
671,301
672,301
673,301
674,301
675,301
676,301
677,301
678,301
679,301
680,301
681,301
682,301
683,301
684,301
685,301
686,301
687,301
688,301
689,301
690,301
691,301
692,301
693,301
694,301
695,301
696,301
697,301
698,301
699,301
700,301
701,301
702,301
703,301
704,301
705,301
706,301
707,301
708,301
709,301
710,301
711,301
712,301
713,301
714,301
715,301
716,301
717,301
718,301
719,301
720,301
721,301
722,301
723,301
724,301
725,301
726,301
727,301
728,301
729,301
730,301
731,301
732,301
733,301
734,301
735,301
736,301
737,301
738,301
739,301
740,301
741,301
742,301
743,301
744,301
745,301
746,301
747,301
748,301
749,301
750,301
751,301
752,301
753,301
754,301
755,301
756,301
757,301
758,301
759,301
760,301
761,301
762,301
763,301
764,301
765,301
766,301
767,301
768,301
769,301
770,301
771,301
772,301
773,301
774,301
775,301
776,301
777,301
778,301
779,301
780,301
781,301
782,301
783,301
784,301
785,301
786,301
787,301
788,301
789,301
790,301
791,301
792,301
793,301
794,301
795,301
796,301
797,301
798,301
799,301
800,301
801,301
802,301
803,301
804,301
805,301
806,301
807,301
808,301
809,301
810,301
811,301
812,301
813,301
814,301
815,301
816,301
817,301
818,301
819,301
820,301
821,301
822,301
823,301
824,301
825,301
826,301
827,301
828,301
829,301
830,301
831,301
832,301
833,301
834,301
835,301
836,301
837,301
838,301
839,301
840,301
841,301
842,301
843,301
844,301
845,301
846,301
847,301
848,301
849,301
850,301
851,301
852,301
853,301
854,301
855,301
856,301
857,301
858,301
859,301
860,301
861,301
862,301
863,301
864,301
865,301
866,301
867,301
868,301
869,301
870,301
871,301
872,301
873,301
874,301
875,301
876,301
877,301
878,301
879,301
880,301
881,301
882,301
883,301
884,301
885,301
886,301
887,301
888,301
889,301
890,301
891,301
892,301
893,301
894,301
895,301
896,301
897,301
898,301
899,301
900,301
901,301
902,301
903,301
904,301
905,301
906,301
907,301
908,301
909,301
910,301
911,301
912,301
913,301
914,301
915,301
916,300
917,300
918,300
919,300
920,300
921,300
922,300
923,300
924,300
925,300
926,300
927,300
928,300
929,300
930,300
931,300
932,300
933,300
934,300
935,300
936,300
937,300
938,300
939,300
940,300
941,300
942,300
943,300
944,300
945,300
946,300
947,300
948,300
949,300
950,300
951,300
952,300
953,300
954,300
955,300
956,300
957,300
958,300
959,300
960,300
961,300
962,300
963,300
964,300
965,300
966,300
967,300
968,300
969,300
970,300
971,300
972,300
973,300
974,300
975,300
976,300
977,300
978,300
979,300
980,300
981,300
982,300
983,300
984,300
985,300
986,300
987,300
988,300
989,300
990,300
991,300
992,300
993,300
994,300
995,300
996,300
997,300
998,300
999,300
1000,300
1001,300
1002,300
1003,300
1004,300
1005,300
1006,300
1007,300
1008,300
1009,300
1010,300
1011,300
1012,300
1013,300
1014,300
1015,300
1016,300
1017,300
1018,300
1019,300
1020,300
1021,300
1022,300
1023,300
1024,300
1025,300
1026,300
1027,300
1028,300
1029,300
1030,300
1031,300
1032,300
1033,300
1034,300
1035,300
1036,300
1037,300
1038,300
1039,300
1040,299
1041,299
1042,299
1043,298
1044,298
1045,298
1046,298
1047,298
1048,298
1049,298
1050,298
1051,298
1052,298
1053,298
1054,298
1055,298
1056,298
1057,298
1058,298
1059,298
1060,298
1061,298
1062,298
1063,298
1064,298
1065,298
1066,298
1067,298
1068,298
1069,298
1070,298
1071,298
1072,298
1073,298
1074,298
1075,298
1076,298
1077,298
1078,298
1079,298
1080,298
1081,298
1082,298
1083,298
1084,298
1085,298
1086,298
1087,297
1088,297
1089,297
1090,297
1091,297
1092,297
1093,297
1094,297
1095,297
1096,297
1097,297
1098,297
1099,297
1100,297
1101,297
1102,297
1103,297
1104,297
1105,297
1106,297
1107,297
1108,297
1109,297
1110,297
1111,297
1112,297
1113,297
1114,297
1115,297
1116,297
1117,297
1118,297
1119,297
1120,297
1121,297
1122,297
1123,297
1124,297
1125,297
1126,297
1127,297
1128,297
1129,297
1130,297
1131,297
1132,297
1133,297
1134,297
1135,297
1136,297
1137,297
1138,297
1139,297
1140,297
1141,297
1142,297
1143,297
1144,297
1145,297
1146,297
1147,297
1148,297
1149,297
1150,297
1151,297
1152,297
1153,297
1154,297
1155,297
1156,297
1157,297
1158,297
1159,297
1160,297
1161,297
1162,297
1163,297
1164,297
1165,297
1166,297
1167,297
1168,297
1169,297
1170,297
1171,297
1172,297
1173,297
1174,297
1175,297
1176,297
1177,297
1178,297
1179,297
1180,297
1181,297
1182,297
1183,297
1184,297
1185,297
1186,297
1187,297
1188,297
1189,297
1190,297
1191,297
1192,297
1193,297
1194,297
1195,297
1196,297
1197,297
1198,297
1199,297
1200,297
1201,297
1202,297
1203,297
1204,297
1205,297
1206,297
1207,297
1208,297
1209,297
1210,297
1211,297
1212,297
1213,297
1214,297
1215,297
1216,297
1217,297
1218,297
1219,297
1220,297
1221,297
1222,297
1223,297
1224,297
1225,297
1226,297
1227,297
1228,297
1229,297
1230,297
1231,297
1232,297
1233,297
1234,297
1235,297
1236,297
1237,297
1238,297
1239,297
1240,297
1241,297
1242,297
1243,297
1244,297
1245,297
1246,297
1247,297
1248,297
1249,297
1250,297
1251,297
1252,297
1253,297
1254,297
1255,297
1256,297
1257,297
1258,297
1259,297
1260,297
1261,297
1262,297
1263,297
1264,297
1265,297
1266,297
1267,297
1268,297
1269,297
1270,297
1271,297
1272,297
1273,297
1274,297
1275,297
1276,297
1277,297
1278,297
1279,297
1280,297
1281,297
1282,297
1283,297
1284,297
1285,297
1286,297
1287,297
1288,297
1289,297
1290,297
1291,297
1292,297
1293,297
1294,297
1295,297
1296,297
1297,297
1298,297
1299,297
1300,297
1301,297
1302,297
1303,297
1304,297
1305,297
1306,297
1307,297
1308,297
1309,297
1310,297
1311,297
1312,297
1313,297
1314,297
1315,297
1316,297
1317,297
1318,297
1319,297
1320,297
1321,297
1322,296
1323,296
1324,296
1325,296
1326,296
1327,296
1328,296
1329,296
1330,296
1331,296
1332,296
1333,296
1334,296
1335,296
1336,296
1337,296
1338,296
1339,296
1340,296
1341,296
1342,296
1343,296
1344,296
1345,296
1346,296
1347,296
1348,296
1349,296
1350,296
1351,296
1352,296
1353,296
1354,296
1355,296
1356,296
1357,296
1358,296
1359,296
1360,296
1361,296
1362,295
1363,295
1364,295
1365,295
1366,295
1367,295
1368,295
1369,295
1370,295
1371,295
1372,295
1373,295
1374,295
1375,294
1376,294
1377,294
1378,294
1379,294
1380,294
1381,294
1382,294
1383,294
1384,294
1385,294
1386,294
1387,294
1388,294
1389,294
1390,294
1391,294
1392,294
1393,294
1394,294
1395,294
1396,294
1397,294
1398,294
1399,294
1400,294
1401,294
1402,294
1403,294
1404,294
1405,294
1406,294
1407,294
1408,294
1409,294
1410,294
1411,294
1412,294
1413,294
1414,294
1415,293
1416,293
1417,293
1418,293
1419,293
1420,293
1421,293
1422,293
1423,293
1424,293
1425,293
1426,293
1427,293
1428,293
1429,293
1430,293
1431,292
1432,292
1433,292
1434,292
1435,292
1436,292
1437,292
1438,292
1439,292
1440,292
1441,292
1442,292
1443,292
1444,292
1445,292
1446,292
1447,292
1448,292
1449,292
1450,292
1451,292
1452,292
1453,292
1454,292
1455,292
1456,292
1457,292
1458,292
1459,292
1460,292
1461,292
1462,292
1463,292
1464,292
1465,292
1466,292
1467,292
1468,292
1469,292
1470,292
1471,292
1472,292
1473,292
1474,292
1475,292
1476,292
1477,292
1478,292
1479,292
1480,292
1481,292
1482,292
1483,292
1484,292
1485,292
1486,292
1487,292
1488,292
1489,292
1490,292
1491,292
1492,292
1493,292
1494,292
1495,292
1496,292
1497,292
1498,292
1499,292
1500,292
1501,292
1502,292
1503,292
1504,292
1505,292
1506,292
1507,292
1508,292
1509,292
1510,292
1511,292
1512,292
1513,292
1514,292
1515,292
1516,292
1517,292
1518,292
1519,292
1520,292
1521,292
1522,291
1523,291
1524,291
1525,291
1526,291
1527,291
1528,291
1529,291
1530,291
1531,291
1532,291
1533,291
1534,291
1535,291
1536,291
1537,291
1538,291
1539,291
1540,291
1541,291
1542,291
1543,291
1544,291
1545,291
1546,291
1547,291
1548,291
1549,291
1550,291
1551,291
1552,291
1553,291
1554,291
1555,291
1556,291
1557,291
1558,291
1559,291
1560,291
1561,291
1562,291
1563,291
1564,290
1565,290
1566,290
1567,290
1568,290
1569,290
1570,290
1571,290
1572,290
1573,290
1574,290
1575,290
1576,290
1577,290
1578,290
1579,290
1580,290
1581,290
1582,290
1583,290
1584,290
1585,290
1586,290
1587,290
1588,290
1589,290
1590,290
1591,290
1592,290
1593,290
1594,290
1595,290
1596,290
1597,290
1598,290
1599,290
1600,290
1601,290
1602,290
1603,290
1604,289
1605,289
1606,289
1607,289
1608,289
1609,289
1610,289
1611,289
1612,289
1613,289
1614,289
1615,289
1616,289
1617,289
1618,289
1619,289
1620,289
1621,289
1622,289
1623,289
1624,289
1625,289
1626,289
1627,289
1628,289
1629,289
1630,289
1631,289
1632,289
1633,289
1634,289
1635,289
1636,289
1637,289
1638,289
1639,289
1640,289
1641,289
1642,289
1643,289
1644,289
1645,289
1646,289
1647,289
1648,289
1649,289
1650,289
1651,289
1652,289
1653,289
1654,289
1655,289
1656,289
1657,289
1658,289
1659,289
1660,289
1661,289
1662,289
1663,289
1664,289
1665,289
1666,288
1667,288
1668,288
1669,288
1670,288
1671,288
1672,288
1673,288
1674,288
1675,288
1676,288
1677,288
1678,288
1679,288
1680,288
1681,288
1682,288
1683,288
1684,288
1685,288
1686,288
1687,288
1688,288
1689,288
1690,288
1691,288
1692,288
1693,288
1694,288
1695,288
1696,288
1697,288
1698,288
1699,288
1700,288
1701,288
1702,288
1703,288
1704,288
1705,288
1706,288
1707,288
1708,288
1709,288
1710,288
1711,288
1712,288
1713,288
1714,288
1715,288
1716,287
1717,287
1718,287
1719,287
1720,287
1721,287
1722,287
1723,287
1724,287
1725,287
1726,287
1727,287
1728,287
1729,287
1730,286
1731,286
1732,285
1733,285
1734,285
1735,285
1736,285
1737,285
1738,285
1739,285
1740,285
1741,285
1742,285
1743,285
1744,285
1745,285
1746,285
1747,285
1748,285
1749,285
1750,285
1751,285
1752,285
1753,285
1754,285
1755,285
1756,285
1757,285
1758,285
1759,285
1760,285
1761,285
1762,285
1763,285
1764,285
1765,285
1766,285
1767,285
1768,285
1769,285
1770,285
1771,285
1772,285
1773,285
1774,285
1775,285
1776,285
1777,285
1778,285
1779,285
1780,285
1781,285
1782,285
1783,285
1784,285
1785,285
1786,285
1787,285
1788,285
1789,285
1790,285
1791,285
1792,285
1793,285
1794,285
1795,285
1796,284
1797,284
1798,284
1799,284
1800,284
1801,284
1802,284
1803,284
1804,283
1805,283
1806,283
1807,283
1808,283
1809,283
1810,283
1811,283
1812,283
1813,283
1814,283
1815,283
1816,283
1817,283
1818,283
1819,283
1820,283
1821,283
1822,283
1823,283
1824,283
1825,283
1826,283
1827,283
1828,283
1829,283
1830,283
1831,283
1832,283
1833,283
1834,283
1835,283
1836,283
1837,283
1838,283
1839,283
1840,283
1841,283
1842,283
1843,283
1844,283
1845,283
1846,283
1847,283
1848,283
1849,283
1850,283
1851,283
1852,283
1853,283
1854,283
1855,283
1856,283
1857,283
1858,283
1859,283
1860,283
1861,283
1862,283
1863,283
1864,283
1865,283
1866,283
1867,283
1868,283
1869,283
1870,283
1871,283
1872,283
1873,283
1874,283
1875,283
1876,283
1877,283
1878,283
1879,283
1880,283
1881,283
1882,283
1883,283
1884,283
1885,283
1886,283
1887,283
1888,283
1889,283
1890,283
1891,283
1892,283
1893,283
1894,283
1895,283
1896,283
1897,283
1898,283
1899,283
1900,283
1901,283
1902,283
1903,283
1904,283
1905,283
1906,283
1907,283
1908,283
1909,283
1910,283
1911,283
1912,283
1913,283
1914,283
1915,283
1916,283
1917,283
1918,283
1919,283
1920,283
1921,283
1922,283
1923,283
1924,283
1925,283
1926,283
1927,283
1928,283
1929,283
1930,283
1931,283
1932,283
1933,283
1934,283
1935,283
1936,283
1937,283
1938,283
1939,283
1940,282
1941,282
1942,282
1943,282
1944,282
1945,282
1946,281
1947,281
1948,281
1949,281
1950,281
1951,280
1952,280
1953,280
1954,280
1955,280
1956,280
1957,280
1958,280
1959,280
1960,280
1961,280
1962,280
1963,280
1964,280
1965,280
1966,280
1967,280
1968,280
1969,280
1970,280
1971,280
1972,280
1973,280
1974,280
1975,280
1976,280
1977,280
1978,280
1979,280
1980,280
1981,280
1982,280
1983,280
1984,280
1985,280
1986,280
1987,280
1988,280
1989,280
1990,280
1991,280
1992,280
1993,280
1994,280
1995,280
1996,280
1997,280
1998,280
1999,280
2000,280
2001,280
2002,280
2003,280
2004,280
2005,280
2006,280
2007,280
2008,280
2009,280
2010,280
2011,280
2012,280
2013,280
2014,280
2015,280
2016,280
2017,280
2018,280
2019,280
2020,280
2021,280
2022,280
2023,280
2024,280
2025,280
2026,280
2027,280
2028,280
2029,280
2030,280
2031,280
2032,280
2033,280
2034,280
2035,280
2036,280
2037,280
2038,280
2039,280
2040,280
2041,280
2042,280
2043,280
2044,280
2045,280
2046,280
2047,280
2048,280
2049,280
2050,280
2051,280
2052,280
2053,280
2054,280
2055,280
2056,280
2057,280
2058,280
2059,280
2060,280
2061,280
2062,280
2063,280
2064,280
2065,280
2066,280
2067,280
2068,280
2069,280
2070,279
2071,279
2072,279
2073,279
2074,279
2075,279
2076,279
2077,279
2078,279
2079,279
2080,278
2081,278
2082,278
2083,278
2084,278
2085,278
2086,278
2087,278
2088,278
2089,278
2090,278
2091,278
2092,278
2093,278
2094,278
2095,278
2096,278
2097,278
2098,278
2099,278
2100,278
2101,278
2102,278
2103,278
2104,278
2105,278
2106,278
2107,278
2108,277
2109,277
2110,277
2111,277
2112,277
2113,277
2114,277
2115,277
2116,277
2117,277
2118,277
2119,277
2120,277
2121,277
2122,277
2123,277
2124,276
2125,276
2126,276
2127,276
2128,276
2129,276
2130,276
2131,276
2132,276
2133,276
2134,276
2135,276
2136,276
2137,276
2138,276
2139,276
2140,276
2141,275
2142,275
2143,275
2144,275
2145,275
2146,275
2147,275
2148,275
2149,275
2150,275
2151,275
2152,275
2153,275
2154,275
2155,275
2156,275
2157,275
2158,275
2159,275
2160,275
2161,275
2162,275
2163,275
2164,274
2165,274
2166,274
2167,274
2168,274
2169,274
2170,274
2171,274
2172,274
2173,274
2174,274
2175,274
2176,274
2177,274
2178,274
2179,274
2180,274
2181,274
2182,274
2183,274
2184,274
2185,274
2186,274
2187,274
2188,274
2189,274
2190,274
2191,274
2192,274
2193,274
2194,274
2195,274
2196,274
2197,274
2198,274
2199,274
2200,274
2201,274
2202,274
2203,274
2204,274
2205,274
2206,274
2207,274
2208,274
2209,274
2210,274
2211,274
2212,274
2213,274
2214,273
2215,273
2216,273
2217,273
2218,273
2219,273
2220,273
2221,273
2222,273
2223,273
2224,273
2225,273
2226,273
2227,273
2228,273
2229,273
2230,273
2231,273
2232,273
2233,273
2234,273
2235,273
2236,273
2237,273
2238,273
2239,273
2240,273
2241,273
2242,273
2243,273
2244,273
2245,273
2246,273
2247,273
2248,273
2249,273
2250,273
2251,273
2252,273
2253,273
2254,273
2255,273
2256,273
2257,273
2258,273
2259,273
2260,273
2261,273
2262,273
2263,273
2264,273
2265,273
2266,273
2267,273
2268,273
2269,273
2270,273
2271,273
2272,273
2273,273
2274,273
2275,272
2276,272
2277,272
2278,272
2279,272
2280,272
2281,272
2282,272
2283,272
2284,272
2285,272
2286,272
2287,272
2288,272
2289,272
2290,272
2291,272
2292,272
2293,272
2294,272
2295,272
2296,272
2297,272
2298,272
2299,272
2300,272
2301,272
2302,272
2303,272
2304,272
2305,272
2306,272
2307,272
2308,272
2309,272
2310,272
2311,272
2312,272
2313,272
2314,272
2315,272
2316,272
2317,272
2318,272
2319,272
2320,272
2321,272
2322,272
2323,272
2324,272
2325,272
2326,272
2327,272
2328,272
2329,272
2330,272
2331,272
2332,272
2333,272
2334,272
2335,272
2336,272
2337,272
2338,272
2339,272
2340,272
2341,272
2342,272
2343,272
2344,272
2345,272
2346,272
2347,272
2348,272
2349,272
2350,272
2351,272
2352,271
2353,271
2354,271
2355,271
2356,271
2357,271
2358,271
2359,271
2360,271
2361,271
2362,271
2363,271
2364,271
2365,271
2366,271
2367,271
2368,271
2369,271
2370,271
2371,271
2372,271
2373,271
2374,271
2375,271
2376,271
2377,271
2378,271
2379,271
2380,271
2381,271
2382,271
2383,271
2384,271
2385,271
2386,271
2387,271
2388,271
2389,271
2390,271
2391,271
2392,271
2393,271
2394,271
2395,271
2396,271
2397,271
2398,271
2399,271
2400,271
2401,271
2402,271
2403,271
2404,271
2405,271
2406,271
2407,271
2408,271
2409,271
2410,271
2411,271
2412,271
2413,271
2414,271
2415,271
2416,270
2417,270
2418,270
2419,270
2420,270
2421,270
2422,270
2423,270
2424,270
2425,270
2426,270
2427,270
2428,270
2429,270
2430,270
2431,270
2432,270
2433,270
2434,270
2435,270
2436,270
2437,270
2438,270
2439,270
2440,270
2441,270
2442,270
2443,270
2444,270
2445,270
2446,269
2447,269
2448,269
2449,269
2450,269
2451,269
2452,269
2453,269
2454,269
2455,269
2456,269
2457,269
2458,269
2459,269
2460,269
2461,269
2462,269
2463,269
2464,269
2465,269
2466,269
2467,269
2468,269
2469,269
2470,269
2471,269
2472,269
2473,269
2474,269
2475,269
2476,269
2477,269
2478,269
2479,269
2480,269
2481,269
2482,269
2483,269
2484,269
2485,269
2486,269
2487,269
2488,269
2489,269
2490,269
2491,269
2492,269
2493,268
2494,268
2495,268
2496,268
2497,268
2498,268
2499,268
2500,268
2501,268
2502,268
2503,268
2504,268
2505,268
2506,268
2507,268
2508,267
2509,267
2510,267
2511,267
2512,267
2513,267
2514,267
2515,267
2516,267
2517,267
2518,267
2519,267
2520,267
2521,267
2522,267
2523,267
2524,267
2525,267
2526,267
2527,267
2528,267
2529,267
2530,267
2531,267
2532,267
2533,267
2534,267
2535,267
2536,267
2537,267
2538,267
2539,267
2540,267
2541,266
2542,266
2543,266
2544,266
2545,266
2546,266
2547,266
2548,266
2549,266
2550,266
2551,266
2552,266
2553,266
2554,266
2555,266
2556,266
2557,266
2558,266
2559,266
2560,266
2561,266
2562,266
2563,266
2564,266
2565,266
2566,266
2567,266
2568,266
2569,266
2570,266
2571,266
2572,266
2573,266
2574,266
2575,266
2576,266
2577,266
2578,266
2579,266
2580,266
2581,266
2582,266
2583,266
2584,266
2585,266
2586,266
2587,266
2588,266
2589,266
2590,266
2591,266
2592,266
2593,266
2594,266
2595,266
2596,266
2597,266
2598,266
2599,266
2600,266
2601,266
2602,266
2603,266
2604,266
2605,266
2606,266
2607,266
2608,266
2609,266
2610,266
2611,266
2612,266
2613,266
2614,266
2615,266
2616,266
2617,266
2618,266
2619,266
2620,266
2621,266
2622,266
2623,266
2624,266
2625,266
2626,266
2627,266
2628,266
2629,266
2630,266
2631,266
2632,266
2633,266
2634,266
2635,266
2636,266
2637,266
2638,266
2639,266
2640,266
2641,266
2642,266
2643,266
2644,266
2645,265
2646,265
2647,265
2648,265
2649,265
2650,265
2651,265
2652,265
2653,265
2654,265
2655,265
2656,265
2657,264
2658,264
2659,264
2660,264
2661,264
2662,264
2663,264
2664,264
2665,264
2666,264
2667,264
2668,264
2669,264
2670,264
2671,264
2672,264
2673,264
2674,264
2675,264
2676,264
2677,264
2678,264
2679,264
2680,264
2681,264
2682,264
2683,264
2684,264
2685,264
2686,264
2687,264
2688,264
2689,264
2690,264
2691,264
2692,264
2693,264
2694,264
2695,264
2696,264
2697,264
2698,264
2699,264
2700,264
2701,264
2702,264
2703,264
2704,264
2705,264
2706,264
2707,264
2708,264
2709,264
2710,264
2711,264
2712,264
2713,264
2714,264
2715,264
2716,264
2717,264
2718,264
2719,264
2720,264
2721,264
2722,264
2723,264
2724,264
2725,264
2726,264
2727,264
2728,264
2729,264
2730,264
2731,264
2732,264
2733,264
2734,264
2735,264
2736,264
2737,264
2738,264
2739,264
2740,264
2741,264
2742,264
2743,264
2744,264
2745,264
2746,264
2747,264
2748,264
2749,264
2750,264
2751,264
2752,264
2753,264
2754,264
2755,264
2756,264
2757,264
2758,264
2759,264
2760,264
2761,264
2762,264
2763,264
2764,264
2765,264
2766,264
2767,264
2768,264
2769,264
2770,264
2771,264
2772,264
2773,264
2774,264
2775,264
2776,264
2777,264
2778,264
2779,264
2780,264
2781,263
2782,263
2783,263
2784,263
2785,263
2786,263
2787,263
2788,263
2789,263
2790,263
2791,263
2792,263
2793,263
2794,263
2795,263
2796,263
2797,263
2798,263
2799,263
2800,263
2801,263
2802,263
2803,263
2804,263
2805,263
2806,262
2807,262
2808,262
2809,262
2810,262
2811,262
2812,262
2813,262
2814,262
2815,262
2816,262
2817,262
2818,262
2819,262
2820,262
2821,262
2822,262
2823,262
2824,262
2825,262
2826,262
2827,261
2828,261
2829,261
2830,261
2831,261
2832,261
2833,261
2834,261
2835,261
2836,261
2837,261
2838,261
2839,261
2840,261
2841,261
2842,261
2843,261
2844,261
2845,261
2846,261
2847,261
2848,261
2849,261
2850,261
2851,261
2852,261
2853,261
2854,261
2855,261
2856,260
2857,260
2858,260
2859,260
2860,260
2861,260
2862,260
2863,260
2864,260
2865,260
2866,260
2867,260
2868,260
2869,260
2870,260
2871,260
2872,260
2873,260
2874,260
2875,260
2876,260
2877,260
2878,260
2879,260
2880,260
2881,260
2882,260
2883,260
2884,260
2885,260
2886,260
2887,260
2888,260
2889,260
2890,260
2891,260
2892,260
2893,260
2894,260
2895,260
2896,260
2897,260
2898,260
2899,260
2900,260
2901,260
2902,260
2903,260
2904,260
2905,260
2906,260
2907,260
2908,260
2909,260
2910,260
2911,260
2912,260
2913,260
2914,260
2915,260
2916,260
2917,260
2918,260
2919,260
2920,260
2921,260
2922,260
2923,260
2924,260
2925,260
2926,260
2927,260
2928,260
2929,260
2930,260
2931,260
2932,260
2933,260
2934,260
2935,260
2936,260
2937,259
2938,259
2939,259
2940,259
2941,259
2942,259
2943,258
2944,258
2945,258
2946,258
2947,258
2948,258
2949,258
2950,258
2951,258
2952,258
2953,258
2954,258
2955,258
2956,258
2957,258
2958,258
2959,258
2960,258
2961,258
2962,258
2963,258
2964,258
2965,258
2966,258
2967,258
2968,258
2969,258
2970,258
2971,258
2972,258
2973,258
2974,258
2975,258
2976,257
2977,257
2978,257
2979,257
2980,257
2981,257
2982,257
2983,257
2984,257
2985,257
2986,257
2987,257
2988,257
2989,256
2990,256
2991,256
2992,256
2993,256
2994,256
2995,256
2996,256
2997,256
2998,256
2999,256
3000,256
3001,256
3002,256
3003,256
3004,256
3005,256
3006,256
3007,256
3008,256
3009,256
3010,256
3011,256
3012,256
3013,256
3014,256
3015,256
3016,256
3017,256
3018,256
3019,256
3020,256
3021,256
3022,256
3023,256
3024,256
3025,256
3026,256
3027,256
3028,256
3029,256
3030,256
3031,256
3032,256
3033,256
3034,256
3035,256
3036,256
3037,256
3038,256
3039,256
3040,256
3041,255
3042,255
3043,255
3044,255
3045,255
3046,255
3047,255
3048,255
3049,255
3050,255
3051,255
3052,255
3053,255
3054,255
3055,255
3056,255
3057,255
3058,255
3059,255
3060,255
3061,255
3062,255
3063,255
3064,255
3065,255
3066,255
3067,255
3068,255
3069,255
3070,255
3071,255
3072,255
3073,255
3074,255
3075,255
3076,255
3077,255
3078,255
3079,255
3080,255
3081,255
3082,255
3083,254
3084,254
3085,253
3086,253
3087,252
3088,252
3089,252
3090,252
3091,252
3092,252
3093,252
3094,252
3095,252
3096,252
3097,252
3098,252
3099,252
3100,252
3101,252
3102,252
3103,252
3104,252
3105,252
3106,252
3107,252
3108,252
3109,252
3110,252
3111,252
3112,252
3113,252
3114,252
3115,252
3116,252
3117,252
3118,252
3119,252
3120,252
3121,252
3122,251
3123,251
3124,251
3125,251
3126,251
3127,251
3128,251
3129,251
3130,251
3131,251
3132,251
3133,251
3134,251
3135,251
3136,251
3137,251
3138,251
3139,251
3140,251
3141,251
3142,251
3143,251
3144,251
3145,251
3146,251
3147,251
3148,251
3149,251
3150,251
3151,251
3152,251
3153,251
3154,251
3155,251
3156,251
3157,250
3158,250
3159,250
3160,250
3161,250
3162,250
3163,250
3164,250
3165,250
3166,250
3167,250
3168,250
3169,250
3170,250
3171,250
3172,250
3173,250
3174,250
3175,250
3176,250
3177,250
3178,250
3179,250
3180,250
3181,250
3182,250
3183,250
3184,250
3185,249
3186,249
3187,249
3188,249
3189,249
3190,249
3191,249
3192,249
3193,249
3194,249
3195,249
3196,249
3197,249
3198,249
3199,249
3200,249
3201,249
3202,249
3203,249
3204,249
3205,249
3206,249
3207,249
3208,249
3209,249
3210,249
3211,249
3212,249
3213,249
3214,249
3215,249
3216,249
3217,249
3218,249
3219,249
3220,249
3221,249
3222,249
3223,249
3224,249
3225,249
3226,249
3227,249
3228,249
3229,249
3230,249
3231,248
3232,248
3233,248
3234,248
3235,248
3236,248
3237,248
3238,248
3239,248
3240,248
3241,248
3242,248
3243,248
3244,248
3245,248
3246,248
3247,248
3248,248
3249,248
3250,248
3251,248
3252,248
3253,248
3254,248
3255,248
3256,248
3257,248
3258,248
3259,248
3260,248
3261,248
3262,248
3263,248
3264,248
3265,248
3266,247
3267,247
3268,247
3269,247
3270,247
3271,247
3272,247
3273,247
3274,247
3275,247
3276,247
3277,246
3278,246
3279,246
3280,246
3281,246
3282,245
3283,245
3284,245
3285,245
3286,245
3287,245
3288,245
3289,245
3290,245
3291,245
3292,245
3293,245
3294,245
3295,245
3296,245
3297,245
3298,245
3299,245
3300,245
3301,245
3302,245
3303,245
3304,245
3305,245
3306,245
3307,245
3308,245
3309,245
3310,245
3311,245
3312,245
3313,245
3314,245
3315,245
3316,245
3317,245
3318,245
3319,245
3320,245
3321,245
3322,245
3323,245
3324,244
3325,244
3326,244
3327,244
3328,244
3329,244
3330,243
3331,243
3332,243
3333,243
3334,243
3335,243
3336,243
3337,243
3338,243
3339,243
3340,243
3341,243
3342,243
3343,243
3344,243
3345,243
3346,243
3347,243
3348,243
3349,243
3350,243
3351,243
3352,243
3353,243
3354,243
3355,243
3356,243
3357,243
3358,243
3359,243
3360,243
3361,243
3362,243
3363,243
3364,243
3365,243
3366,243
3367,243
3368,243
3369,243
3370,243
3371,243
3372,243
3373,243
3374,243
3375,243
3376,243
3377,243
3378,243
3379,243
3380,243
3381,243
3382,243
3383,243
3384,243
3385,243
3386,243
3387,243
3388,243
3389,243
3390,243
3391,243
3392,243
3393,243
3394,243
3395,243
3396,243
3397,243
3398,243
3399,243
3400,243
3401,243
3402,243
3403,243
3404,242
3405,242
3406,242
3407,242
3408,242
3409,242
3410,242
3411,242
3412,242
3413,242
3414,242
3415,242
3416,242
3417,242
3418,242
3419,242
3420,242
3421,242
3422,242
3423,242
3424,242
3425,242
3426,242
3427,242
3428,242
3429,242
3430,242
3431,242
3432,242
3433,242
3434,242
3435,242
3436,242
3437,242
3438,242
3439,242
3440,242
3441,242
3442,242
3443,242
3444,242
3445,242
3446,242
3447,242
3448,242
3449,242
3450,242
3451,242
3452,242
3453,242
3454,242
3455,242
3456,242
3457,242
3458,242
3459,242
3460,242
3461,242
3462,242
3463,242
3464,242
3465,242
3466,242
3467,242
3468,242
3469,242
3470,242
3471,241
3472,241
3473,241
3474,241
3475,241
3476,241
3477,241
3478,241
3479,241
3480,241
3481,241
3482,241
3483,241
3484,241
3485,241
3486,241
3487,241
3488,241
3489,241
3490,241
3491,241
3492,241
3493,241
3494,241
3495,241
3496,241
3497,241
3498,241
3499,241
3500,241
3501,241
3502,241
3503,241
3504,241
3505,241
3506,241
3507,241
3508,241
3509,241
3510,241
3511,241
3512,241
3513,241
3514,241
3515,241
3516,241
3517,241
3518,241
3519,241
3520,241
3521,241
3522,241
3523,241
3524,241
3525,241
3526,241
3527,241
3528,241
3529,241
3530,241
3531,241
3532,241
3533,241
3534,241
3535,240
3536,240
3537,240
3538,240
3539,240
3540,240
3541,240
3542,240
3543,240
3544,240
3545,240
3546,240
3547,240
3548,240
3549,240
3550,240
3551,240
3552,240
3553,240
3554,240
3555,240
3556,240
3557,239
3558,239
3559,239
3560,239
3561,239
3562,239
3563,239
3564,239
3565,239
3566,239
3567,239
3568,239
3569,239
3570,239
3571,239
3572,239
3573,239
3574,239
3575,239
3576,239
3577,239
3578,239
3579,239
3580,239
3581,239
3582,239
3583,239
3584,239
3585,239
3586,239
3587,239
3588,239
3589,239
3590,239
3591,239
3592,239
3593,238
3594,238
3595,238
3596,238
3597,238
3598,238
3599,238
3600,238
3601,238
3602,238
3603,238
3604,238
3605,238
3606,238
3607,237
3608,237
3609,237
3610,237
3611,237
3612,237
3613,237
3614,237
3615,237
3616,237
3617,237
3618,237
3619,237
3620,237
3621,237
3622,237
3623,237
3624,237
3625,237
3626,237
3627,237
3628,237
3629,237
3630,237
3631,237
3632,237
3633,237
3634,237
3635,237
3636,237
3637,237
3638,237
3639,237
3640,237
3641,237
3642,237
3643,237
3644,237
3645,237
3646,237
3647,237
3648,237
3649,236
3650,236
3651,236
3652,236
3653,236
3654,236
3655,236
3656,236
3657,236
3658,236
3659,236
3660,236
3661,236
3662,236
3663,236
3664,236
3665,236
3666,236
3667,236
3668,236
3669,236
3670,236
3671,236
3672,236
3673,236
3674,236
3675,236
3676,236
3677,236
3678,236
3679,236
3680,236
3681,236
3682,236
3683,236
3684,236
3685,236
3686,236
3687,236
3688,236
3689,236
3690,236
3691,236
3692,236
3693,236
3694,236
3695,236
3696,236
3697,236
3698,236
3699,236
3700,236
3701,236
3702,236
3703,236
3704,236
3705,236
3706,236
3707,236
3708,236
3709,236
3710,236
3711,236
3712,236
3713,236
3714,236
3715,236
3716,236
3717,236
3718,236
3719,236
3720,236
3721,236
3722,236
3723,236
3724,236
3725,236
3726,236
3727,236
3728,236
3729,236
3730,236
3731,236
3732,236
3733,236
3734,236
3735,235
3736,235
3737,235
3738,235
3739,235
3740,235
3741,235
3742,235
3743,235
3744,235
3745,235
3746,235
3747,235
3748,235
3749,235
3750,235
3751,235
3752,235
3753,235
3754,235
3755,235
3756,235
3757,235
3758,235
3759,235
3760,235
3761,235
3762,235
3763,235
3764,235
3765,235
3766,235
3767,235
3768,235
3769,235
3770,235
3771,235
3772,235
3773,235
3774,235
3775,235
3776,235
3777,235
3778,235
3779,235
3780,235
3781,235
3782,235
3783,235
3784,235
3785,235
3786,235
3787,235
3788,235
3789,235
3790,235
3791,235
3792,235
3793,235
3794,235
3795,234
3796,234
3797,234
3798,234
3799,234
3800,234
3801,234
3802,234
3803,234
3804,234
3805,234
3806,234
3807,234
3808,234
3809,234
3810,234
3811,234
3812,234
3813,234
3814,234
3815,234
3816,234
3817,234
3818,234
3819,234
3820,234
3821,234
3822,234
3823,234
3824,234
3825,234
3826,234
3827,234
3828,234
3829,234
3830,234
3831,234
3832,234
3833,234
3834,234
3835,234
3836,234
3837,234
3838,234
3839,234
3840,234
3841,234
3842,234
3843,234
3844,234
3845,234
3846,234
3847,234
3848,234
3849,234
3850,234
3851,233
3852,233
3853,233
3854,233
3855,233
3856,233
3857,233
3858,233
3859,233
3860,233
3861,233
3862,233
3863,233
3864,233
3865,232
3866,232
3867,232
3868,232
3869,232
3870,232
3871,232
3872,232
3873,232
3874,232
3875,232
3876,232
3877,232
3878,232
3879,232
3880,232
3881,232
3882,232
3883,232
3884,232
3885,232
3886,232
3887,232
3888,231
3889,231
3890,231
3891,231
3892,231
3893,231
3894,231
3895,231
3896,231
3897,231
3898,231
3899,231
3900,231
3901,231
3902,231
3903,231
3904,231
3905,231
3906,231
3907,231
3908,231
3909,231
3910,231
3911,231
3912,231
3913,231
3914,231
3915,231
3916,231
3917,231
3918,231
3919,231
3920,231
3921,231
3922,231
3923,231
3924,231
3925,231
3926,231
3927,231
3928,231
3929,231
3930,231
3931,231
3932,231
3933,231
3934,231
3935,231
3936,231
3937,231
3938,231
3939,231
3940,231
3941,231
3942,231
3943,231
3944,231
3945,231
3946,231
3947,231
3948,231
3949,231
3950,231
3951,231
3952,231
3953,231
3954,231
3955,231
3956,231
3957,231
3958,231
3959,231
3960,231
3961,231
3962,231
3963,231
3964,231
3965,231
3966,231
3967,231
3968,231
3969,231
3970,231
3971,231
3972,231
3973,231
3974,231
3975,231
3976,231
3977,231
3978,231
3979,231
3980,231
3981,231
3982,231
3983,231
3984,231
3985,231
3986,231
3987,231
3988,231
3989,231
3990,231
3991,231
3992,231
3993,231
3994,231
3995,231
3996,231
3997,231
3998,231
3999,231
4000,231
4001,231
4002,231
4003,231
4004,231
4005,231
4006,231
4007,231
4008,231
4009,231
4010,231
4011,231
4012,231
4013,231
4014,231
4015,231
4016,231
4017,231
4018,231
4019,231
4020,231
4021,231
4022,231
4023,231
4024,231
4025,231
4026,231
4027,231
4028,231
4029,231
4030,231
4031,231
4032,231
4033,231
4034,231
4035,231
4036,231
4037,231
4038,231
4039,231
4040,231
4041,231
4042,231
4043,231
4044,231
4045,231
4046,231
4047,231
4048,231
4049,231
4050,231
4051,231
4052,231
4053,231
4054,231
4055,231
4056,231
4057,231
4058,231
4059,231
4060,231
4061,231
4062,231
4063,231
4064,231
4065,231
4066,231
4067,231
4068,231
4069,231
4070,230
4071,230
4072,230
4073,230
4074,230
4075,230
4076,230
4077,230
4078,230
4079,230
4080,229
4081,229
4082,229
4083,229
4084,229
4085,229
4086,229
4087,229
4088,229
4089,229
4090,229
4091,228
4092,228
4093,228
4094,228
4095,228
4096,228
4097,228
4098,228
4099,228
4100,228
4101,228
4102,228
4103,228
4104,228
4105,228
4106,228
4107,228
4108,228
4109,228
4110,228
4111,228
4112,228
4113,228
4114,228
4115,228
4116,228
4117,228
4118,228
4119,228
4120,228
4121,228
4122,228
4123,228
4124,228
4125,228
4126,228
4127,228
4128,228
4129,228
4130,228
4131,228
4132,228
4133,228
4134,228
4135,228
4136,228
4137,228
4138,228
4139,228
4140,228
4141,228
4142,228
4143,228
4144,228
4145,228
4146,228
4147,228
4148,228
4149,228
4150,228
4151,228
4152,228
4153,228
4154,228
4155,228
4156,228
4157,228
4158,228
4159,228
4160,228
4161,228
4162,227
4163,227
4164,227
4165,227
4166,227
4167,227
4168,227
4169,227
4170,227
4171,227
4172,227
4173,227
4174,227
4175,227
4176,227
4177,227
4178,227
4179,227
4180,227
4181,227
4182,227
4183,227
4184,227
4185,227
4186,227
4187,227
4188,227
4189,227
4190,227
4191,226
4192,226
4193,226
4194,226
4195,226
4196,226
4197,226
4198,226
4199,226
4200,226
4201,226
4202,225
4203,225
4204,225
4205,224
4206,224
4207,224
4208,224
4209,224
4210,224
4211,224
4212,224
4213,224
4214,224
4215,224
4216,224
4217,224
4218,224
4219,224
4220,224
4221,224
4222,224
4223,224
4224,224
4225,224
4226,224
4227,224
4228,224
4229,224
4230,224
4231,224
4232,224
4233,224
4234,224
4235,224
4236,224
4237,224
4238,224
4239,224
4240,224
4241,224
4242,224
4243,224
4244,224
4245,224
4246,224
4247,224
4248,224
4249,224
4250,224
4251,224
4252,224
4253,224
4254,224
4255,224
4256,224
4257,224
4258,224
4259,224
4260,224
4261,224
4262,224
4263,224
4264,224
4265,224
4266,224
4267,224
4268,224
4269,224
4270,224
4271,224
4272,224
4273,224
4274,224
4275,223
4276,223
4277,223
4278,223
4279,223
4280,223
4281,223
4282,223
4283,223
4284,223
4285,222
4286,222
4287,222
4288,222
4289,222
4290,222
4291,222
4292,222
4293,222
4294,222
4295,222
4296,222
4297,222
4298,222
4299,222
4300,222
4301,222
4302,222
4303,222
4304,222
4305,222
4306,222
4307,222
4308,222
4309,222
4310,222
4311,222
4312,222
4313,222
4314,222
4315,222
4316,222
4317,222
4318,222
4319,222
4320,222
4321,222
4322,222
4323,222
4324,222
4325,222
4326,222
4327,222
4328,222
4329,222
4330,222
4331,222
4332,222
4333,222
4334,222
4335,222
4336,222
4337,222
4338,222
4339,222
4340,222
4341,222
4342,222
4343,222
4344,222
4345,222
4346,222
4347,222
4348,222
4349,222
4350,222
4351,221
4352,221
4353,221
4354,221
4355,221
4356,221
4357,221
4358,221
4359,221
4360,221
4361,221
4362,221
4363,221
4364,221
4365,221
4366,221
4367,221
4368,221
4369,221
4370,221
4371,221
4372,221
4373,221
4374,221
4375,221
4376,221
4377,221
4378,221
4379,221
4380,221
4381,221
4382,221
4383,221
4384,221
4385,221
4386,221
4387,221
4388,221
4389,221
4390,221
4391,221
4392,221
4393,221
4394,221
4395,221
4396,221
4397,221
4398,221
4399,221
4400,221
4401,221
4402,221
4403,221
4404,221
4405,221
4406,221
4407,221
4408,221
4409,221
4410,221
4411,221
4412,221
4413,221
4414,221
4415,221
4416,221
4417,221
4418,221
4419,221
4420,221
4421,221
4422,221
4423,221
4424,221
4425,221
4426,221
4427,221
4428,221
4429,221
4430,221
4431,221
4432,221
4433,221
4434,221
4435,221
4436,221
4437,221
4438,221
4439,221
4440,221
4441,221
4442,221
4443,221
4444,221
4445,221
4446,221
4447,221
4448,221
4449,221
4450,221
4451,221
4452,221
4453,221
4454,221
4455,221
4456,221
4457,221
4458,221
4459,221
4460,221
4461,221
4462,221
4463,221
4464,221
4465,221
4466,219
4467,219
4468,219
4469,219
4470,219
4471,219
4472,219
4473,219
4474,218
4475,218
4476,218
4477,218
4478,218
4479,218
4480,218
4481,218
4482,218
4483,218
4484,218
4485,218
4486,218
4487,218
4488,218
4489,218
4490,218
4491,218
4492,218
4493,218
4494,218
4495,218
4496,218
4497,218
4498,218
4499,218
4500,218
4501,218
4502,218
4503,218
4504,218
4505,218
4506,218
4507,218
4508,218
4509,218
4510,218
4511,218
4512,218
4513,218
4514,218
4515,218
4516,218
4517,218
4518,218
4519,218
4520,218
4521,218
4522,218
4523,218
4524,218
4525,218
4526,218
4527,218
4528,218
4529,218
4530,218
4531,218
4532,218
4533,218
4534,218
4535,218
4536,218
4537,218
4538,218
4539,218
4540,218
4541,218
4542,218
4543,218
4544,218
4545,218
4546,218
4547,218
4548,217
4549,217
4550,217
4551,217
4552,217
4553,217
4554,217
4555,217
4556,217
4557,217
4558,217
4559,217
4560,217
4561,216
4562,216
4563,216
4564,216
4565,216
4566,216
4567,216
4568,216
4569,216
4570,216
4571,216
4572,216
4573,216
4574,216
4575,216
4576,216
4577,216
4578,216
4579,216
4580,216
4581,216
4582,216
4583,216
4584,216
4585,216
4586,216
4587,216
4588,216
4589,216
4590,216
4591,216
4592,216
4593,216
4594,216
4595,216
4596,216
4597,216
4598,216
4599,216
4600,216
4601,216
4602,216
4603,216
4604,216
4605,216
4606,216
4607,216
4608,216
4609,216
4610,216
4611,216
4612,216
4613,216
4614,216
4615,216
4616,216
4617,216
4618,216
4619,216
4620,216
4621,216
4622,216
4623,216
4624,216
4625,216
4626,216
4627,216
4628,216
4629,216
4630,216
4631,216
4632,216
4633,216
4634,216
4635,216
4636,216
4637,216
4638,216
4639,216
4640,216
4641,216
4642,216
4643,216
4644,216
4645,216
4646,216
4647,216
4648,216
4649,216
4650,216
4651,216
4652,216
4653,216
4654,216
4655,216
4656,216
4657,216
4658,216
4659,216
4660,216
4661,216
4662,216
4663,216
4664,216
4665,216
4666,216
4667,216
4668,216
4669,216
4670,216
4671,216
4672,216
4673,216
4674,216
4675,216
4676,216
4677,216
4678,216
4679,216
4680,216
4681,216
4682,216
4683,216
4684,216
4685,216
4686,216
4687,216
4688,216
4689,216
4690,216
4691,216
4692,216
4693,216
4694,216
4695,216
4696,216
4697,216
4698,216
4699,216
4700,216
4701,216
4702,216
4703,216
4704,216
4705,216
4706,216
4707,216
4708,216
4709,216
4710,216
4711,216
4712,216
4713,216
4714,216
4715,216
4716,216
4717,216
4718,216
4719,216
4720,216
4721,216
4722,216
4723,216
4724,216
4725,216
4726,216
4727,216
4728,216
4729,216
4730,216
4731,216
4732,216
4733,216
4734,216
4735,216
4736,216
4737,216
4738,216
4739,216
4740,216
4741,216
4742,216
4743,216
4744,216
4745,216
4746,216
4747,216
4748,216
4749,216
4750,216
4751,216
4752,216
4753,216
4754,216
4755,216
4756,216
4757,216
4758,216
4759,216
4760,216
4761,216
4762,215
4763,215
4764,215
4765,215
4766,215
4767,215
4768,215
4769,215
4770,215
4771,215
4772,215
4773,215
4774,215
4775,215
4776,215
4777,215
4778,215
4779,215
4780,215
4781,215
4782,215
4783,215
4784,215
4785,215
4786,215
4787,215
4788,215
4789,215
4790,215
4791,215
4792,215
4793,215
4794,215
4795,215
4796,215
4797,215
4798,215
4799,215
4800,215
4801,215
4802,215
4803,215
4804,215
4805,215
4806,215
4807,215
4808,215
4809,215
4810,215
4811,215
4812,215
4813,215
4814,215
4815,215
4816,215
4817,214
4818,214
4819,214
4820,214
4821,214
4822,214
4823,214
4824,214
4825,214
4826,214
4827,214
4828,214
4829,214
4830,214
4831,214
4832,214
4833,214
4834,214
4835,214
4836,214
4837,214
4838,214
4839,214
4840,214
4841,214
4842,214
4843,214
4844,214
4845,214
4846,214
4847,214
4848,214
4849,214
4850,214
4851,214
4852,214
4853,214
4854,214
4855,214
4856,214
4857,214
4858,214
4859,214
4860,214
4861,214
4862,214
4863,214
4864,214
4865,214
4866,214
4867,214
4868,214
4869,214
4870,214
4871,214
4872,214
4873,214
4874,214
4875,214
4876,214
4877,214
4878,214
4879,214
4880,214
4881,214
4882,214
4883,214
4884,214
4885,214
4886,214
4887,214
4888,214
4889,214
4890,214
4891,214
4892,214
4893,214
4894,214
4895,214
4896,214
4897,214
4898,214
4899,214
4900,214
4901,214
4902,214
4903,214
4904,214
4905,214
4906,214
4907,214
4908,214
4909,214
4910,214
4911,214
4912,214
4913,214
4914,214
4915,214
4916,214
4917,214
4918,214
4919,214
4920,214
4921,214
4922,214
4923,214
4924,214
4925,214
4926,214
4927,214
4928,214
4929,214
4930,214
4931,214
4932,214
4933,214
4934,214
4935,214
4936,214
4937,214
4938,214
4939,214
4940,214
4941,214
4942,214
4943,214
4944,214
4945,214
4946,214
4947,214
4948,214
4949,214
4950,214
4951,214
4952,214
4953,214
4954,214
4955,214
4956,214
4957,214
4958,214
4959,214
4960,214
4961,214
4962,214
4963,214
4964,214
4965,214
4966,214
4967,214
4968,214
4969,214
4970,214
4971,214
4972,214
4973,214
4974,214
4975,214
4976,214
4977,214
4978,214
4979,214
4980,214
4981,214
4982,214
4983,214
4984,214
4985,214
4986,214
4987,214
4988,214
4989,214
4990,214
4991,214
4992,214
4993,214
4994,214
4995,214
4996,214
4997,214
4998,214
4999,214
5000,214
5001,214
5002,214
5003,214
5004,214
5005,214
5006,214
5007,214
5008,214
5009,214
5010,214
5011,214
5012,214
5013,214
5014,214
5015,214
5016,214
5017,214
5018,214
5019,214
5020,214
5021,214
5022,214
5023,214
5024,214
5025,214
5026,214
5027,214
5028,214
5029,214
5030,214
5031,214
5032,214
5033,214
5034,214
5035,214
5036,214
5037,214
5038,214
5039,214
5040,214
5041,214
5042,214
5043,214
5044,214
5045,214
5046,214
5047,214
5048,214
5049,214
5050,214
5051,214
5052,214
5053,214
5054,214
5055,214
5056,214
5057,214
5058,214
5059,214
5060,214
5061,214
5062,214
5063,214
5064,214
5065,214
5066,214
5067,214
5068,214
5069,214
5070,214
5071,214
5072,214
5073,214
5074,214
5075,214
5076,214
5077,214
5078,214
5079,214
5080,214
5081,214
5082,214
5083,214
5084,214
5085,214
5086,214
5087,214
5088,214
5089,214
5090,214
5091,214
5092,214
5093,214
5094,214
5095,214
5096,214
5097,214
5098,214
5099,214
5100,214
5101,214
5102,214
5103,214
5104,214
5105,214
5106,214
5107,214
5108,214
5109,214
5110,214
5111,214
5112,214
5113,214
5114,213
5115,213
5116,213
5117,213
5118,213
5119,213
5120,213
5121,213
5122,213
5123,213
5124,213
5125,213
5126,213
5127,213
5128,213
5129,213
5130,213
5131,213
5132,213
5133,212
5134,212
5135,212
5136,212
5137,212
5138,212
5139,212
5140,212
5141,212
5142,212
5143,212
5144,212
5145,212
5146,212
5147,212
5148,212
5149,212
5150,212
5151,212
5152,212
5153,212
5154,212
5155,212
5156,212
5157,212
5158,212
5159,212
5160,212
5161,212
5162,212
5163,212
5164,212
5165,212
5166,212
5167,212
5168,212
5169,212
5170,212
5171,212
5172,212
5173,212
5174,212
5175,212
5176,212
5177,212
5178,212
5179,212
5180,212
5181,212
5182,212
5183,212
5184,212
5185,212
5186,212
5187,212
5188,212
5189,212
5190,212
5191,212
5192,212
5193,212
5194,212
5195,212
5196,212
5197,212
5198,212
5199,212
5200,212
5201,212
5202,212
5203,212
5204,212
5205,212
5206,212
5207,212
5208,212
5209,212
5210,212
5211,212
5212,212
5213,212
5214,212
5215,212
5216,212
5217,212
5218,212
5219,212
5220,212
5221,212
5222,212
5223,212
5224,212
5225,212
5226,212
5227,212
5228,212
5229,212
5230,212
5231,212
5232,212
5233,212
5234,212
5235,211
5236,211
5237,211
5238,211
5239,211
5240,211
5241,211
5242,211
5243,211
5244,211
5245,211
5246,211
5247,211
5248,211
5249,211
5250,211
5251,211
5252,211
5253,211
5254,211
5255,211
5256,211
5257,211
5258,211
5259,211
5260,211
5261,211
5262,211
5263,211
5264,211
5265,211
5266,211
5267,210
5268,210
5269,210
5270,210
5271,210
5272,210
5273,210
5274,210
5275,210
5276,210
5277,210
5278,210
5279,210
5280,210
5281,210
5282,210
5283,210
5284,210
5285,209
5286,209
5287,209
5288,209
5289,209
5290,209
5291,209
5292,209
5293,209
5294,209
5295,209
5296,209
5297,209
5298,209
5299,209
5300,209
5301,209
5302,209
5303,209
5304,209
5305,209
5306,209
5307,209
5308,209
5309,209
5310,209
5311,209
5312,209
5313,209
5314,209
5315,209
5316,209
5317,209
5318,209
5319,209
5320,209
5321,209
5322,209
5323,209
5324,209
5325,209
5326,209
5327,209
5328,209
5329,209
5330,209
5331,209
5332,209
5333,209
5334,209
5335,209
5336,209
5337,209
5338,209
5339,209
5340,209
5341,209
5342,209
5343,209
5344,209
5345,209
5346,209
5347,209
5348,209
5349,209
5350,209
5351,209
5352,209
5353,209
5354,209
5355,209
5356,209
5357,209
5358,209
5359,209
5360,209
5361,209
5362,209
5363,209
5364,209
5365,209
5366,209
5367,209
5368,209
5369,209
5370,209
5371,209
5372,209
5373,209
5374,209
5375,209
5376,209
5377,209
5378,209
5379,209
5380,209
5381,209
5382,209
5383,209
5384,209
5385,209
5386,209
5387,209
5388,209
5389,209
5390,209
5391,208
5392,208
5393,208
5394,208
5395,208
5396,208
5397,208
5398,208
5399,208
5400,208
5401,208
5402,208
5403,208
5404,208
5405,208
5406,208
5407,208
5408,208
5409,208
5410,208
5411,208
5412,208
5413,208
5414,208
5415,208
5416,208
5417,208
5418,208
5419,208
5420,208
5421,208
5422,208
5423,208
5424,208
5425,208
5426,208
5427,208
5428,208
5429,208
5430,208
5431,208
5432,208
5433,208
5434,208
5435,208
5436,208
5437,208
5438,208
5439,208
5440,208
5441,208
5442,208
5443,208
5444,208
5445,208
5446,208
5447,208
5448,208
5449,208
5450,208
5451,208
5452,208
5453,208
5454,208
5455,208
5456,208
5457,208
5458,208
5459,208
5460,208
5461,208
5462,208
5463,208
5464,208
5465,208
5466,208
5467,208
5468,208
5469,208
5470,208
5471,208
5472,208
5473,208
5474,208
5475,208
5476,208
5477,208
5478,208
5479,208
5480,208
5481,208
5482,208
5483,208
5484,208
5485,208
5486,208
5487,208
5488,208
5489,208
5490,208
5491,208
5492,208
5493,208
5494,208
5495,208
5496,208
5497,208
5498,208
5499,208
5500,208
5501,208
5502,208
5503,208
5504,208
5505,208
5506,208
5507,208
5508,208
5509,208
5510,208
5511,208
5512,208
5513,208
5514,208
5515,208
5516,208
5517,208
5518,208
5519,208
5520,208
5521,208
5522,208
5523,208
5524,208
5525,208
5526,208
5527,208
5528,208
5529,208
5530,208
5531,208
5532,208
5533,208
5534,208
5535,208
5536,208
5537,208
5538,208
5539,208
5540,208
5541,208
5542,208
5543,208
5544,208
5545,208
5546,208
5547,208
5548,208
5549,208
5550,208
5551,208
5552,208
5553,208
5554,208
5555,208
5556,208
5557,208
5558,208
5559,208
5560,208
5561,208
5562,208
5563,208
5564,208
5565,208
5566,208
5567,208
5568,208
5569,208
5570,208
5571,208
5572,208
5573,208
5574,208
5575,208
5576,208
5577,208
5578,208
5579,208
5580,208
5581,208
5582,208
5583,208
5584,208
5585,208
5586,208
5587,208
5588,208
5589,208
5590,208
5591,208
5592,208
5593,208
5594,208
5595,208
5596,208
5597,208
5598,208
5599,208
5600,208
5601,208
5602,208
5603,208
5604,208
5605,208
5606,208
5607,208
5608,208
5609,208
5610,208
5611,208
5612,208
5613,208
5614,208
5615,208
5616,208
5617,208
5618,208
5619,208
5620,208
5621,208
5622,208
5623,208
5624,208
5625,208
5626,208
5627,208
5628,208
5629,208
5630,208
5631,208
5632,208
5633,208
5634,208
5635,208
5636,208
5637,208
5638,208
5639,208
5640,208
5641,208
5642,208
5643,208
5644,208
5645,208
5646,208
5647,208
5648,208
5649,208
5650,208
5651,208
5652,208
5653,208
5654,208
5655,208
5656,208
5657,208
5658,208
5659,208
5660,208
5661,208
5662,208
5663,208
5664,208
5665,208
5666,208
5667,208
5668,208
5669,208
5670,208
5671,208
5672,208
5673,208
5674,208
5675,208
5676,208
5677,208
5678,208
5679,208
5680,208
5681,208
5682,208
5683,208
5684,208
5685,208
5686,208
5687,208
5688,208
5689,208
5690,208
5691,208
5692,208
5693,208
5694,208
5695,208
5696,208
5697,208
5698,208
5699,208
5700,208
5701,208
5702,208
5703,208
5704,208
5705,208
5706,208
5707,208
5708,208
5709,208
5710,208
5711,208
5712,208
5713,208
5714,208
5715,208
5716,208
5717,208
5718,208
5719,208
5720,208
5721,208
5722,208
5723,208
5724,208
5725,208
5726,208
5727,208
5728,208
5729,208
5730,208
5731,208
5732,208
5733,208
5734,208
5735,208
5736,208
5737,208
5738,208
5739,208
5740,208
5741,208
5742,208
5743,208
5744,207
5745,207
5746,207
5747,207
5748,207
5749,207
5750,207
5751,207
5752,207
5753,207
5754,207
5755,207
5756,207
5757,207
5758,207
5759,207
5760,207
5761,207
5762,207
5763,207
5764,207
5765,207
5766,207
5767,207
5768,207
5769,207
5770,207
5771,207
5772,207
5773,207
5774,207
5775,207
5776,207
5777,207
5778,207
5779,207
5780,207
5781,207
5782,207
5783,207
5784,207
5785,207
5786,207
5787,207
5788,207
5789,207
5790,207
5791,207
5792,207
5793,207
5794,207
5795,207
5796,207
5797,207
5798,207
5799,207
5800,207
5801,207
5802,207
5803,207
5804,207
5805,206
5806,206
5807,206
5808,206
5809,206
5810,206
5811,206
5812,206
5813,206
5814,206
5815,206
5816,206
5817,206
5818,206
5819,206
5820,206
5821,206
5822,206
5823,206
5824,206
5825,206
5826,206
5827,206
5828,206
5829,206
5830,206
5831,206
5832,206
5833,206
5834,206
5835,206
5836,206
5837,206
5838,206
5839,206
5840,206
5841,206
5842,206
5843,206
5844,206
5845,206
5846,206
5847,206
5848,206
5849,206
5850,206
5851,206
5852,206
5853,206
5854,206
5855,206
5856,206
5857,206
5858,206
5859,206
5860,206
5861,206
5862,206
5863,206
5864,206
5865,206
5866,206
5867,206
5868,206
5869,206
5870,206
5871,206
5872,206
5873,206
5874,206
5875,206
5876,206
5877,206
5878,206
5879,206
5880,206
5881,206
5882,206
5883,206
5884,206
5885,206
5886,206
5887,206
5888,206
5889,206
5890,206
5891,206
5892,206
5893,206
5894,206
5895,206
5896,206
5897,206
5898,206
5899,206
5900,206
5901,206
5902,206
5903,206
5904,206
5905,206
5906,206
5907,206
5908,206
5909,206
5910,206
5911,206
5912,206
5913,206
5914,206
5915,206
5916,206
5917,206
5918,206
5919,206
5920,206
5921,206
5922,206
5923,206
5924,206
5925,206
5926,206
5927,206
5928,206
5929,206
5930,206
5931,206
5932,206
5933,206
5934,206
5935,206
5936,206
5937,206
5938,206
5939,206
5940,206
5941,206
5942,206
5943,206
5944,206
5945,206
5946,206
5947,206
5948,206
5949,206
5950,206
5951,206
5952,206
5953,206
5954,206
5955,206
5956,206
5957,206
5958,206
5959,206
5960,205
5961,205
5962,205
5963,205
5964,205
5965,205
5966,205
5967,205
5968,205
5969,205
5970,205
5971,205
5972,205
5973,205
5974,205
5975,205
5976,205
5977,205
5978,205
5979,205
5980,205
5981,205
5982,205
5983,205
5984,205
5985,205
5986,205
5987,205
5988,205
5989,205
5990,205
5991,205
5992,205
5993,205
5994,205
5995,205
5996,205
5997,205
5998,205
5999,205
6000,205
6001,205
6002,205
6003,205
6004,205
6005,205
6006,205
6007,205
6008,205
6009,205
6010,205
6011,205
6012,205
6013,205
6014,205
6015,205
6016,205
6017,205
6018,205
6019,205
6020,205
6021,205
6022,205
6023,205
6024,205
6025,205
6026,205
6027,205
6028,205
6029,205
6030,205
6031,205
6032,205
6033,205
6034,205
6035,205
6036,205
6037,205
6038,205
6039,205
6040,205
6041,205
6042,205
6043,205
6044,205
6045,205
6046,205
6047,205
6048,205
6049,205
6050,205
6051,205
6052,205
6053,205
6054,205
6055,205
6056,205
6057,205
6058,205
6059,205
6060,205
6061,205
6062,205
6063,205
6064,205
6065,205
6066,205
6067,205
6068,205
6069,205
6070,205
6071,205
6072,205
6073,205
6074,205
6075,205
6076,205
6077,205
6078,205
6079,205
6080,205
6081,205
6082,205
6083,205
6084,205
6085,205
6086,205
6087,205
6088,205
6089,205
6090,205
6091,205
6092,205
6093,205
6094,205
6095,205
6096,205
6097,205
6098,205
6099,205
6100,205
6101,205
6102,205
6103,205
6104,205
6105,205
6106,205
6107,205
6108,205
6109,205
6110,205
6111,205
6112,205
6113,205
6114,205
6115,205
6116,205
6117,205
6118,205
6119,205
6120,205
6121,205
6122,205
6123,205
6124,205
6125,205
6126,205
6127,205
6128,205
6129,205
6130,205
6131,205
6132,205
6133,205
6134,205
6135,205
6136,205
6137,205
6138,205
6139,205
6140,205
6141,205
6142,205
6143,205
6144,205
6145,205
6146,205
6147,205
6148,205
6149,205
6150,205
6151,205
6152,205
6153,205
6154,205
6155,205
6156,205
6157,205
6158,205
6159,205
6160,205
6161,205
6162,205
6163,205
6164,205
6165,205
6166,205
6167,205
6168,205
6169,205
6170,205
6171,205
6172,205
6173,205
6174,205
6175,205
6176,205
6177,205
6178,205
6179,205
6180,205
6181,205
6182,205
6183,205
6184,205
6185,205
6186,205
6187,205
6188,205
6189,205
6190,205
6191,205
6192,205
6193,205
6194,205
6195,205
6196,205
6197,205
6198,205
6199,205
6200,205
6201,205
6202,205
6203,205
6204,205
6205,205
6206,205
6207,205
6208,205
6209,205
6210,204
6211,204
6212,204
6213,204
6214,204
6215,204
6216,204
6217,204
6218,204
6219,204
6220,204
6221,204
6222,204
6223,204
6224,204
6225,204
6226,204
6227,204
6228,204
6229,204
6230,204
6231,204
6232,204
6233,204
6234,204
6235,204
6236,204
6237,204
6238,204
6239,204
6240,204
6241,204
6242,204
6243,204
6244,204
6245,204
6246,204
6247,204
6248,204
6249,204
6250,204
6251,204
6252,204
6253,204
6254,204
6255,204
6256,204
6257,204
6258,204
6259,204
6260,204
6261,204
6262,204
6263,204
6264,204
6265,204
6266,204
6267,204
6268,204
6269,204
6270,204
6271,204
6272,204
6273,204
6274,204
6275,204
6276,204
6277,204
6278,204
6279,204
6280,204
6281,204
6282,204
6283,204
6284,204
6285,204
6286,204
6287,204
6288,204
6289,204
6290,204
6291,204
6292,204
6293,204
6294,204
6295,204
6296,204
6297,204
6298,204
6299,204
6300,204
6301,204
6302,204
6303,204
6304,204
6305,204
6306,204
6307,204
6308,204
6309,204
6310,204
6311,204
6312,204
6313,204
6314,204
6315,204
6316,204
6317,204
6318,204
6319,204
6320,204
6321,204
6322,204
6323,204
6324,204
6325,204
6326,204
6327,204
6328,204
6329,204
6330,204
6331,204
6332,204
6333,204
6334,204
6335,204
6336,204
6337,204
6338,204
6339,204
6340,204
6341,204
6342,204
6343,204
6344,203
6345,203
6346,203
6347,203
6348,203
6349,203
6350,203
6351,203
6352,203
6353,203
6354,203
6355,203
6356,203
6357,203
6358,203
6359,203
6360,203
6361,203
6362,203
6363,203
6364,203
6365,203
6366,203
6367,203
6368,203
6369,203
6370,203
6371,203
6372,203
6373,203
6374,203
6375,203
6376,203
6377,203
6378,203
6379,203
6380,203
6381,203
6382,203
6383,203
6384,203
6385,203
6386,203
6387,203
6388,203
6389,203
6390,203
6391,203
6392,203
6393,203
6394,203
6395,203
6396,203
6397,203
6398,203
6399,203
6400,203
6401,203
6402,203
6403,203
6404,202
6405,202
6406,202
6407,202
6408,202
6409,202
6410,202
6411,202
6412,202
6413,202
6414,202
6415,202
6416,202
6417,202
6418,202
6419,202
6420,202
6421,202
6422,202
6423,202
6424,202
6425,202
6426,202
6427,202
6428,202
6429,202
6430,202
6431,202
6432,202
6433,202
6434,202
6435,202
6436,202
6437,202
6438,202
6439,202
6440,202
6441,202
6442,202
6443,202
6444,202
6445,202
6446,202
6447,202
6448,202
6449,202
6450,202
6451,202
6452,202
6453,202
6454,202
6455,202
6456,202
6457,202
6458,202
6459,202
6460,202
6461,202
6462,202
6463,202
6464,202
6465,202
6466,202
6467,202
6468,202
6469,202
6470,202
6471,202
6472,202
6473,202
6474,202
6475,202
6476,202
6477,202
6478,202
6479,202
6480,202
6481,202
6482,202
6483,202
6484,202
6485,202
6486,202
6487,202
6488,202
6489,202
6490,202
6491,202
6492,202
6493,202
6494,202
6495,202
6496,202
6497,202
6498,202
6499,202
6500,202
6501,202
6502,202
6503,202
6504,202
6505,202
6506,202
6507,202
6508,202
6509,202
6510,202
6511,202
6512,202
6513,202
6514,202
6515,202
6516,202
6517,202
6518,202
6519,202
6520,202
6521,202
6522,202
6523,202
6524,202
6525,202
6526,202
6527,202
6528,202
6529,202
6530,202
6531,202
6532,202
6533,202
6534,202
6535,202
6536,202
6537,202
6538,202
6539,202
6540,202
6541,202
6542,202
6543,202
6544,202
6545,202
6546,202
6547,202
6548,202
6549,202
6550,202
6551,202
6552,202
6553,202
6554,202
6555,202
6556,202
6557,202
6558,202
6559,202
6560,202
6561,202
6562,202
6563,202
6564,202
6565,202
6566,202
6567,202
6568,202
6569,202
6570,202
6571,202
6572,202
6573,202
6574,202
6575,202
6576,202
6577,202
6578,202
6579,202
6580,202
6581,202
6582,202
6583,202
6584,202
6585,202
6586,202
6587,202
6588,202
6589,202
6590,202
6591,202
6592,202
6593,202
6594,202
6595,202
6596,202
6597,202
6598,202
6599,202
6600,202
6601,202
6602,202
6603,202
6604,202
6605,202
6606,202
6607,202
6608,202
6609,202
6610,202
6611,202
6612,202
6613,202
6614,202
6615,202
6616,202
6617,202
6618,202
6619,202
6620,202
6621,202
6622,202
6623,202
6624,202
6625,202
6626,202
6627,202
6628,202
6629,202
6630,202
6631,202
6632,202
6633,202
6634,202
6635,202
6636,202
6637,202
6638,202
6639,202
6640,202
6641,202
6642,202
6643,202
6644,202
6645,202
6646,202
6647,202
6648,202
6649,202
6650,202
6651,202
6652,201
6653,201
6654,201
6655,201
6656,201
6657,201
6658,201
6659,201
6660,201
6661,201
6662,201
6663,201
6664,201
6665,201
6666,201
6667,201
6668,201
6669,201
6670,201
6671,201
6672,201
6673,201
6674,201
6675,201
6676,201
6677,201
6678,201
6679,201
6680,201
6681,201
6682,201
6683,201
6684,201
6685,201
6686,201
6687,201
6688,201
6689,200
6690,200
6691,200
6692,200
6693,200
6694,200
6695,200
6696,200
6697,200
6698,200
6699,200
6700,200
6701,200
6702,200
6703,200
6704,200
6705,199
6706,199
6707,199
6708,199
6709,199
6710,199
6711,199
6712,199
6713,199
6714,199
6715,199
6716,199
6717,199
6718,199
6719,199
6720,199
6721,199
6722,199
6723,199
6724,199
6725,199
6726,199
6727,199
6728,199
6729,199
6730,198
6731,198
6732,198
6733,198
6734,198
6735,198
6736,198
6737,198
6738,198
6739,198
6740,198
6741,198
6742,198
6743,198
6744,198
6745,198
6746,198
6747,198
6748,198
6749,198
6750,198
6751,198
6752,198
6753,198
6754,198
6755,198
6756,198
6757,198
6758,198
6759,198
6760,198
6761,198
6762,198
6763,198
6764,198
6765,197
6766,197
6767,197
6768,197
6769,197
6770,197
6771,197
6772,197
6773,197
6774,197
6775,197
6776,197
6777,197
6778,197
6779,197
6780,197
6781,197
6782,197
6783,197
6784,197
6785,197
6786,197
6787,197
6788,197
6789,197
6790,197
6791,197
6792,197
6793,197
6794,197
6795,197
6796,197
6797,197
6798,197
6799,197
6800,197
6801,197
6802,197
6803,197
6804,197
6805,197
6806,197
6807,197
6808,197
6809,197
6810,197
6811,197
6812,197
6813,197
6814,196
6815,196
6816,196
6817,196
6818,196
6819,196
6820,196
6821,195
6822,195
6823,195
6824,195
6825,195
6826,195
6827,195
6828,195
6829,195
6830,195
6831,195
6832,195
6833,195
6834,195
6835,195
6836,195
6837,195
6838,195
6839,195
6840,195
6841,195
6842,195
6843,195
6844,195
6845,195
6846,195
6847,195
6848,195
6849,195
6850,195
6851,195
6852,195
6853,195
6854,195
6855,195
6856,195
6857,195
6858,195
6859,195
6860,195
6861,194
6862,194
6863,194
6864,194
6865,194
6866,194
6867,194
6868,194
6869,194
6870,194
6871,194
6872,194
6873,194
6874,194
6875,194
6876,194
6877,194
6878,194
6879,194
6880,194
6881,194
6882,194
6883,194
6884,193
6885,193
6886,193
6887,193
6888,193
6889,193
6890,193
6891,193
6892,193
6893,193
6894,193
6895,193
6896,193
6897,193
6898,193
6899,193
6900,193
6901,193
6902,193
6903,193
6904,193
6905,193
6906,193
6907,193
6908,193
6909,193
6910,193
6911,193
6912,193
6913,193
6914,193
6915,193
6916,193
6917,193
6918,193
6919,193
6920,193
6921,193
6922,193
6923,193
6924,193
6925,193
6926,193
6927,193
6928,193
6929,193
6930,193
6931,193
6932,193
6933,193
6934,193
6935,193
6936,193
6937,193
6938,192
6939,192
6940,191
6941,191
6942,191
6943,191
6944,191
6945,191
6946,191
6947,191
6948,191
6949,191
6950,191
6951,191
6952,191
6953,191
6954,191
6955,191
6956,191
6957,191
6958,191
6959,191
6960,191
6961,191
6962,191
6963,191
6964,191
6965,191
6966,191
6967,191
6968,191
6969,191
6970,191
6971,191
6972,191
6973,191
6974,191
6975,191
6976,191
6977,191
6978,191
6979,191
6980,191
6981,191
6982,191
6983,191
6984,191
6985,191
6986,191
6987,191
6988,191
6989,191
6990,191
6991,191
6992,191
6993,191
6994,191
6995,191
6996,191
6997,191
6998,191
6999,191
7000,191
7001,191
7002,191
7003,191
7004,191
7005,191
7006,191
7007,191
7008,191
7009,191
7010,191
7011,191
7012,191
7013,191
7014,191
7015,191
7016,191
7017,190
7018,190
7019,190
7020,190
7021,190
7022,190
7023,190
7024,190
7025,190
7026,190
7027,190
7028,190
7029,190
7030,190
7031,190
7032,190
7033,190
7034,190
7035,190
7036,190
7037,190
7038,190
7039,190
7040,190
7041,190
7042,190
7043,190
7044,190
7045,190
7046,190
7047,190
7048,190
7049,190
7050,190
7051,190
7052,190
7053,190
7054,190
7055,190
7056,190
7057,190
7058,190
7059,190
7060,190
7061,190
7062,190
7063,190
7064,190
7065,190
7066,190
7067,190
7068,190
7069,190
7070,190
7071,190
7072,190
7073,190
7074,190
7075,190
7076,190
7077,190
7078,190
7079,190
7080,190
7081,190
7082,190
7083,190
7084,190
7085,190
7086,190
7087,189
7088,189
7089,189
7090,189
7091,188
7092,188
7093,188
7094,188
7095,188
7096,188
7097,188
7098,188
7099,188
7100,188
7101,188
7102,188
7103,188
7104,188
7105,188
7106,188
7107,188
7108,187
7109,187
7110,187
7111,187
7112,187
7113,187
7114,187
7115,186
7116,186
7117,186
7118,186
7119,186
7120,186
7121,186
7122,186
7123,186
7124,186
7125,186
7126,186
7127,186
7128,186
7129,186
7130,186
7131,186
7132,186
7133,185
7134,185
7135,185
7136,185
7137,185
7138,185
7139,185
7140,184
7141,184
7142,184
7143,184
7144,184
7145,184
7146,184
7147,184
7148,184
7149,184
7150,184
7151,184
7152,184
7153,184
7154,184
7155,184
7156,184
7157,184
7158,184
7159,184
7160,184
7161,184
7162,184
7163,184
7164,184
7165,184
7166,184
7167,184
7168,184
7169,184
7170,184
7171,184
7172,184
7173,184
7174,184
7175,184
7176,184
7177,184
7178,184
7179,184
7180,184
7181,184
7182,184
7183,184
7184,184
7185,184
7186,184
7187,184
7188,184
7189,184
7190,184
7191,184
7192,184
7193,184
7194,184
7195,184
7196,184
7197,184
7198,184
7199,184
7200,184
7201,184
7202,184
7203,184
7204,184
7205,184
7206,184
7207,184
7208,184
7209,184
7210,184
7211,184
7212,184
7213,184
7214,184
7215,184
7216,184
7217,184
7218,184
7219,184
7220,184
7221,184
7222,184
7223,184
7224,184
7225,184
7226,184
7227,184
7228,184
7229,184
7230,184
7231,184
7232,184
7233,183
7234,183
7235,183
7236,183
7237,183
7238,183
7239,183
7240,183
7241,183
7242,183
7243,183
7244,183
7245,183
7246,183
7247,183
7248,183
7249,183
7250,183
7251,183
7252,183
7253,183
7254,183
7255,183
7256,183
7257,183
7258,183
7259,183
7260,183
7261,183
7262,183
7263,183
7264,183
7265,183
7266,183
7267,183
7268,183
7269,183
7270,183
7271,183
7272,183
7273,183
7274,183
7275,183
7276,183
7277,183
7278,183
7279,183
7280,183
7281,183
7282,183
7283,183
7284,183
7285,183
7286,183
7287,183
7288,183
7289,183
7290,183
7291,183
7292,183
7293,183
7294,183
7295,183
7296,183
7297,183
7298,183
7299,183
7300,183
7301,183
7302,183
7303,183
7304,183
7305,183
7306,183
7307,183
7308,183
7309,183
7310,183
7311,183
7312,183
7313,183
7314,183
7315,182
7316,182
7317,182
7318,182
7319,182
7320,182
7321,182
7322,182
7323,182
7324,182
7325,182
7326,182
7327,182
7328,182
7329,182
7330,182
7331,182
7332,182
7333,182
7334,182
7335,182
7336,182
7337,182
7338,182
7339,182
7340,182
7341,182
7342,182
7343,182
7344,182
7345,182
7346,182
7347,182
7348,182
7349,182
7350,182
7351,182
7352,182
7353,182
7354,182
7355,182
7356,182
7357,182
7358,182
7359,182
7360,182
7361,182
7362,182
7363,182
7364,182
7365,182
7366,182
7367,182
7368,182
7369,182
7370,182
7371,182
7372,182
7373,182
7374,182
7375,182
7376,182
7377,182
7378,182
7379,182
7380,182
7381,182
7382,182
7383,182
7384,182
7385,181
7386,181
7387,181
7388,181
7389,181
7390,181
7391,181
7392,181
7393,181
7394,181
7395,181
7396,181
7397,181
7398,181
7399,181
7400,181
7401,181
7402,181
7403,181
7404,181
7405,181
7406,181
7407,181
7408,181
7409,181
7410,181
7411,181
7412,181
7413,181
7414,181
7415,181
7416,181
7417,181
7418,181
7419,181
7420,181
7421,181
7422,181
7423,181
7424,181
7425,181
7426,181
7427,181
7428,181
7429,181
7430,180
7431,180
7432,180
7433,180
7434,180
7435,180
7436,180
7437,180
7438,180
7439,180
7440,180
7441,180
7442,180
7443,180
7444,180
7445,180
7446,180
7447,180
7448,180
7449,180
7450,180
7451,180
7452,180
7453,180
7454,180
7455,180
7456,180
7457,180
7458,180
7459,180
7460,180
7461,180
7462,180
7463,180
7464,180
7465,180
7466,180
7467,180
7468,180
7469,180
7470,180
7471,180
7472,180
7473,180
7474,180
7475,180
7476,180
7477,180
7478,180
7479,180
7480,180
7481,180
7482,180
7483,180
7484,180
7485,180
7486,180
7487,180
7488,180
7489,180
7490,180
7491,180
7492,180
7493,180
7494,180
7495,180
7496,180
7497,180
7498,180
7499,180
7500,180
7501,180
7502,180
7503,180
7504,180
7505,180
7506,180
7507,180
7508,180
7509,180
7510,180
7511,180
7512,180
7513,180
7514,180
7515,180
7516,180
7517,180
7518,180
7519,180
7520,180
7521,180
7522,180
7523,180
7524,180
7525,180
7526,180
7527,180
7528,180
7529,180
7530,180
7531,180
7532,180
7533,180
7534,180
7535,180
7536,180
7537,180
7538,180
7539,180
7540,180
7541,180
7542,180
7543,180
7544,180
7545,180
7546,180
7547,180
7548,180
7549,180
7550,180
7551,180
7552,180
7553,180
7554,180
7555,180
7556,180
7557,180
7558,180
7559,180
7560,180
7561,180
7562,180
7563,180
7564,180
7565,180
7566,180
7567,180
7568,180
7569,180
7570,180
7571,180
7572,180
7573,180
7574,180
7575,180
7576,180
7577,180
7578,180
7579,180
7580,180
7581,180
7582,180
7583,180
7584,180
7585,180
7586,180
7587,180
7588,180
7589,180
7590,180
7591,180
7592,180
7593,180
7594,180
7595,180
7596,180
7597,180
7598,180
7599,180
7600,180
7601,180
7602,180
7603,180
7604,180
7605,180
7606,180
7607,180
7608,180
7609,180
7610,180
7611,180
7612,180
7613,180
7614,180
7615,180
7616,180
7617,180
7618,180
7619,180
7620,180
7621,180
7622,180
7623,180
7624,180
7625,180
7626,180
7627,180
7628,180
7629,180
7630,180
7631,180
7632,180
7633,180
7634,180
7635,180
7636,180
7637,180
7638,180
7639,180
7640,180
7641,180
7642,180
7643,180
7644,180
7645,180
7646,180
7647,180
7648,180
7649,180
7650,180
7651,180
7652,180
7653,180
7654,180
7655,180
7656,180
7657,180
7658,180
7659,180
7660,180
7661,180
7662,180
7663,180
7664,180
7665,180
7666,180
7667,180
7668,180
7669,180
7670,180
7671,180
7672,180
7673,180
7674,180
7675,179
7676,179
7677,179
7678,179
7679,179
7680,179
7681,179
7682,179
7683,179
7684,179
7685,179
7686,179
7687,179
7688,179
7689,179
7690,179
7691,179
7692,179
7693,179
7694,179
7695,179
7696,179
7697,179
7698,179
7699,179
7700,179
7701,179
7702,179
7703,179
7704,179
7705,179
7706,179
7707,179
7708,179
7709,179
7710,179
7711,179
7712,179
7713,179
7714,179
7715,179
7716,179
7717,179
7718,179
7719,179
7720,179
7721,179
7722,179
7723,179
7724,179
7725,179
7726,179
7727,179
7728,179
7729,179
7730,179
7731,179
7732,179
7733,179
7734,179
7735,179
7736,179
7737,179
7738,179
7739,179
7740,179
7741,179
7742,179
7743,179
7744,179
7745,179
7746,179
7747,179
7748,179
7749,179
7750,179
7751,179
7752,179
7753,179
7754,179
7755,179
7756,179
7757,179
7758,179
7759,179
7760,179
7761,179
7762,179
7763,179
7764,179
7765,179
7766,179
7767,179
7768,179
7769,179
7770,179
7771,179
7772,179
7773,179
7774,179
7775,179
7776,179
7777,179
7778,179
7779,179
7780,179
7781,179
7782,179
7783,179
7784,179
7785,179
7786,179
7787,179
7788,179
7789,179
7790,179
7791,179
7792,179
7793,179
7794,179
7795,179
7796,178
7797,178
7798,178
7799,178
7800,178
7801,178
7802,178
7803,178
7804,178
7805,178
7806,178
7807,178
7808,178
7809,178
7810,178
7811,178
7812,178
7813,178
7814,178
7815,178
7816,178
7817,178
7818,178
7819,178
7820,178
7821,178
7822,178
7823,178
7824,178
7825,178
7826,178
7827,178
7828,178
7829,178
7830,178
7831,178
7832,178
7833,178
7834,178
7835,178
7836,178
7837,178
7838,178
7839,178
7840,178
7841,178
7842,178
7843,178
7844,178
7845,178
7846,178
7847,178
7848,178
7849,178
7850,178
7851,178
7852,178
7853,178
7854,178
7855,178
7856,178
7857,178
7858,178
7859,178
7860,178
7861,178
7862,178
7863,178
7864,178
7865,178
7866,178
7867,178
7868,178
7869,178
7870,178
7871,178
7872,178
7873,178
7874,178
7875,178
7876,178
7877,178
7878,178
7879,178
7880,178
7881,178
7882,178
7883,178
7884,178
7885,178
7886,178
7887,178
7888,178
7889,178
7890,178
7891,178
7892,178
7893,178
7894,178
7895,178
7896,178
7897,178
7898,178
7899,178
7900,178
7901,178
7902,178
7903,178
7904,178
7905,178
7906,178
7907,178
7908,178
7909,178
7910,178
7911,178
7912,178
7913,178
7914,178
7915,178
7916,178
7917,178
7918,178
7919,178
7920,178
7921,178
7922,178
7923,178
7924,178
7925,178
7926,178
7927,178
7928,178
7929,178
7930,178
7931,178
7932,178
7933,178
7934,178
7935,178
7936,178
7937,178
7938,178
7939,178
7940,178
7941,178
7942,178
7943,178
7944,178
7945,178
7946,178
7947,178
7948,178
7949,178
7950,178
7951,178
7952,178
7953,178
7954,178
7955,178
7956,178
7957,178
7958,178
7959,178
7960,178
7961,178
7962,178
7963,178
7964,178
7965,178
7966,178
7967,178
7968,178
7969,178
7970,178
7971,178
7972,178
7973,178
7974,178
7975,178
7976,178
7977,178
7978,178
7979,178
7980,178
7981,178
7982,178
7983,178
7984,178
7985,178
7986,178
7987,178
7988,178
7989,178
7990,178
7991,178
7992,178
7993,178
7994,178
7995,178
7996,178
7997,178
7998,178
7999,178
8000,178
8001,178
8002,178
8003,178
8004,178
8005,178
8006,178
8007,178
8008,178
8009,178
8010,178
8011,178
8012,178
8013,178
8014,178
8015,178
8016,178
8017,178
8018,178
8019,178
8020,178
8021,178
8022,178
8023,178
8024,178
8025,178
8026,178
8027,178
8028,178
8029,178
8030,178
8031,178
8032,178
8033,178
8034,178
8035,178
8036,178
8037,178
8038,178
8039,178
8040,178
8041,178
8042,178
8043,178
8044,178
8045,178
8046,178
8047,178
8048,178
8049,178
8050,178
8051,178
8052,178
8053,178
8054,178
8055,178
8056,178
8057,178
8058,178
8059,178
8060,178
8061,178
8062,178
8063,178
8064,178
8065,178
8066,178
8067,178
8068,178
8069,178
8070,178
8071,178
8072,178
8073,178
8074,178
8075,178
8076,178
8077,178
8078,178
8079,178
8080,178
8081,178
8082,178
8083,178
8084,178
8085,178
8086,178
8087,178
8088,178
8089,178
8090,178
8091,178
8092,178
8093,178
8094,178
8095,178
8096,178
8097,178
8098,178
8099,178
8100,178
8101,178
8102,178
8103,178
8104,178
8105,178
8106,178
8107,178
8108,178
8109,178
8110,178
8111,178
8112,178
8113,178
8114,178
8115,178
8116,178
8117,178
8118,178
8119,178
8120,178
8121,178
8122,178
8123,178
8124,178
8125,178
8126,178
8127,178
8128,178
8129,178
8130,178
8131,178
8132,178
8133,178
8134,178
8135,178
8136,178
8137,178
8138,178
8139,178
8140,178
8141,178
8142,178
8143,178
8144,178
8145,178
8146,178
8147,178
8148,178
8149,178
8150,178
8151,178
8152,178
8153,178
8154,178
8155,178
8156,178
8157,178
8158,178
8159,178
8160,178
8161,178
8162,178
8163,178
8164,178
8165,178
8166,178
8167,178
8168,178
8169,178
8170,178
8171,178
8172,178
8173,178
8174,178
8175,178
8176,178
8177,178
8178,178
8179,178
8180,178
8181,178
8182,178
8183,178
8184,178
8185,178
8186,178
8187,178
8188,178
8189,178
8190,178
8191,178
8192,178
8193,178
8194,178
8195,178
8196,178
8197,178
8198,178
8199,178
8200,178
8201,178
8202,178
8203,178
8204,178
8205,178
8206,178
8207,178
8208,178
8209,178
8210,178
8211,178
8212,178
8213,178
8214,178
8215,178
8216,178
8217,178
8218,178
8219,178
8220,178
8221,178
8222,178
8223,178
8224,178
8225,178
8226,178
8227,178
8228,178
8229,178
8230,178
8231,178
8232,178
8233,178
8234,178
8235,178
8236,178
8237,178
8238,178
8239,178
8240,178
8241,178
8242,178
8243,178
8244,178
8245,178
8246,178
8247,178
8248,178
8249,178
8250,178
8251,178
8252,178
8253,178
8254,178
8255,178
8256,178
8257,178
8258,178
8259,178
8260,178
8261,178
8262,178
8263,178
8264,178
8265,178
8266,178
8267,178
8268,178
8269,178
8270,178
8271,178
8272,178
8273,178
8274,178
8275,178
8276,178
8277,178
8278,178
8279,178
8280,178
8281,178
8282,178
8283,178
8284,178
8285,178
8286,178
8287,178
8288,178
8289,178
8290,178
8291,178
8292,178
8293,178
8294,178
8295,178
8296,178
8297,178
8298,178
8299,178
8300,178
8301,178
8302,178
8303,178
8304,178
8305,178
8306,178
8307,178
8308,178
8309,178
8310,178
8311,178
8312,178
8313,178
8314,178
8315,178
8316,178
8317,178
8318,178
8319,178
8320,178
8321,178
8322,178
8323,178
8324,178
8325,178
8326,178
8327,178
8328,178
8329,178
8330,178
8331,178
8332,178
8333,178
8334,178
8335,178
8336,178
8337,178
8338,178
8339,178
8340,178
8341,178
8342,178
8343,178
8344,178
8345,178
8346,178
8347,178
8348,178
8349,178
8350,178
8351,178
8352,178
8353,178
8354,178
8355,178
8356,178
8357,178
8358,178
8359,178
8360,178
8361,178
8362,178
8363,178
8364,178
8365,178
8366,178
8367,178
8368,178
8369,178
8370,178
8371,178
8372,178
8373,178
8374,178
8375,178
8376,178
8377,178
8378,178
8379,178
8380,178
8381,178
8382,178
8383,178
8384,178
8385,178
8386,178
8387,178
8388,178
8389,178
8390,178
8391,178
8392,178
8393,178
8394,178
8395,178
8396,178
8397,178
8398,178
8399,178
8400,178
8401,178
8402,178
8403,178
8404,178
8405,178
8406,178
8407,178
8408,178
8409,178
8410,178
8411,178
8412,178
8413,178
8414,178
8415,178
8416,178
8417,178
8418,178
8419,178
8420,178
8421,178
8422,178
8423,178
8424,178
8425,178
8426,178
8427,178
8428,178
8429,178
8430,178
8431,178
8432,178
8433,178
8434,178
8435,178
8436,178
8437,178
8438,178
8439,178
8440,178
8441,178
8442,178
8443,178
8444,178
8445,178
8446,178
8447,178
8448,178
8449,178
8450,178
8451,178
8452,178
8453,178
8454,178
8455,178
8456,178
8457,178
8458,178
8459,178
8460,178
8461,178
8462,178
8463,178
8464,178
8465,178
8466,178
8467,178
8468,178
8469,178
8470,178
8471,178
8472,178
8473,178
8474,178
8475,178
8476,178
8477,178
8478,178
8479,178
8480,178
8481,178
8482,178
8483,178
8484,178
8485,178
8486,178
8487,178
8488,178
8489,178
8490,178
8491,178
8492,178
8493,178
8494,178
8495,178
8496,178
8497,178
8498,178
8499,178
8500,178
8501,178
8502,178
8503,178
8504,178
8505,178
8506,178
8507,178
8508,178
8509,178
8510,178
8511,178
8512,178
8513,178
8514,178
8515,178
8516,178
8517,178
8518,178
8519,178
8520,178
8521,178
8522,178
8523,178
8524,178
8525,178
8526,178
8527,178
8528,178
8529,178
8530,178
8531,178
8532,178
8533,178
8534,178
8535,178
8536,178
8537,178
8538,178
8539,178
8540,178
8541,178
8542,178
8543,178
8544,178
8545,178
8546,178
8547,178
8548,178
8549,178
8550,178
8551,178
8552,178
8553,178
8554,178
8555,178
8556,178
8557,178
8558,178
8559,178
8560,178
8561,178
8562,178
8563,178
8564,178
8565,178
8566,178
8567,178
8568,178
8569,178
8570,178
8571,178
8572,178
8573,178
8574,178
8575,178
8576,178
8577,178
8578,178
8579,178
8580,178
8581,178
8582,178
8583,178
8584,178
8585,178
8586,178
8587,178
8588,178
8589,178
8590,178
8591,178
8592,178
8593,178
8594,178
8595,178
8596,178
8597,178
8598,178
8599,178
8600,178
8601,178
8602,178
8603,178
8604,178
8605,178
8606,178
8607,178
8608,178
8609,178
8610,178
8611,178
8612,178
8613,178
8614,178
8615,178
8616,178
8617,178
8618,178
8619,178
8620,178
8621,178
8622,178
8623,178
8624,178
8625,178
8626,178
8627,178
8628,178
8629,178
8630,178
8631,178
8632,178
8633,178
8634,178
8635,178
8636,178
8637,178
8638,178
8639,178
8640,178
8641,178
8642,178
8643,178
8644,178
8645,178
8646,178
8647,178
8648,178
8649,178
8650,178
8651,178
8652,178
8653,178
8654,178
8655,178
8656,178
8657,178
8658,178
8659,178
8660,178
8661,178
8662,178
8663,178
8664,178
8665,178
8666,178
8667,178
8668,178
8669,178
8670,178
8671,178
8672,178
8673,178
8674,178
8675,178
8676,178
8677,178
8678,178
8679,178
8680,178
8681,178
8682,178
8683,178
8684,178
8685,178
8686,178
8687,178
8688,178
8689,178
8690,178
8691,178
8692,178
8693,178
8694,178
8695,178
8696,178
8697,178
8698,178
8699,178
8700,178
8701,178
8702,178
8703,178
8704,178
8705,178
8706,178
8707,178
8708,178
8709,178
8710,178
8711,178
8712,178
8713,178
8714,178
8715,178
8716,178
8717,178
8718,178
8719,178
8720,178
8721,178
8722,178
8723,178
8724,178
8725,178
8726,178
8727,178
8728,178
8729,178
8730,178
8731,178
8732,178
8733,178
8734,178
8735,178
8736,178
8737,178
8738,178
8739,178
8740,178
8741,178
8742,178
8743,178
8744,178
8745,178
8746,178
8747,178
8748,178
8749,178
8750,178
8751,178
8752,178
8753,178
8754,178
8755,178
8756,178
8757,178
8758,178
8759,178
8760,178
8761,178
8762,178
8763,178
8764,178
8765,178
8766,178
8767,178
8768,178
8769,178
8770,178
8771,178
8772,178
8773,178
8774,178
8775,178
8776,178
8777,178
8778,178
8779,178
8780,178
8781,178
8782,178
8783,178
8784,178
8785,178
8786,178
8787,178
8788,178
8789,178
8790,178
8791,178
8792,178
8793,178
8794,178
8795,178
8796,178
8797,178
8798,178
8799,178
8800,178
8801,178
8802,178
8803,178
8804,178
8805,178
8806,178
8807,178
8808,178
8809,178
8810,178
8811,178
8812,178
8813,178
8814,178
8815,178
8816,178
8817,178
8818,178
8819,178
8820,178
8821,178
8822,178
8823,178
8824,178
8825,178
8826,178
8827,178
8828,178
8829,178
8830,178
8831,178
8832,178
8833,178
8834,178
8835,178
8836,178
8837,178
8838,178
8839,178
8840,178
8841,178
8842,178
8843,178
8844,178
8845,178
8846,178
8847,178
8848,178
8849,178
8850,178
8851,178
8852,178
8853,178
8854,178
8855,178
8856,178
8857,178
8858,178
8859,178
8860,178
8861,178
8862,178
8863,178
8864,178
8865,178
8866,178
8867,178
8868,178
8869,178
8870,178
8871,178
8872,178
8873,178
8874,178
8875,178
8876,178
8877,178
8878,178
8879,178
8880,178
8881,178
8882,178
8883,178
8884,178
8885,178
8886,178
8887,178
8888,178
8889,178
8890,178
8891,178
8892,178
8893,178
8894,178
8895,178
8896,178
8897,178
8898,178
8899,178
8900,178
8901,178
8902,178
8903,178
8904,178
8905,178
8906,178
8907,178
8908,178
8909,178
8910,178
8911,178
8912,178
8913,178
8914,178
8915,178
8916,178
8917,178
8918,178
8919,178
8920,178
8921,178
8922,178
8923,178
8924,178
8925,178
8926,178
8927,178
8928,178
8929,178
8930,178
8931,178
8932,178
8933,178
8934,178
8935,178
8936,178
8937,178
8938,178
8939,178
8940,178
8941,178
8942,178
8943,178
8944,178
8945,178
8946,178
8947,178
8948,178
8949,178
8950,178
8951,178
8952,178
8953,178
8954,178
8955,178
8956,178
8957,178
8958,178
8959,178
8960,178
8961,178
8962,178
8963,178
8964,178
8965,178
8966,178
8967,178
8968,178
8969,178
8970,178
8971,178
8972,178
8973,178
8974,178
8975,178
8976,178
8977,178
8978,178
8979,178
8980,178
8981,178
8982,178
8983,178
8984,178
8985,178
8986,178
8987,178
8988,178
8989,178
8990,178
8991,178
8992,178
8993,178
8994,178
8995,178
8996,178
8997,178
8998,178
8999,178
9000,178
9001,178
9002,178
9003,178
9004,178
9005,178
9006,178
9007,178
9008,178
9009,178
9010,178
9011,178
9012,178
9013,178
9014,178
9015,178
9016,178
9017,178
9018,177
9019,177
9020,177
9021,177
9022,177
9023,177
9024,177
9025,177
9026,177
9027,177
9028,177
9029,177
9030,177
9031,177
9032,177
9033,177
9034,177
9035,177
9036,177
9037,177
9038,177
9039,177
9040,177
9041,177
9042,177
9043,177
9044,177
9045,177
9046,177
9047,177
9048,177
9049,177
9050,177
9051,177
9052,177
9053,177
9054,177
9055,177
9056,177
9057,177
9058,177
9059,177
9060,177
9061,177
9062,177
9063,177
9064,177
9065,177
9066,177
9067,177
9068,177
9069,177
9070,177
9071,177
9072,177
9073,177
9074,177
9075,177
9076,177
9077,177
9078,177
9079,177
9080,177
9081,177
9082,177
9083,177
9084,177
9085,177
9086,177
9087,177
9088,177
9089,177
9090,177
9091,177
9092,177
9093,177
9094,177
9095,177
9096,177
9097,177
9098,177
9099,177
9100,177
9101,177
9102,177
9103,177
9104,177
9105,177
9106,177
9107,177
9108,177
9109,177
9110,177
9111,177
9112,177
9113,177
9114,177
9115,177
9116,177
9117,177
9118,177
9119,177
9120,177
9121,177
9122,177
9123,177
9124,177
9125,177
9126,177
9127,177
9128,177
9129,177
9130,177
9131,177
9132,177
9133,177
9134,177
9135,177
9136,177
9137,177
9138,177
9139,177
9140,177
9141,177
9142,177
9143,177
9144,177
9145,177
9146,177
9147,177
9148,177
9149,177
9150,177
9151,177
9152,177
9153,177
9154,177
9155,177
9156,177
9157,177
9158,177
9159,177
9160,177
9161,177
9162,177
9163,177
9164,177
9165,177
9166,177
9167,177
9168,177
9169,177
9170,177
9171,177
9172,177
9173,177
9174,177
9175,177
9176,177
9177,177
9178,177
9179,177
9180,177
9181,177
9182,177
9183,177
9184,177
9185,177
9186,177
9187,177
9188,177
9189,177
9190,177
9191,177
9192,177
9193,177
9194,177
9195,177
9196,177
9197,177
9198,177
9199,177
9200,177
9201,177
9202,177
9203,177
9204,177
9205,177
9206,177
9207,177
9208,177
9209,177
9210,177
9211,177
9212,177
9213,177
9214,177
9215,177
9216,177
9217,177
9218,176
9219,176
9220,176
9221,176
9222,176
9223,176
9224,176
9225,176
9226,176
9227,176
9228,176
9229,176
9230,176
9231,176
9232,176
9233,176
9234,176
9235,176
9236,176
9237,176
9238,176
9239,176
9240,176
9241,176
9242,176
9243,176
9244,176
9245,176
9246,176
9247,176
9248,176
9249,176
9250,176
9251,176
9252,176
9253,176
9254,176
9255,176
9256,176
9257,176
9258,176
9259,176
9260,176
9261,176
9262,176
9263,176
9264,176
9265,176
9266,176
9267,176
9268,176
9269,176
9270,176
9271,176
9272,176
9273,176
9274,176
9275,176
9276,176
9277,176
9278,176
9279,176
9280,176
9281,176
9282,175
9283,175
9284,175
9285,175
9286,175
9287,175
9288,175
9289,175
9290,175
9291,175
9292,175
9293,175
9294,175
9295,175
9296,175
9297,175
9298,175
9299,175
9300,175
9301,175
9302,175
9303,175
9304,175
9305,175
9306,175
9307,175
9308,175
9309,175
9310,175
9311,175
9312,175
9313,175
9314,175
9315,175
9316,175
9317,175
9318,175
9319,175
9320,175
9321,175
9322,175
9323,175
9324,175
9325,175
9326,175
9327,175
9328,175
9329,175
9330,175
9331,175
9332,175
9333,175
9334,175
9335,175
9336,175
9337,175
9338,175
9339,175
9340,175
9341,175
9342,175
9343,175
9344,175
9345,175
9346,175
9347,175
9348,175
9349,175
9350,175
9351,175
9352,175
9353,175
9354,175
9355,175
9356,175
9357,175
9358,175
9359,175
9360,175
9361,175
9362,175
9363,175
9364,175
9365,175
9366,175
9367,175
9368,175
9369,175
9370,175
9371,175
9372,175
9373,175
9374,175
9375,175
9376,175
9377,175
9378,175
9379,175
9380,175
9381,175
9382,175
9383,175
9384,175
9385,175
9386,175
9387,175
9388,175
9389,175
9390,175
9391,175
9392,175
9393,175
9394,175
9395,175
9396,175
9397,175
9398,175
9399,175
9400,175
9401,175
9402,175
9403,175
9404,175
9405,175
9406,175
9407,175
9408,175
9409,175
9410,175
9411,175
9412,175
9413,175
9414,175
9415,175
9416,175
9417,175
9418,175
9419,175
9420,175
9421,175
9422,175
9423,175
9424,175
9425,175
9426,175
9427,175
9428,175
9429,175
9430,175
9431,175
9432,175
9433,175
9434,175
9435,175
9436,175
9437,175
9438,175
9439,175
9440,175
9441,175
9442,175
9443,175
9444,175
9445,175
9446,175
9447,175
9448,175
9449,175
9450,175
9451,175
9452,175
9453,175
9454,175
9455,175
9456,175
9457,175
9458,175
9459,175
9460,175
9461,175
9462,175
9463,175
9464,175
9465,175
9466,175
9467,175
9468,175
9469,175
9470,175
9471,175
9472,175
9473,175
9474,175
9475,175
9476,175
9477,175
9478,175
9479,175
9480,175
9481,175
9482,175
9483,175
9484,175
9485,175
9486,175
9487,175
9488,175
9489,175
9490,175
9491,175
9492,175
9493,175
9494,175
9495,175
9496,175
9497,175
9498,175
9499,175
9500,175
9501,175
9502,175
9503,175
9504,175
9505,175
9506,175
9507,175
9508,175
9509,175
9510,175
9511,175
9512,175
9513,175
9514,175
9515,175
9516,175
9517,175
9518,175
9519,175
9520,175
9521,175
9522,175
9523,175
9524,175
9525,175
9526,175
9527,175
9528,175
9529,175
9530,175
9531,175
9532,175
9533,175
9534,175
9535,175
9536,175
9537,175
9538,175
9539,175
9540,175
9541,175
9542,175
9543,175
9544,175
9545,175
9546,175
9547,175
9548,175
9549,175
9550,175
9551,175
9552,175
9553,175
9554,175
9555,175
9556,175
9557,175
9558,175
9559,175
9560,175
9561,175
9562,175
9563,175
9564,175
9565,175
9566,175
9567,175
9568,175
9569,175
9570,175
9571,175
9572,175
9573,175
9574,175
9575,175
9576,175
9577,175
9578,175
9579,175
9580,175
9581,175
9582,175
9583,175
9584,175
9585,175
9586,175
9587,175
9588,175
9589,175
9590,175
9591,175
9592,175
9593,175
9594,175
9595,175
9596,175
9597,175
9598,175
9599,175
9600,175
9601,175
9602,175
9603,175
9604,175
9605,175
9606,175
9607,175
9608,175
9609,175
9610,175
9611,175
9612,175
9613,175
9614,175
9615,175
9616,175
9617,175
9618,175
9619,175
9620,175
9621,175
9622,175
9623,175
9624,175
9625,175
9626,175
9627,175
9628,175
9629,175
9630,175
9631,175
9632,175
9633,175
9634,175
9635,175
9636,175
9637,175
9638,175
9639,175
9640,175
9641,175
9642,175
9643,175
9644,175
9645,175
9646,175
9647,175
9648,175
9649,175
9650,175
9651,175
9652,175
9653,175
9654,175
9655,175
9656,175
9657,175
9658,175
9659,175
9660,175
9661,175
9662,175
9663,175
9664,175
9665,175
9666,175
9667,175
9668,175
9669,175
9670,175
9671,175
9672,175
9673,175
9674,175
9675,175
9676,175
9677,175
9678,175
9679,175
9680,175
9681,175
9682,175
9683,175
9684,175
9685,175
9686,175
9687,175
9688,175
9689,175
9690,175
9691,175
9692,175
9693,175
9694,175
9695,175
9696,175
9697,175
9698,175
9699,175
9700,175
9701,175
9702,175
9703,175
9704,175
9705,175
9706,175
9707,175
9708,175
9709,175
9710,175
9711,175
9712,175
9713,175
9714,175
9715,175
9716,175
9717,175
9718,175
9719,175
9720,175
9721,175
9722,175
9723,175
9724,175
9725,175
9726,175
9727,175
9728,175
9729,175
9730,175
9731,175
9732,175
9733,175
9734,175
9735,175
9736,175
9737,175
9738,175
9739,175
9740,175
9741,175
9742,175
9743,175
9744,175
9745,175
9746,175
9747,175
9748,175
9749,175
9750,175
9751,175
9752,175
9753,175
9754,175
9755,175
9756,175
9757,175
9758,175
9759,175
9760,175
9761,175
9762,175
9763,175
9764,175
9765,175
9766,175
9767,175
9768,175
9769,175
9770,175
9771,175
9772,175
9773,175
9774,175
9775,175
9776,175
9777,175
9778,175
9779,175
9780,175
9781,175
9782,175
9783,175
9784,175
9785,175
9786,175
9787,175
9788,175
9789,175
9790,175
9791,175
9792,175
9793,175
9794,175
9795,175
9796,175
9797,175
9798,175
9799,175
9800,175
9801,175
9802,175
9803,175
9804,175
9805,175
9806,175
9807,175
9808,175
9809,175
9810,175
9811,175
9812,175
9813,175
9814,175
9815,175
9816,175
9817,175
9818,175
9819,175
9820,175
9821,175
9822,175
9823,175
9824,175
9825,175
9826,175
9827,175
9828,175
9829,175
9830,175
9831,175
9832,175
9833,175
9834,175
9835,175
9836,175
9837,175
9838,175
9839,175
9840,175
9841,175
9842,175
9843,175
9844,175
9845,175
9846,175
9847,175
9848,175
9849,175
9850,175
9851,175
9852,175
9853,175
9854,175
9855,175
9856,175
9857,175
9858,175
9859,175
9860,175
9861,175
9862,175
9863,175
9864,175
9865,175
9866,175
9867,175
9868,175
9869,175
9870,175
9871,175
9872,175
9873,175
9874,175
9875,175
9876,175
9877,175
9878,175
9879,175
9880,175
9881,175
9882,175
9883,175
9884,175
9885,175
9886,175
9887,175
9888,175
9889,175
9890,175
9891,175
9892,175
9893,175
9894,175
9895,175
9896,175
9897,175
9898,175
9899,175
9900,175
9901,175
9902,175
9903,175
9904,175
9905,175
9906,175
9907,175
9908,175
9909,175
9910,175
9911,175
9912,175
9913,175
9914,175
9915,175
9916,175
9917,175
9918,175
9919,175
9920,175
9921,175
9922,175
9923,175
9924,175
9925,175
9926,175
9927,175
9928,175
9929,175
9930,175
9931,175
9932,175
9933,175
9934,175
9935,175
9936,175
9937,175
9938,175
9939,175
9940,175
9941,175
9942,175
9943,175
9944,175
9945,175
9946,175
9947,175
9948,175
9949,175
9950,175
9951,175
9952,175
9953,175
9954,175
9955,175
9956,175
9957,175
9958,175
9959,175
9960,175
9961,175
9962,175
9963,175
9964,175
9965,175
9966,175
9967,175
9968,175
9969,175
9970,175
9971,175
9972,175
9973,175
9974,175
9975,175
9976,175
9977,175
9978,175
9979,175
9980,175
9981,175
9982,175
9983,175
9984,175
9985,175
9986,175
9987,175
9988,175
9989,175
9990,175
9991,175
9992,175
9993,175
9994,175
9995,175
9996,175
9997,175
9998,175
9999,175
